Tue Dec 16 06:27:58 2014
***Comparison of 'width_t' data***
*Chaston file: /SPENCEdata2/Research/Cusp/database/current_db/dflux_2057_0
*Dart file: /SPENCEdata2/software/sdt/batch_jobs/Alfven_study/as5_14F/batch_output/for_Chaston_AGU_mtg/Dartmouth_as5_dflux_2057_0
(Two data points on same line ==> identical time of occurrence of max FAC corresponding to data)
Current threshold: 10 microA/m^2

      Chaston orig             Dartmouth                   Chast ind     Dart ind
0                              0.750000                                  0   
1                              0.875000                                  1   
2                              2.62500                                   2   
3                              2.50000                                   3   
4                              0.218750                                  4   
5                              0.132812                                  5   
6    *0.265625               , 0.203125               ,    0             6   
7     0.226562                                             1   
8                              0.289062                                  7   
9                              0.164062                                  8   
10                             0.242188                                  9   
11   *0.289062               , 0.265625               ,    2             10  
12    0.539062                                             3   
13                             0.437500                                  11  
14    0.539062                                             4   
15                             0.609375                                  12  
16    0.632812                                             5   
17   !0.593750               , 0.609375               ,    6             13  
18   *0.273438               , 0.242188               ,    7             14  
19   !0.289062               , 0.265625               ,    8             15  
20    0.312500                                             9   
21    0.679688                                             10  
22    0.335938                                             11  
23   !0.484375               , 0.382812               ,    12            16  
24                             0.453125                                  17  
25    0.460938                                             13  
26                             0.609375                                  18  
27    0.500000                                             14  
28   *0.414062               , 0.414062               ,    15            19  
29   !0.320312               , 0.320312               ,    16            20  
30                             0.390625                                  21  
31                             0.484375                                  22  
32    0.789062                                             17  
33                             0.421875                                  23  
34    0.476562                                             18  
35                             0.445312                                  24  
36    0.492188                                             19  
37   *0.875000               , 0.859375               ,    20            25  
38   *0.703125               , 0.710938               ,    21            26  
39    0.343750                                             22  
40                             0.531250                                  27  
41   !0.343750               , 0.359375               ,    23            28  
42                             1.34375                                   29  
43   !0.375000               , 0.367188               ,    24            30  
44    0.429688                                             25  
45                             0.398438                                  31  
46   *0.804688               , 0.320312               ,    26            32  
47                             0.289062                                  33  
48   *0.320312               , 0.320312               ,    27            34  
49                             0.375000                                  35  
50    0.234375                                             28  
51                             0.398438                                  36  
52                             0.906250                                  37  
53    0.507812                                             29  
54    0.656250                                             30  
55                             0.773438                                  38  
56   *0.554688               , 0.984375               ,    31            39  
57    0.625000                                             32  
58    0.125000                                             33  
59   *0.710938               , 0.523438               ,    34            40  
60   *0.492188               , 0.492188               ,    35            41  
61    0.359375                                             36  
62                             0.367188                                  42  
63                             0.515625                                  43  
64    0.656250                                             37  
65                             0.867188                                  44  
66    0.625000                                             38  
67                             0.531250                                  45  
68    0.476562                                             39  
69    1.00781                                              40  
70    1.14844                                              41  
71                             1.12500                                   46  
72   *0.382812               , 0.382812               ,    42            47  
73   !0.500000               , 0.507812               ,    43            48  
74   *0.125000               , 0.148438               ,    44            49  
75   !0.312500               , 0.289062               ,    45            50  
76   !0.531250               , 0.531250               ,    46            51  
77   *0.320312               , 0.320312               ,    47            52  
78                             0.453125                                  53  
79    0.531250                                             48  
80   !1.60156                , 1.60938                ,    49            54  
81   *0.460938               , 0.523438               ,    50            55  
82   *0.578125               , 0.335938               ,    51            56  
83    0.937500                                             52  
84                             1.08594                                   57  
85    0.250000                                             53  
86                             0.265625                                  58  
87    0.507812                                             54  
88                             0.742188                                  59  
89   !0.148438               , 0.156250               ,    55            60  
90   *0.593750               , 0.562500               ,    56            61  
91    0.398438                                             57  
92                             0.429688                                  62  
93   *0.515625               , 0.500000               ,    58            63  
94                             0.101562                                  64  
95    0.710938                                             59  
96    0.437500                                             60  
97    0.421875                                             61  
98   !0.625000               , 0.656250               ,    62            65  
99   !0.468750               , 0.945312               ,    63            66  
100   0.390625                                             64  
101                            0.421875                                  67  
102                            0.351562                                  68  
103  !0.312500               , 0.343750               ,    65            69  
104                            0.429688                                  70  
105                            0.617188                                  71  
106  *1.10938                , 1.58594                ,    66            72  
107  !0.945312               , 0.976562               ,    67            73  
108  *0.523438               , 0.953125               ,    68            74  
109                                  1.81250                             75  

Current threshold: 10 microA/m^2

Chaston events above cur_thresh              = 2
Line numbers of qualifying Chaston events    : 70    95    
Time of Chaston events                       : 1997-02-27/15:59:50.490  1997-02-27/16:00:04.045  

Dartmouth events above cur_thresh            = 1
Line numbers of qualifying Dartmouth events  : 71    
Time of Dartmouth events                     : 1997-02-27/15:59:51.162  

Matching events above cur thresh             = 0

Chaston events   : 69
Dartmouth events : 76
Total matches    : 35
