Tue Dec 16 07:11:02 2014
***Comparison of 'width_t' data***
*Chaston file: /SPENCEdata2/Research/Cusp/database/current_db/dflux_9000_0
*Dart file: /SPENCEdata2/software/sdt/batch_jobs/Alfven_study/as5_14F/batch_output/for_Chaston_AGU_mtg/Dartmouth_as5_startstop_dflux_9000_0
(Two data points on same line ==> identical time of occurrence of max FAC corresponding to data)

      Chaston orig             Dartmouth                   Chast ind     Dart ind
0     1.85156                                              0   
1                              1.88281                                   0   
2     0.703125                                             1   
3                              0.445312                                  1   
4    !0.554688               , 0.382812               ,    2             2   
5    !1.06250                , 1.10156                ,    3             3   
6     0.765625                                             4   
7    !0.500000               , 0.359375               ,    5             4   
8     0.367188                                             6   
9                              0.367188                                  5   
10                             0.140625                                  6   
11    0.335938                                             7   
12                             0.187500                                  7   
13    0.156250                                             8   
14                             0.156250                                  8   
15                             0.156250                                  9   
16   !0.148438               , 0.148438               ,    9             10  
17    0.320312                                             10  
18                             0.320312                                  11  
19    0.187500                                             11  
20                             0.0937500                                 12  
21    0.257812                                             12  
22                             0.234375                                  13  
23   !0.109375               , 0.125000               ,    13            14  
24   !0.187500               , 0.187500               ,    14            15  
25    0.125000                                             15  
26                             0.453125                                  16  
27    0.343750                                             16  
28                             0.242188                                  17  
29    0.382812                                             17  
30   !0.367188               , 0.328125               ,    18            18  
31    0.109375                                             19  
32   !0.101562               , 0.0937500              ,    20            19  
33    0.117188                                             21  
34                             0.101562                                  20  
35    0.195312                                             22  
36                             0.421875                                  21  
37    0.203125                                             23  
38    0.273438                                             24  
39                             0.273438                                  22  
40   !0.203125               , 0.203125               ,    25            23  
41   !0.226562               , 0.210938               ,    26            24  
42   !0.140625               , 0.296875               ,    27            25  
43    0.304688                                             28  
44                             0.312500                                  26  
45   !0.195312               , 0.210938               ,    29            27  
46   !0.187500               , 0.171875               ,    30            28  
47    0.132812                                             31  
48                             0.132812                                  29  
49   !0.218750               , 0.289062               ,    32            30  
50   !0.0937500              , 0.101562               ,    33            31  
51   !0.398438               , 0.140625               ,    34            32  
52                             0.210938                                  33  
53    0.195312                                             35  
54                             0.187500                                  34  
55    0.148438                                             36  
56                             0.140625                                  35  
57   !0.359375               , 0.398438               ,    37            36  
58    0.148438                                             38  
59    0.343750                                             39  
60   !0.171875               , 0.171875               ,    40            37  
61    0.109375                                             41  
62                             0.117188                                  38  
63   !0.109375               , 0.117188               ,    42            39  
64   !0.117188               , 0.140625               ,    43            40  
65    0.125000                                             44  
66                             0.164062                                  41  
67   !0.148438               , 0.148438               ,    45            42  
68   !0.132812               , 0.132812               ,    46            43  
69   !0.117188               , 0.125000               ,    47            44  
70   !0.234375               , 0.234375               ,    48            45  
71    0.296875                                             49  
72    0.335938                                             50  
73   !0.203125               , 0.210938               ,    51            46  
74    0.218750                                             52  
75                             0.226562                                  47  
76   !0.0781250              , 0.0781250              ,    53            48  
77   !0.453125               , 0.476562               ,    54            49  
78                             0.148438                                  50  
79    0.140625                                             55  
80                             0.140625                                  51  
81    0.148438                                             56  
82                             0.140625                                  52  
83    0.351562                                             57  
84                             0.304688                                  53  
85                             0.312500                                  54  
86                             0.320312                                  55  
87    0.265625                                             58  
88    0.460938                                             59  
89   !0.203125               , 0.179688               ,    60            56  
90                             0.593750                                  57  
91   !0.187500               , 0.179688               ,    61            58  
92   !0.0937500              , 0.101562               ,    62            59  
93    0.203125                                             63  
94                             0.179688                                  60  
95   !0.281250               , 0.437500               ,    64            61  
96   !0.382812               , 0.398438               ,    65            62  
97                             0.0625000                                 63  
98    0.117188                                             66  
99                             0.109375                                  64  
100  !0.328125               , 0.328125               ,    67            65  
101  !0.281250               , 0.265625               ,    68            66  
102                            0.179688                                  67  
103  !0.406250               , 0.375000               ,    69            68  
104  !0.195312               , 0.195312               ,    70            69  
105   0.179688                                             71  
106                            0.148438                                  70  
107  !0.226562               , 0.226562               ,    72            71  
108  !0.320312               , 0.312500               ,    73            72  

Chaston events   : 74
Dartmouth events : 73
Total matches    : 38
