Tue Dec 16 06:27:58 2014
***Comparison of 'width_t' data***
*Chaston file: /SPENCEdata2/Research/Cusp/database/current_db/dflux_10000_0
*Dart file: /SPENCEdata2/software/sdt/batch_jobs/Alfven_study/as5_14F/batch_output/for_Chaston_AGU_mtg/Dartmouth_as5_dflux_10000_0
(Two data points on same line ==> identical time of occurrence of max FAC corresponding to data)

      Chaston orig             Dartmouth                   Chast ind     Dart ind
0                              0.148438                                  0   
1                              0.273438                                  1   
2                              0.164062                                  2   
3                              0.156250                                  3   
4                              0.156250                                  4   
5                              0.179688                                  5   
6                              0.164062                                  6   
7                              0.359375                                  7   
8                              0.234375                                  8   
9                              0.117188                                  9   
10                             0.164062                                  10  
11                             0.257812                                  11  
12                             0.125000                                  12  
13                             0.375000                                  13  
14   *0.125000               , 0.117188               ,    0             14  
15    2.22656                                              1   
16    0.687500                                             2   
17                             0.539062                                  15  
18   *0.187500               , 0.195312               ,    3             16  
19   *0.156250               , 0.156250               ,    4             17  
20   *0.789062               , 0.796875               ,    5             18  
21   !0.179688               , 0.179688               ,    6             19  
22   !0.367188               , 0.210938               ,    7             20  
23   !0.554688               , 0.578125               ,    8             21  
24    0.304688                                             9   
25                             0.265625                                  22  
26                             0.140625                                  23  
27    0.359375                                             10  
28    0.132812                                             11  
29   *0.125000               , 0.132812               ,    12            24  
30    0.132812                                             13  
31    0.125000                                             14  
32    0.148438                                             15  
33    0.132812                                             16  
34    0.218750                                             17  
35    0.140625                                             18  
36                             0.351562                                  25  
37                             0.164062                                  26  
38   *0.156250               , 0.171875               ,    19            27  
39                             0.125000                                  28  
40   !0.187500               , 0.187500               ,    20            29  
41   !0.164062               , 0.156250               ,    21            30  
42   *0.140625               , 0.125000               ,    22            31  
43   !0.242188               , 0.226562               ,    23            32  
44   !0.187500               , 0.195312               ,    24            33  
45    0.179688                                             25  
46    0.406250                                             26  
47   *0.328125               , 0.398438               ,    27            34  
48   !0.632812               , 0.195312               ,    28            35  
49                             0.390625                                  36  
50                             0.164062                                  37  
51   *0.414062               , 0.445312               ,    29            38  
52    0.203125                                             30  
53                             0.132812                                  39  
54   *0.125000               , 0.117188               ,    31            40  
55   !0.171875               , 0.171875               ,    32            41  
56                             0.250000                                  42  
57   *0.351562               , 0.343750               ,    33            43  
58   *1.10938                , 0.929688               ,    34            44  
59    0.117188                                             35  
60   !0.203125               , 0.375000               ,    36            45  
61   *0.546875               , 0.531250               ,    37            46  
62                             0.125000                                  47  
63                             0.226562                                  48  
64                             0.117188                                  49  
65                             0.359375                                  50  
66                             0.343750                                  51  
67                             0.257812                                  52  
68                             0.609375                                  53  
69    1.01562                                              38  
70                             0.500000                                  54  
71    0.210938                                             39  
72   !0.507812               , 0.500000               ,    40            55  
73                             0.500000                                  56  
74   *0.164062               , 0.164062               ,    41            57  
75   *0.0937500              , 0.0937500              ,    42            58  
76                             0.132812                                  59  
77   *0.156250               , 0.164062               ,    43            60  
78   *0.242188               , 0.234375               ,    44            61  
79   *0.140625               , 0.148438               ,    45            62  
80                             0.593750                                  63  
81                             0.484375                                  64  
82    0.468750                                             46  
83                             0.125000                                  65  
84                             0.132812                                  66  
85    0.343750                                             47  
86                             0.117188                                  67  
87                             0.132812                                  68  
88   *0.148438               , 0.140625               ,    48            69  
89    0.187500                                             49  
90   !0.359375               , 0.203125               ,    50            70  
91    0.218750                                             51  
92                             0.187500                                  71  
93   *0.179688               , 0.164062               ,    52            72  
94   *0.171875               , 0.148438               ,    53            73  
95                             0.375000                                  74  
96    0.859375                                             54  
97                             0.421875                                  75  
98   *0.164062               , 0.148438               ,    55            76  
99   *0.132812               , 0.125000               ,    56            77  
100  *0.132812               , 0.117188               ,    57            78  
101  *0.117188               , 0.109375               ,    58            79  
102  *0.125000               , 0.125000               ,    59            80  
103  !0.125000               , 0.117188               ,    60            81  
104  *0.117188               , 0.125000               ,    61            82  
105                            0.117188                                  83  
106                            0.414062                                  84  
107                            0.515625                                  85  
108   0.492188                                             62  
109  !0.671875               , 0.679688               ,    63            86  
110  !0.468750               , 0.335938               ,    64            87  
111   0.453125                                             65  
112  !0.476562               , 0.929688               ,    66            88  
113  *0.281250               , 0.171875               ,    67            89  
114  !0.343750               , 0.359375               ,    68            90  
115   1.92188                                              69  
116                            1.81250                                   91  
117                            0.328125                                  92  
118  *0.164062               , 0.156250               ,    70            93  
119  !0.562500               , 0.570312               ,    71            94  
120  !0.226562               , 0.242188               ,    72            95  
121  *0.304688               , 0.289062               ,    73            96  
122  !0.382812               , 0.187500               ,    74            97  
123                            0.531250                                  98  
124                            0.335938                                  99  
125   0.273438                                             75  
126                            0.312500                                  100 
127   0.265625                                             76  
128   0.156250                                             77  
129                            0.531250                                  101 
130   0.593750                                             78  
131                            0.562500                                  102 
132   0.640625                                             79  
133                            0.585938                                  103 
134                            0.320312                                  104 
135   0.765625                                             80  
136   0.382812                                             81  
137   0.835938                                             82  
138                            0.742188                                  105 
139  *0.359375               , 0.359375               ,    83            106 
140  !0.257812               , 0.234375               ,    84            107 
141                            0.406250                                  108 
142   0.367188                                             85  
143                            0.585938                                  109 
144  !0.921875               , 0.273438               ,    86            110 
145   0.195312                                             87  
146  !0.601562               , 0.445312               ,    88            111 
147  !0.617188               , 0.781250               ,    89            112 
148  *0.695312               , 0.750000               ,    90            113 
149  !0.906250               , 0.906250               ,    91            114 
150   0.562500                                             92  
151  !0.226562               , 0.820312               ,    93            115 
152  !0.148438               , 0.156250               ,    94            116 
153  *0.476562               , 0.468750               ,    95            117 
154  !0.867188               , 0.859375               ,    96            118 
155                            0.750000                                  119 
156   0.953125                                             97  
157  !1.23438                , 1.06250                ,    98            120 
158  *1.63281                , 0.507812               ,    99            121 
159                            0.500000                                  122 
160  !0.531250               , 0.546875               ,    100           123 
161  !0.562500               , 0.328125               ,    101           124 
162   0.382812                                             102 
163                            0.429688                                  125 
164                            2.00781                                   126 
165   2.00781                                              103 
166  *0.500000               , 0.484375               ,    104           127 
167  !1.85938                , 2.41406                ,    105           128 
168                            1.01562                                   129 
169   0.335938                                             106 
170  *0.304688               , 0.710938               ,    107           130 
171                            0.328125                                  131 
172                            0.609375                                  132 
173   1.68750                                              108 
174   1.31250                                              109 
175   0.703125                                             110 
176                            0.421875                                  133 
177                            0.343750                                  134 
178   7.18750                                              111 
179   2.64844                                              112 
180                            0.453125                                  135 
181   3.79688                                              113 
182   1.75000                                              114 
183   2.34375                                              115 
184                            0.453125                                  136 
185   2.11719                                              116 
186   4.25000                                              117 
187   1.03906                                              118 
188                            0.625000                                  137 
189   0.554688                                             119 
190                            0.554688                                  138 
191   0.601562                                             120 
192  *0.593750               , 0.609375               ,    121           139 
193  !1.35938                , 1.21875                ,    122           140 
194                            0.601562                                  141 
195                            0.492188                                  142 
196                            0.578125                                  143 
197   0.570312                                             123 
198                            0.429688                                  144 
199   0.468750                                             124 
200                            0.445312                                  145 
201  *1.25781                , 1.23438                ,    125           146 
202   0.726562                                             126 
203                            0.617188                                  147 
204   0.453125                                             127 
205   1.20312                                              128 
206                            0.968750                                  148 
207   0.695312                                             129 
208                            0.742188                                  149 
209   6.03906                                              130 
210   0.523438                                             131 
211                            0.507812                                  150 
212   0.867188                                             132 
213  *0.601562               , 0.578125               ,    133           151 
214                                 0.570312                             152 
215                                 0.929688                             153 
216                                 0.750000                             154 
217                                  1.00000                             155 

Chaston events   : 134
Dartmouth events : 156
Total matches    : 72
