Tue Dec 16 06:27:57 2014
***Comparison of 'width_t' data***
*Chaston file: /SPENCEdata2/Research/Cusp/database/current_db/dflux_6535_0
*Dart file: /SPENCEdata2/software/sdt/batch_jobs/Alfven_study/as5_14F/batch_output/for_Chaston_AGU_mtg/Dartmouth_as5_dflux_6535_0
(Two data points on same line ==> identical time of occurrence of max FAC corresponding to data)

      Chaston orig             Dartmouth                   Chast ind     Dart ind
0                              0.945312                                  0   
1                              0.312500                                  1   
2                              0.437500                                  2   
3                              0.546875                                  3   
4                              0.500000                                  4   
5                              0.218750                                  5   
6                              0.367188                                  6   
7                              0.351562                                  7   
8                              0.468750                                  8   
9                              0.890625                                  9   
10                             0.171875                                  10  
11                             0.312500                                  11  
12                             0.835938                                  12  
13                             0.828125                                  13  
14                             0.187500                                  14  
15                             0.859375                                  15  
16                             0.250000                                  16  
17                             1.02344                                   17  
18                             0.195312                                  18  
19                             0.289062                                  19  
20                             0.343750                                  20  
21                             0.750000                                  21  
22                             0.406250                                  22  
23                             0.718750                                  23  
24                             0.367188                                  24  
25                             0.859375                                  25  
26                             0.796875                                  26  
27                             0.398438                                  27  
28                             0.445312                                  28  
29    0.875000                                             0   
30    0.617188                                             1   
31    0.500000                                             2   
32                             0.484375                                  29  
33                             1.40625                                   30  
34                             0.492188                                  31  
35    0.476562                                             3   
36    0.695312                                             4   
37                             0.679688                                  32  
38    0.554688                                             5   
39                             0.351562                                  33  
40    0.796875                                             6   
41   !0.281250               , 0.773438               ,    7             34  
42    0.414062                                             8   
43                             0.976562                                  35  
44    0.390625                                             9   
45   !0.937500               , 0.992188               ,    10            36  
46    1.24219                                              11  
47    0.453125                                             12  
48    0.859375                                             13  
49                             0.695312                                  37  
50    0.687500                                             14  
51    0.695312                                             15  
52                             0.710938                                  38  
53   !0.421875               , 0.437500               ,    16            39  
54    0.781250                                             17  
55                             0.226562                                  40  
56   !0.468750               , 0.375000               ,    18            41  
57   !0.328125               , 0.320312               ,    19            42  
58    0.453125                                             20  
59                             0.445312                                  43  
60    0.414062                                             21  
61                             0.414062                                  44  
62                             0.414062                                  45  
63    0.468750                                             22  
64                             0.234375                                  46  
65    0.468750                                             23  
66                             0.429688                                  47  
67    0.773438                                             24  
68   !0.882812               , 0.976562               ,    25            48  
69                             0.804688                                  49  
70    0.156250                                             26  
71    0.500000                                             27  
72    0.148438                                             28  
73                             0.148438                                  50  
74   !0.0859375              , 0.0937500              ,    29            51  
75    0.164062                                             30  
76                             0.359375                                  52  
77   !0.320312               , 0.218750               ,    31            53  
78   !0.187500               , 0.132812               ,    32            54  
79    0.289062                                             33  
80                             0.257812                                  55  
81   !0.234375               , 0.257812               ,    34            56  
82   !0.203125               , 0.179688               ,    35            57  
83   !0.234375               , 0.359375               ,    36            58  
84    0.273438                                             37  
85                             0.179688                                  59  
86    0.343750                                             38  
87   !0.234375               , 0.125000               ,    39            60  
88    0.179688                                             40  
89                             0.398438                                  61  
90    0.195312                                             41  
91    0.226562                                             42  
92                             0.210938                                  62  
93                             0.515625                                  63  
94    0.351562                                             43  
95                             0.171875                                  64  
96                             0.171875                                  65  
97    0.281250                                             44  
98                             0.312500                                  66  
99                             0.328125                                  67  
100   0.242188                                             45  
101                            0.257812                                  68  
102  !0.304688               , 0.304688               ,    46            69  
103  !0.0781250              , 0.0703125              ,    47            70  
104  !0.109375               , 0.117188               ,    48            71  
105  !0.132812               , 0.132812               ,    49            72  
106  !0.109375               , 0.132812               ,    50            73  
107   0.468750                                             51  
108                            0.468750                                  74  
109  !0.164062               , 0.164062               ,    52            75  
110  !0.101562               , 0.117188               ,    53            76  
111   0.351562                                             54  
112                            0.343750                                  77  
113  !0.351562               , 0.343750               ,    55            78  
114  !0.101562               , 0.101562               ,    56            79  
115   0.257812                                             57  
116  !0.273438               , 0.570312               ,    58            80  
117   0.265625                                             59  
118                            0.281250                                  81  
119   0.273438                                             60  
120                            0.226562                                  82  
121  !0.0937500              , 0.117188               ,    61            83  
122                            0.101562                                  84  
123   0.125000                                             62  
124  !0.250000               , 0.226562               ,    63            85  
125   0.0859375                                            64  
126  !0.343750               , 0.359375               ,    65            86  
127                            0.460938                                  87  
128  !0.148438               , 0.179688               ,    66            88  
129  !0.281250               , 0.398438               ,    67            89  
130   0.218750                                             68  
131  !0.0937500              , 0.226562               ,    69            90  
132   0.234375                                             70  
133                            0.242188                                  91  
134                            0.0625000                                 92  
135  !0.445312               , 0.476562               ,    71            93  
136   0.226562                                             72  
137   0.210938                                             73  
138                            0.640625                                  94  
139  !0.421875               , 0.421875               ,    74            95  
140  !0.148438               , 0.156250               ,    75            96  
141   0.164062                                             76  
142                            0.156250                                  97  
143   0.132812                                             77  
144                            0.132812                                  98  
145   0.156250                                             78  
146                            0.140625                                  99  
147  !0.210938               , 0.210938               ,    79            100 
148                            0.0937500                                 101 
149                            0.320312                                  102 
150   0.437500                                             80  
151  !0.109375               , 0.101562               ,    81            103 
152  !0.312500               , 0.148438               ,    82            104 
153   0.375000                                             83  
154  !0.156250               , 0.171875               ,    84            105 
155  !0.171875               , 0.148438               ,    85            106 
156                            0.148438                                  107 
157   0.164062                                             86  
158  !0.125000               , 0.125000               ,    87            108 
159                            0.101562                                  109 
160   0.335938                                             88  
161                            0.320312                                  110 
162   0.390625                                             89  
163                            0.382812                                  111 
164  !0.101562               , 0.109375               ,    90            112 
165   0.164062                                             91  
166                            0.101562                                  113 
167   0.421875                                             92  
168                            0.242188                                  114 
169  !0.320312               , 0.156250               ,    93            115 
170   0.148438                                             94  
171  !0.179688               , 0.257812               ,    95            116 
172   0.273438                                             96  
173   0.273438                                             97  
174                            0.414062                                  117 
175   0.148438                                             98  
176                            0.156250                                  118 
177  !0.484375               , 0.421875               ,    99            119 
178  !0.203125               , 0.218750               ,    100           120 
179  !0.117188               , 0.281250               ,    101           121 
180  !0.226562               , 0.234375               ,    102           122 
181  !0.148438               , 0.125000               ,    103           123 
182  !0.281250               , 0.140625               ,    104           124 
183                            0.367188                                  125 
184   0.125000                                             105 
185                            0.109375                                  126 
186   0.0703125                                            106 
187  !0.101562               , 0.109375               ,    107           127 
188  !0.109375               , 0.0781250              ,    108           128 
189  !0.156250               , 0.250000               ,    109           129 
190   0.156250                                             110 
191                            0.109375                                  130 
192   0.0781250                                            111 
193  !0.171875               , 0.234375               ,    112           131 
194  !0.171875               , 0.117188               ,    113           132 
195  !0.117188               , 0.117188               ,    114           133 
196  !0.125000               , 0.125000               ,    115           134 
197   0.242188                                             116 
198                            0.234375                                  135 
199   0.304688                                             117 
200                            0.304688                                  136 
201  !0.359375               , 0.367188               ,    118           137 
202  !0.343750               , 0.156250               ,    119           138 
203                            0.171875                                  139 
204                            0.140625                                  140 
205   0.164062                                             120 
206   0.164062                                             121 
207   0.164062                                             122 
208   0.164062                                             123 
209   0.125000                                             124 
210   0.382812                                             125 
211                            0.351562                                  141 
212                            0.210938                                  142 
213   0.210938                                             126 
214   0.210938                                             127 
215                            0.187500                                  143 
216   0.101562                                             128 
217  !0.0859375              , 0.0859375              ,    129           144 
218   0.203125                                             130 
219                            0.210938                                  145 
220  !0.148438               , 0.156250               ,    131           146 
221   0.218750                                             132 
222                            0.218750                                  147 
223  !0.187500               , 0.171875               ,    133           148 
224   0.195312                                             134 
225                            0.187500                                  149 
226   0.304688                                             135 
227                            0.164062                                  150 
228                            0.171875                                  151 
229                            0.843750                                  152 
230   0.906250                                             136 
231   0.343750                                             137 
232  !0.343750               , 0.312500               ,    138           153 
233                            0.453125                                  154 
234  !0.296875               , 0.109375               ,    139           155 
235                            0.781250                                  156 
236   0.351562                                             140 
237   0.867188                                             141 
238                            0.796875                                  157 
239  !0.0859375              , 0.101562               ,    142           158 
240  !0.203125               , 0.195312               ,    143           159 
241  !0.296875               , 0.289062               ,    144           160 
242  !0.0937500              , 0.109375               ,    145           161 
243  !0.468750               , 0.453125               ,    146           162 
244  !0.179688               , 0.171875               ,    147           163 
245   0.0937500                                            148 
246   0.343750                                             149 
247                            0.359375                                  164 
248  !0.140625               , 0.171875               ,    150           165 
249  !0.109375               , 0.281250               ,    151           166 
250  !0.0937500              , 0.0937500              ,    152           167 
251                            0.171875                                  168 
252   0.140625                                             153 
253                            0.132812                                  169 
254   0.101562                                             154 
255  !0.109375               , 0.109375               ,    155           170 
256  !0.148438               , 0.421875               ,    156           171 
257   0.187500                                             157 
258                            0.171875                                  172 
259   0.226562                                             158 
260                            0.406250                                  173 
261                            0.0859375                                 174 
262  !0.320312               , 0.320312               ,    159           175 
263  !0.0859375              , 0.0859375              ,    160           176 
264                            0.0859375                                 177 
265  !0.187500               , 0.179688               ,    161           178 
266                            0.0937500                                 179 
267   0.359375                                             162 
268  !0.148438               , 0.148438               ,    163           180 
269   0.476562                                             164 
270  !0.421875               , 0.335938               ,    165           181 
271   0.203125                                             166 
272                            0.187500                                  182 
273                            0.156250                                  183 
274   0.281250                                             167 
275   0.210938                                             168 
276                            0.195312                                  184 
277  !0.140625               , 0.140625               ,    169           185 
278                            0.250000                                  186 
279                            0.546875                                  187 
280  !0.171875               , 0.125000               ,    170           188 
281                            0.148438                                  189 
282  !0.164062               , 0.140625               ,    171           190 
283                            0.195312                                  191 
284   0.195312                                             172 
285  !0.140625               , 0.132812               ,    173           192 
286  !0.265625               , 0.289062               ,    174           193 
287   0.0781250                                            175 
288                            0.0937500                                 194 
289   0.125000                                             176 
290                            0.109375                                  195 
291  !0.171875               , 0.164062               ,    177           196 
292  !0.109375               , 0.515625               ,    178           197 
293   0.0859375                                            179 
294   0.296875                                             180 
295   0.156250                                             181 
296                            0.132812                                  198 
297  !0.132812               , 0.140625               ,    182           199 
298   0.132812                                             183 
299                            0.156250                                  200 
300  !0.156250               , 0.140625               ,    184           201 
301  !0.179688               , 0.164062               ,    185           202 
302   0.195312                                             186 
303   0.320312                                             187 
304                            0.328125                                  203 
305  !0.398438               , 0.460938               ,    188           204 
306   0.125000                                             189 
307                            0.132812                                  205 
308                            0.101562                                  206 
309  !0.203125               , 0.203125               ,    190           207 
310  !0.382812               , 0.382812               ,    191           208 
311   0.117188                                             192 
312                            0.0937500                                 209 
313  !0.109375               , 0.117188               ,    193           210 
314  !0.265625               , 0.250000               ,    194           211 
315  !0.164062               , 0.187500               ,    195           212 
316  !0.484375               , 0.468750               ,    196           213 
317   0.0937500                                            197 
318                            0.0937500                                 214 
319                            0.0781250                                 215 
320  !0.0937500              , 0.101562               ,    198           216 
321                            0.0703125                                 217 
322                            0.414062                                  218 
323   0.125000                                             199 
324                            0.109375                                  219 
325                            0.414062                                  220 
326  !0.125000               , 0.117188               ,    200           221 
327                            0.234375                                  222 
328   0.171875                                             201 
329   0.171875                                             202 
330   0.367188                                             203 
331   0.320312                                             204 
332                            0.351562                                  223 
333  !0.140625               , 0.171875               ,    205           224 
334  !0.437500               , 0.445312               ,    206           225 
335   0.117188                                             207 
336  !0.148438               , 0.140625               ,    208           226 
337                                 0.757812                             227 
338                                 0.468750                             228 
339                                 0.242188                             229 
340                                 0.156250                             230 
341                                 0.242188                             231 
342                                 0.359375                             232 
343                                 0.226562                             233 
344                                 0.187500                             234 
345                                 0.406250                             235 
346                                 0.304688                             236 
347                                 0.328125                             237 
348                                 0.101562                             238 
349                                 0.226562                             239 
350                                 0.148438                             240 
351                                 0.203125                             241 
352                                 0.343750                             242 
353                                 0.296875                             243 
354                                 0.117188                             244 
355                                0.0937500                             245 
356                                0.0859375                             246 
357                                 0.218750                             247 
358                                 0.257812                             248 
359                                 0.117188                             249 
360                                 0.101562                             250 
361                                 0.109375                             251 
362                                 0.164062                             252 
363                                 0.257812                             253 
364                                 0.203125                             254 
365                                 0.171875                             255 
366                                0.0859375                             256 
367                                0.0781250                             257 
368                                 0.109375                             258 
369                                0.0546875                             259 
370                                 0.234375                             260 
371                                 0.164062                             261 
372                                 0.109375                             262 
373                                 0.187500                             263 
374                                 0.265625                             264 
375                                 0.289062                             265 
376                                 0.156250                             266 
377                                 0.343750                             267 
378                                 0.148438                             268 

Chaston events   : 209
Dartmouth events : 269
Total matches    : 99
