Sat Dec 13 10:55:47 2014
***Comparison of 'width_t' data***
*Chaston file: /SPENCEdata2/Research/Cusp/database/current_db/dflux_9000_0
*Dart file: /SPENCEdata2/software/sdt/batch_jobs/Alfven_study/as5_14F/batch_output/Dartmouth_as5_dflux_9000_0
(Two data points on same line ==> identical time of occurrence of max FAC corresponding to data)

      Chaston orig             Dartmouth                   Chast ind     Dart ind
0     1.85156                                              0   
1                              1.88281                                   0   
2     0.703125                                             1   
3                              0.445312                                  1   
4    !0.554688               , 0.382812               ,    2             2   
5    !1.06250                , 1.10156                ,    3             3   
6     0.765625                                             4   
7    !0.500000               , 0.359375               ,    5             4   
8     0.367188                                             6   
9                              0.367188                                  5   
10                             0.140625                                  6   
11    0.335938                                             7   
12                             0.187500                                  7   
13    0.156250                                             8   
14                             0.156250                                  8   
15                             0.156250                                  9   
16   !0.148438               , 0.148438               ,    9             10  
17    0.320312                                             10  
18                             0.320312                                  11  
19    0.187500                                             11  
20                             0.0937500                                 12  
21    0.257812                                             12  
22                             0.234375                                  13  
23   !0.109375               , 0.125000               ,    13            14  
24   !0.187500               , 0.187500               ,    14            15  
25    0.125000                                             15  
26                             0.453125                                  16  
27    0.343750                                             16  
28                             0.242188                                  17  
29    0.382812                                             17  
30   !0.367188               , 0.328125               ,    18            18  
31    0.109375                                             19  
32   !0.101562               , 0.0937500              ,    20            19  
33    0.117188                                             21  
34                             0.101562                                  20  
35    0.195312                                             22  
36                             0.421875                                  21  
37    0.203125                                             23  
38    0.273438                                             24  
39   !0.203125               , 0.203125               ,    25            22  
40   !0.226562               , 0.210938               ,    26            23  
41   !0.140625               , 0.296875               ,    27            24  
42    0.304688                                             28  
43   !0.195312               , 0.210938               ,    29            25  
44   !0.187500               , 0.171875               ,    30            26  
45    0.132812                                             31  
46                             0.132812                                  27  
47   !0.218750               , 0.289062               ,    32            28  
48   !0.0937500              , 0.101562               ,    33            29  
49   !0.398438               , 0.140625               ,    34            30  
50                             0.210938                                  31  
51    0.195312                                             35  
52                             0.187500                                  32  
53    0.148438                                             36  
54                             0.140625                                  33  
55   !0.359375               , 0.398438               ,    37            34  
56    0.148438                                             38  
57    0.343750                                             39  
58   !0.171875               , 0.171875               ,    40            35  
59    0.109375                                             41  
60                             0.117188                                  36  
61   !0.109375               , 0.117188               ,    42            37  
62   !0.117188               , 0.140625               ,    43            38  
63    0.125000                                             44  
64                             0.164062                                  39  
65   !0.148438               , 0.148438               ,    45            40  
66   !0.132812               , 0.132812               ,    46            41  
67   !0.117188               , 0.125000               ,    47            42  
68   !0.234375               , 0.234375               ,    48            43  
69    0.296875                                             49  
70    0.335938                                             50  
71   !0.203125               , 0.210938               ,    51            44  
72    0.218750                                             52  
73                             0.226562                                  45  
74   !0.0781250              , 0.0781250              ,    53            46  
75   !0.453125               , 0.476562               ,    54            47  
76                             0.148438                                  48  
77    0.140625                                             55  
78                             0.140625                                  49  
79    0.148438                                             56  
80                             0.140625                                  50  
81    0.351562                                             57  
82                             0.304688                                  51  
83                             0.312500                                  52  
84                             0.320312                                  53  
85                             0.289062                                  54  
86    0.265625                                             58  
87    0.460938                                             59  
88   !0.203125               , 0.179688               ,    60            55  
89                             0.593750                                  56  
90   !0.187500               , 0.179688               ,    61            57  
91   !0.0937500              , 0.101562               ,    62            58  
92    0.203125                                             63  
93                             0.179688                                  59  
94   !0.281250               , 0.437500               ,    64            60  
95   !0.382812               , 0.398438               ,    65            61  
96                             0.0625000                                 62  
97    0.117188                                             66  
98                             0.109375                                  63  
99   !0.328125               , 0.328125               ,    67            64  
100  !0.281250               , 0.265625               ,    68            65  
101                            0.179688                                  66  
102  !0.406250               , 0.375000               ,    69            67  
103  !0.195312               , 0.195312               ,    70            68  
104   0.179688                                             71  
105                            0.148438                                  69  
106  !0.226562               , 0.226562               ,    72            70  
107  !0.320312               , 0.312500               ,    73            71  

Chaston events   : 74
Dartmouth events : 72
Total matches    : 38
