Sat Dec 13 10:55:47 2014
***Comparison of 'width_t' data***
*Chaston file: /SPENCEdata2/Research/Cusp/database/current_db/dflux_6065_0
*Dart file: /SPENCEdata2/software/sdt/batch_jobs/Alfven_study/as5_14F/batch_output/Dartmouth_as5_dflux_6065_0
(Two data points on same line ==> identical time of occurrence of max FAC corresponding to data)

      Chaston orig             Dartmouth                   Chast ind     Dart ind
0     1.07812                                              0   
1     6.27344                                              1   
2     0.625000                                             2   
3     0.445312                                             3   
4     0.648438                                             4   
5                              0.570312                                  0   
6                              0.375000                                  1   
7     0.656250                                             5   
8                              0.265625                                  2   
9     0.453125                                             6   
10                             0.421875                                  3   
11    0.375000                                             7   
12                             0.507812                                  4   
13                             0.250000                                  5   
14    0.343750                                             8   
15   !0.203125               , 0.132812               ,    9             6   
16   !0.414062               , 0.398438               ,    10            7   
17                             0.171875                                  8   
18   !1.51562                , 1.04688                ,    11            9   
19                             0.484375                                  10  
20   !1.17969                , 0.640625               ,    12            11  
21                             0.148438                                  12  
22   !0.367188               , 0.171875               ,    13            13  
23                             0.593750                                  14  
24   !0.289062               , 0.429688               ,    14            15  
25                             0.148438                                  16  
26    0.320312                                             15  
27                             0.140625                                  17  
28    0.289062                                             16  
29    0.523438                                             17  
30                             0.539062                                  18  
31   !0.382812               , 0.312500               ,    18            19  
32                             0.156250                                  20  
33                             0.125000                                  21  
34    0.320312                                             19  
35                             0.281250                                  22  
36    0.289062                                             20  
37                             0.335938                                  23  
38    0.328125                                             21  
39                             0.289062                                  24  
40                             0.156250                                  25  
41    0.609375                                             22  
42                             0.226562                                  26  
43    0.390625                                             23  
44                             0.156250                                  27  
45                             0.195312                                  28  
46    0.351562                                             24  
47                             0.593750                                  29  
48    0.765625                                             25  
49    0.203125                                             26  
50                             0.179688                                  30  
51    0.242188                                             27  
52    0.398438                                             28  
53   !0.429688               , 0.437500               ,    29            31  
54   !0.500000               , 0.539062               ,    30            32  
55                             0.296875                                  33  
56   !0.257812               , 0.257812               ,    31            34  
57    0.468750                                             32  
58                             0.210938                                  35  
59    0.460938                                             33  
60    0.429688                                             34  
61                             0.429688                                  36  
62                             0.406250                                  37  
63    0.484375                                             35  
64    0.242188                                             36  
65    0.406250                                             37  
66                             0.414062                                  38  
67                             0.421875                                  39  
68    0.304688                                             38  
69   !0.476562               , 0.468750               ,    39            40  
70    0.515625                                             40  
71                             0.359375                                  41  
72    0.382812                                             41  
73                             0.179688                                  42  
74    0.703125                                             42  
75                             0.492188                                  43  
76    0.382812                                             43  
77   !0.304688               , 0.304688               ,    44            44  
78    0.218750                                             45  
79                             0.468750                                  45  
80   !0.273438               , 0.281250               ,    46            46  
81                             0.375000                                  47  
82    0.898438                                             47  
83   !0.132812               , 0.132812               ,    48            48  
84         0.281250                                        49  

Chaston events   : 50
Dartmouth events : 49
Total matches    : 14
