  79.33    9.45   44.80
  79.46    9.45  122.49
  77.97    8.41  219.87
  78.02    8.41  335.02
  78.04    8.41  623.92
  78.05    8.42  437.41
  78.10    8.42  161.57
  78.18    8.43   88.67
  78.36    8.45  306.92
  78.52    8.47  270.45
  78.57    8.47  106.58
  78.57    8.47  396.82
  78.57    8.47  432.67
  79.29    8.56  287.10
  79.31    8.56   83.76
  79.37    8.57  160.85
  81.86    9.01   66.35
  82.28    9.11  196.35
  80.99   17.77   73.12
  78.14   10.61  258.61
  78.17   10.62  273.36
  78.33   10.69  188.01
  76.69    6.59   69.05
  73.66   17.26  727.44
  73.49   17.27  447.26
  73.19   17.29  715.28
  75.34    9.78  606.72
  75.36    9.79 2275.82
  75.45    9.84  420.77
  75.56    9.89  195.52
  75.57    9.90  282.81
  75.58    9.90  269.41
  75.70    9.96  614.12
  75.73    9.98 1658.08
  75.78   10.01 1516.84
  75.84   10.04  385.56
  76.74   13.02  478.67
  76.69   13.07  603.47
  76.67   13.08 2297.94
  76.67   13.09  686.73
  76.66   13.09 1125.44
  76.66   13.10  810.39
  76.62   13.13  865.12
  76.61   13.14  739.50
  76.60   13.15  725.93
  76.60   13.15 1698.56
  76.34   13.35 6146.29
  76.33   13.36 2271.47
  76.32   13.37  411.66
  76.30   13.38  585.94
  76.30   13.39  331.70
  76.28   13.40  103.51
  76.27   13.40  297.60
  76.27   13.41  313.30
  76.27   13.41  313.30
  76.24   13.42 1247.41
  76.24   13.42  274.64
  76.24   13.43  274.64
  76.23   13.43  483.04
  76.22   13.44  495.14
  76.21   13.44  387.11
  76.21   13.44  387.11
  76.17   13.48  456.07
  76.15   13.49  676.19
  76.14   13.49  427.61
  76.13   13.50  201.91
  76.12   13.51  157.83
  74.01   14.47  244.30
  73.92   14.49  174.12
  73.90   14.50  174.12
  73.90   14.50  980.32
  73.86   14.50 2331.53
  73.84   14.51  697.35
  73.80   14.52  812.22
  73.78   14.52  988.62
  73.76   14.53  988.62
  73.74   14.53 1491.51
  73.74   14.53 1491.51
  73.72   14.53 2618.88
  73.72   14.53 2618.88
  73.71   14.54 5029.49
  73.71   14.54 5029.49
  73.65   14.55 1668.75
  73.63   14.56 1097.79
  73.61   14.56 1161.88
  73.59   14.56 1982.37
  73.59   14.56 1982.37
  73.59   14.56 1982.37
  73.57   14.57 1297.67
  73.53   14.58 2830.08
  73.53   14.58 2830.08
  73.51   14.58 1920.00
  73.51   14.58 1920.00
  73.51   14.58 1920.00
  73.49   14.59 2915.15
  73.47   14.59 5293.66
  73.47   14.59 5293.66
  73.47   14.59 5293.66
  73.45   14.59 5293.66
  73.45   14.59 8405.60
  73.41   14.60 5283.11
  73.39   14.61 6506.66
  73.37   14.61 8070.29
  73.37   14.61 8070.29
  73.35   14.62 7385.95
  73.35   14.62 7385.95
  73.33   14.62 7385.95
  73.33   14.62 6421.60
  73.33   14.62 6421.60
  73.31   14.62 *******
  73.31   14.62 *******
  73.31   14.62 *******
  73.29   14.63 *******
  73.27   14.63 *******
  73.27   14.63 7410.95
  73.27   14.63 7410.95
  73.25   14.64 7410.95
  73.25   14.64 5104.17
  73.25   14.64 5104.17
  73.23   14.64 *******
  73.23   14.64 *******
  73.23   14.64 *******
  73.21   14.64 *******
  73.21   14.64 *******
  73.19   14.65 9268.10
  73.19   14.65 9268.10
  73.17   14.65 5134.14
  73.17   14.65 5134.14
  73.17   14.65 5134.14
  73.15   14.66 4283.62
  73.15   14.66 4283.62
  73.15   14.66 4283.62
  73.09   14.67 1360.39
  73.09   14.67 1360.39
  73.09   14.67 1360.39
  73.01   14.68 2501.78
  73.01   14.68  777.33
  72.99   14.69  748.25
  72.97   14.69  822.68
  72.79   14.73 2220.29
  72.79   14.73 2220.29
  72.77   14.73 1754.15
  72.75   14.74 2453.21
  72.75   14.74 2453.21
  72.73   14.74 4176.25
  72.73   14.74 4176.25
  72.71   14.74 3851.53
  72.71   14.74 3851.53
  72.69   14.75 3465.62
  72.69   14.75 3465.62
  72.69   14.75 3465.62
  72.65   14.76 3179.65
  72.65   14.76 2973.13
  72.65   14.76 2973.13
  72.62   14.76 2420.72
  72.54   14.78  788.19
  72.54   14.78  495.45
  72.52   14.78  495.45
  72.48   14.79  331.55
  72.48   14.79  331.55
  72.46   14.79  331.55
  72.46   14.79  845.28
  72.44   14.79  438.86
  72.44   14.79  438.86
  72.42   14.80  157.03
  72.40   14.80  299.18
  72.38   14.81  299.18
  72.38   14.81  657.73
  72.33   14.81  678.66
  76.13    7.53 3149.81
  77.03    7.54 1105.59
  77.03    7.54  419.82
  77.08    7.55  243.25
  77.15    7.57  273.50
  77.15    7.57  273.50
  77.19    7.58  390.32
  77.19    7.58 3593.11
  79.06   13.50  216.01
  76.15   14.38 1161.74
  74.92   14.62 2046.78
  78.47   16.42  143.05
  77.05   16.50  407.98
  76.84   16.51  377.25
  75.74   16.56  344.24
  75.74   16.56  344.24
  75.71   16.56  898.73
  75.71   16.56  898.73
  75.69   16.56 1374.39
  75.69   16.56 1374.39
  75.66   16.56  635.96
  77.63    6.56  527.75
  77.77    6.59 3770.32
  77.79    6.59 2333.58
  77.91    6.62  946.12
  77.91    6.62  946.12
  78.05    6.64  237.55
  78.07    6.65  237.55
  78.07    6.65  486.65
  80.06    7.13 6685.09
  80.10    7.15 1086.41
  80.49    7.27  380.92
  80.51    7.28  209.80
  80.54    7.29  139.99
  80.58    7.30  252.47
  80.60    7.31  419.55
  80.69    7.34  118.14
  80.73    7.36  131.41
  80.74    7.36  131.41
  80.80    7.38  286.16
  80.83    7.40 1916.07
  80.83    7.40 1864.24
  80.83    7.40 1864.24
  80.89    7.42 2167.43
  80.89    7.42 2167.43
  80.91    7.42 1416.13
  80.94    7.44 1364.91
  80.98    7.45 3251.27
  80.98    7.45 3251.27
  80.98    7.45 3251.27
  81.00    7.46 8810.62
  81.01    7.47 8810.62
  81.01    7.47 5803.84
  81.01    7.47 5803.84
  81.03    7.47 1449.20
  81.05    7.48 2054.33
  81.05    7.48 2054.33
  81.07    7.49 2103.32
  81.12    7.51  806.49
  81.17    7.53  488.36
  81.17    7.53  346.56
  81.21    7.55  666.53
  81.21    7.55  451.26
  83.56    9.39  314.44
  83.35   13.56 1468.51
  77.31   14.68  593.96
  77.31   14.68  593.96
  77.23   14.69  140.31
  76.62   14.74  389.40
  76.57   14.75  138.04
  76.54   14.75  138.04
  76.54   14.75  358.35
  76.54   14.75  358.35
  76.51   14.75  249.62
  76.46   14.76  135.42
  76.46   14.76  135.42
  76.46   14.76  135.42
  76.43   14.76  495.84
  76.43   14.76  495.84
  76.40   14.76 1855.65
  76.40   14.76 1855.65
  76.40   14.76 1855.65
  76.37   14.76 2896.30
  76.35   14.77 4200.99
  76.32   14.77 4667.38
  76.32   14.77 4667.38
  76.29   14.77 4667.38
  76.29   14.77 5519.74
  76.29   14.77 5519.74
  76.29   14.77 5519.74
  76.29   14.77 5519.74
  76.26   14.77 5291.29
  76.26   14.77 5291.29
  76.24   14.77 3033.26
  76.24   14.77 3033.26
  76.21   14.78 2662.22
  76.21   14.78 2662.22
  76.18   14.78 1509.55
  76.18   14.78 1509.55
  76.12   14.78 3756.15
  76.12   14.78 1653.60
  76.12   14.78 1653.60
  76.10   14.79 1653.60
  76.07   14.79  253.53
  76.07   14.79  253.53
  76.04   14.79  338.11
  75.96   14.80  118.56
  75.93   14.80  621.90
  75.93   14.80  621.90
  75.90   14.80  890.01
  75.90   14.80  890.01
  75.84   14.80  362.63
  75.82   14.81  394.39
  75.82   14.81  394.39
  75.82   14.81  394.39
  75.79   14.81  145.46
  75.79   14.81  145.46
  75.79   14.81  145.46
  75.79   14.81  145.46
  75.79   14.81  145.46
  75.70   14.81  174.88
  75.68   14.82 3811.46
  75.68   14.82 3811.46
  75.68   14.82 3811.46
  75.68   14.82 3811.46
  75.68   14.82 3811.46
  75.65   14.82 1135.67
  75.62   14.82  916.18
  75.48   14.83  391.83
  75.48   14.83  270.83
  75.45   14.83  228.27
  75.37   14.84  488.85
  75.37   14.84  488.85
  75.34   14.84  216.37
  75.34   14.84  216.37
  75.28   14.84 1793.07
  75.22   14.85  310.37
  75.14   14.85 2428.85
  75.08   14.86 2333.36
  75.08   14.86  818.44
  75.05   14.86  818.44
  75.00   14.86 1862.85
  75.00   14.86  453.42
  74.97   14.86  453.42
  74.97   14.86  226.93
  74.97   14.86  226.93
  74.94   14.87  341.06
  74.94   14.87  341.06
  74.94   14.87  341.06
  74.91   14.87  897.17
  74.88   14.87 6102.53
  74.88   14.87 6102.53
  74.88   14.87 6102.53
  74.85   14.87 9938.35
  74.83   14.87 9938.35
  74.80   14.88 3295.35
  74.77   14.88 3295.35
  74.77   14.88 5106.97
  74.77   14.88 5106.97
  74.77   14.88 5106.97
  74.77   14.88 5106.97
  74.71   14.88 1297.83
  74.71   14.88 1297.83
  74.71   14.88 1297.83
  74.68   14.88  514.61
  74.68   14.88  514.61
  74.68   14.88  514.61
  74.65   14.88  514.61
  74.65   14.88  431.27
  74.63   14.89  336.32
  79.54   14.60 *******
  77.97   14.81 1633.75
  77.59   14.85 *******
  77.59   14.85 *******
  76.47   14.96 *******
  77.49    7.09 1591.28
  77.93    7.28  248.64
  78.03    7.33 1990.83
  78.07    7.35 7677.94
  78.09    7.36 2464.06
  78.11    7.37 6634.61
  78.20    7.42  884.58
  78.21    7.42  649.03
  78.23    7.43  649.03
  78.23    7.43  222.31
  78.40    7.53  298.67
  78.57    7.62  434.50
  78.62    7.65  498.92
  78.63    7.66  601.65
  78.77    7.75 4299.23
  78.78    7.76  335.08
  78.79    7.76  254.43
  78.79    7.76  254.43
  78.79    7.76  254.43
  78.82    7.78  373.49
  78.83    7.79  448.10
  78.83    7.79  448.10
  78.84    7.80  335.65
  78.85    7.80 2316.28
  78.86    7.81 7027.64
  78.87    7.82 6492.35
  78.90    7.84 1332.89
  78.90    7.84 1332.89
  78.90    7.84 1332.89
  78.91    7.85 1332.89
  78.93    7.86 5658.03
  78.93    7.86 6682.97
  78.93    7.86 6682.97
  78.94    7.86 2807.78
  78.94    7.86 2807.78
  78.95    7.87  442.58
  78.95    7.87  442.58
  78.99    7.90 1625.58
  79.01    7.92  913.64
  79.02    7.93 1176.54
  79.03    7.94 3963.14
  79.03    7.94 3963.14
  79.03    7.94 3963.14
  79.03    7.94 3963.14
  79.04    7.94 3963.14
  79.04    7.94 7381.37
  79.05    7.95 7381.37
  79.05    7.95 4563.28
  79.06    7.96 4646.00
  79.06    7.96 4646.00
  79.06    7.96 4646.00
  79.07    7.97 1993.31
  79.22    8.09  172.35
  79.22    8.09  399.70
  79.22    8.09  399.70
  79.22    8.09  399.70
  79.23    8.10  765.04
  79.23    8.10  765.04
  79.24    8.10  315.05
  79.24    8.10  315.05
  79.26    8.13  209.86
  79.27    8.13  453.69
  79.27    8.13  453.69
  79.28    8.14  158.68
  79.30    8.16  255.10
  79.33    8.19  903.02
  79.34    8.20  903.02
  79.35    8.21 1577.71
  79.35    8.21 1577.71
  79.36    8.21 4045.64
  79.37    8.22 1434.58
  79.38    8.23 2432.42
  79.38    8.23 2432.42
  79.38    8.24 2041.52
  79.38    8.24 2041.52
  79.39    8.25 2319.38
  79.40    8.25 2319.38
  79.40    8.25 5114.90
  79.40    8.25 5114.90
  79.41    8.26 1689.75
  79.41    8.26 1689.75
  79.42    8.27 1114.77
  79.42    8.28  740.47
  79.44    8.29  309.66
  79.46    8.31  328.14
  79.46    8.32  328.14
  79.46    8.32  172.40
  79.46    8.32  172.40
  79.47    8.33  172.40
  79.51    8.37  121.66
  79.52    8.38  245.95
  79.53    8.39  214.50
  79.93    9.02  607.41
  79.86   10.37  330.54
  79.84   10.40  389.36
  79.76   10.54  269.03
  79.75   10.55  232.76
  79.75   10.55  232.76
  79.58   10.78  343.32
  84.94   14.95 2178.58
  84.88   14.97 2062.10
  79.07   15.47  206.97
  79.04   15.47  226.76
  78.62   15.49 1191.74
  78.62   15.49 1191.74
  78.62   15.49 1191.74
  78.59   15.49 1191.74
  78.40   15.50  196.35
  78.40   15.50  196.35
  78.07   15.51  614.46
  78.07   15.51  614.46
  78.04   15.51  701.29
  78.04   15.51  701.29
  78.04   15.51  701.29
  78.01   15.51  143.15
  77.98   15.51 2579.42
  77.98   15.51 1509.65
  77.88   15.52  979.25
  77.85   15.52 3931.72
  77.82   15.52 3104.14
  77.78   15.52  487.05
  77.75   15.52  220.43
  77.75   15.52  220.43
  77.62   15.53  239.31
  77.62   15.53  399.00
  77.52   15.53  326.37
  77.52   15.53  326.37
  77.52   15.53  326.37
  77.49   15.53  326.37
  77.49   15.53  251.23
  77.49   15.53  251.23
  77.49   15.53  251.23
  77.46   15.53  164.75
  77.43   15.53  443.39
  77.17   15.54  283.65
  77.17   15.54  283.65
  77.14   15.54 2957.66
  77.10   15.54 4468.14
  77.07   15.54 2546.95
  77.04   15.54 2546.95
  76.81   15.55  359.74
  76.78   15.55  296.42
  76.55   15.56  241.21
  76.52   15.56  241.21
  76.48   15.56 1624.65
  76.39   15.56 1628.42
  76.16   15.57  292.55
  76.12   15.57  380.04
  76.12   15.57  380.04
  76.09   15.57  380.04
  75.86   15.58 1628.69
  75.50   15.59 1268.99
  75.43   15.59  168.12
  75.30   15.59  272.74
  79.81    7.19  145.10
  79.83    7.19  239.25
  80.18    7.40  730.85
  80.56    7.65  521.18
  80.74    7.80  771.93
  80.98    8.01  121.50
  81.61    8.95  346.22
  81.63    9.01 1127.91
  81.63    9.02 1164.55
  81.66    9.12  821.10
  81.66    9.12  821.10
  81.67    9.14 2196.32
  81.67    9.14 2196.32
  81.67    9.15  576.81
  81.69    9.24 5172.35
  81.70    9.27 1194.90
  81.72    9.42 5828.66
  81.72    9.43 6609.01
  81.73    9.55 7125.69
  81.73    9.57 6224.25
  81.73    9.58 6224.25
  81.73    9.58 5351.52
  81.73    9.60 2685.43
  81.73    9.61  876.58
  81.71    9.85 1329.14
  81.71    9.90  927.31
  81.70    9.91 1652.81
  81.70    9.91 1652.81
  81.70    9.93 1652.81
  81.70    9.93  806.57
  81.70    9.93  806.57
  81.70    9.93  806.57
  81.69    9.97  431.87
  81.67   10.08 1194.99
  81.56   10.39  685.71
  81.54   10.44  756.13
  81.52   10.48  531.17
  81.50   10.51  568.29
  81.43   10.64  905.92
  80.24   11.78 1144.35
  79.81   12.03  944.38
  74.51   13.62 1033.15
  74.48   13.62 *******
  74.45   13.62 *******
  74.42   13.62  810.82
  74.39   13.63  810.82
  74.39   13.63  945.95
  74.36   13.63 1337.94
  74.33   13.63 1662.23
  74.33   13.63 1662.23
  74.30   13.64 4690.87
  74.27   13.64 5796.13
  74.24   13.64 7269.38
  74.12   13.66 *******
  74.09   13.66 *******
  73.94   13.67 3611.40
  73.69   13.70  628.14
  73.66   13.70  636.14
  73.66   13.70  636.14
  73.54   13.71 2614.93
  84.11   11.70  325.36
  84.10   11.72  385.32
  84.02   11.80  482.58
  83.87   11.94  777.47
  83.47   12.24  285.07
  83.20   12.42  161.01
  83.20   12.42  161.01
  83.11   12.47  189.76
  83.06   12.50  373.70
  83.04   12.51  486.99
  83.02   12.53 1500.41
  83.02   12.53 1500.41
  82.97   12.55 1731.81
  82.94   12.57 1741.12
  82.92   12.58 1622.79
  82.85   12.62 1861.49
  82.85   12.62 1861.49
  82.85   12.62 1861.49
  82.82   12.63  813.07
  82.82   12.63  813.07
  82.80   12.64  526.09
  82.80   12.64  526.09
  82.77   12.66  526.09
  82.75   12.67 1211.36
  82.72   12.68  669.96
  82.70   12.69 4734.13
  82.65   12.72  684.52
  82.65   12.72  684.52
  82.60   12.74  451.42
  82.60   12.74  451.42
  82.55   12.76 1007.97
  82.52   12.78 1007.97
  82.47   12.80  248.65
  82.47   12.80  168.44
  82.44   12.81  339.96
  82.42   12.82  339.96
  82.39   12.83  373.79
  82.39   12.83  373.79
  82.31   12.87  208.98
  82.05   12.98  466.59
  82.02   12.99  466.59
  82.02   12.99 1537.34
  81.97   13.01 1098.20
  81.81   13.07  178.56
  81.78   13.08  406.23
  82.68   15.28  230.64
  80.83   15.21 6574.34
  79.80   15.18 3374.32
  79.53   15.17 7813.30
  77.80   15.14 2098.88
  78.39   11.58  194.61
  78.36   11.59  228.96
  78.30   11.62  536.92
  78.30   11.62  536.92
  78.30   11.62  536.92
  78.30   11.62  536.92
  78.28   11.63  377.32
  78.28   11.63  377.32
  78.25   11.64 1655.24
  78.25   11.64 1655.24
  78.23   11.65 1793.36
  78.23   11.65 1793.36
  78.23   11.65 1793.36
  78.21   11.66 1892.26
  78.21   11.66 1892.26
  78.21   11.66 1892.26
  78.19   11.67 1892.26
  78.19   11.67 1723.03
  78.19   11.67 1723.03
  78.19   11.67 1723.03
  78.16   11.68 1910.59
  78.16   11.68 1910.59
  78.14   11.69 2245.31
  78.14   11.69 2245.31
  78.14   11.69 2245.31
  78.14   11.69 2245.31
  78.12   11.70 2301.12
  78.12   11.70 2301.12
  78.12   11.70 2301.12
  78.12   11.70 2301.12
  78.12   11.70 2301.12
  78.09   11.71 2976.39
  78.09   11.71 2976.39
  78.09   11.71 2976.39
  78.07   11.72 2976.39
  78.07   11.72 1918.80
  78.07   11.72 1918.80
  78.05   11.73 2297.72
  78.05   11.73 2297.72
  78.05   11.73 2297.72
  78.02   11.74 2894.41
  78.02   11.74 2894.41
  78.00   11.75 7588.97
  78.00   11.75 7588.97
  78.00   11.75 7588.97
  77.98   11.75 3385.09
  77.95   11.76 3385.09
  77.95   11.76 8926.32
  77.95   11.76 8926.32
  77.95   11.76 8926.32
  77.95   11.76 8926.32
  77.95   11.76 *******
  77.93   11.77 *******
  77.93   11.77 *******
  77.91   11.78 5340.42
  77.91   11.78 5340.42
  77.91   11.78 5340.42
  77.88   11.79 1715.74
  77.88   11.79 1715.74
  77.86   11.80 1687.77
  77.86   11.80 1687.77
  77.84   11.81 2133.75
  77.84   11.81 2133.75
  77.84   11.81 2133.75
  77.84   11.81 2133.75
  77.81   11.82 1326.79
  77.81   11.82 1326.79
  77.81   11.82  953.93
  77.79   11.83  953.93
  77.79   11.83  953.93
  77.76   11.84 1041.66
  77.76   11.84 1041.66
  77.76   11.84 1041.66
  77.76   11.84 1041.66
  77.74   11.85 1114.99
  77.72   11.85 1114.99
  77.72   11.85 1263.30
  77.69   11.86 1056.08
  77.67   11.87 1056.08
  77.67   11.87 1570.04
  77.67   11.87 1570.04
  77.64   11.88 1194.14
  77.64   11.88 1194.14
  77.64   11.88 1194.14
  77.62   11.89 1884.05
  77.62   11.89 1884.05
  77.62   11.89 1884.05
  77.60   11.90 1939.74
  77.60   11.90 1939.74
  77.57   11.91 1850.72
  77.57   11.91 1850.72
  77.57   11.91 1850.72
  77.55   11.92 2440.55
  77.55   11.92 2440.55
  77.52   11.93 2440.55
  77.52   11.93 3555.53
  77.52   11.93 3555.53
  77.52   11.93 3555.53
  77.50   11.93 3401.78
  77.50   11.93 3401.78
  77.50   11.93 3401.78
  77.47   11.94 3421.15
  77.47   11.94 3421.15
  77.47   11.94 3421.15
  77.47   11.94 3421.15
  77.45   11.95 3421.15
  77.45   11.95 2946.83
  77.45   11.95 2946.83
  77.42   11.96 2926.00
  77.42   11.96 2926.00
  77.40   11.97 4895.56
  77.40   11.97 4895.56
  77.37   11.98 3204.21
  77.37   11.98 3204.21
  77.37   11.98 3204.21
  77.37   11.98 3204.21
  77.35   11.99 1751.14
  77.32   11.99 1751.14
  77.32   11.99 2274.87
  77.32   11.99 2274.87
  77.32   11.99 2274.87
  77.30   12.00 2274.87
  77.30   12.00 1551.45
  77.30   12.00 1551.45
  77.30   12.00 1551.45
  77.27   12.01 1559.23
  77.27   12.01 1559.23
  77.27   12.01 1559.23
  77.25   12.02 1966.03
  77.22   12.03 1966.03
  77.22   12.03 2678.73
  77.22   12.03 2678.73
  77.19   12.04 3264.78
  77.19   12.04 3264.78
  77.19   12.04 3264.78
  77.19   12.04 3264.78
  77.19   12.04 3264.78
  77.19   12.04 3264.78
  77.17   12.04 2500.66
  77.17   12.04 2500.66
  77.17   12.04 2500.66
  77.17   12.04 2500.66
  77.14   12.05 3047.92
  77.14   12.05 3047.92
  77.14   12.05 3047.92
  77.12   12.06 4119.44
  77.12   12.06 4119.44
  77.09   12.07 4119.44
  77.09   12.07 4385.40
  77.09   12.07 4385.40
  77.07   12.08 4385.40
  77.07   12.08 5590.29
  77.07   12.08 5590.29
  77.04   12.08 5892.68
  77.04   12.08 5892.68
  77.04   12.08 5892.68
  77.01   12.09 5892.68
  77.01   12.09 6143.41
  77.01   12.09 6143.41
  76.99   12.10 4786.78
  76.99   12.10 4786.78
  76.99   12.10 4786.78
  76.99   12.10 4786.78
  76.96   12.11 3744.19
  76.96   12.11 3744.19
  76.96   12.11 3744.19
  76.94   12.12  717.76
  76.94   12.12  717.76
  76.94   12.12  717.76
  76.94   12.12  717.76
  76.91   12.12 2052.83
  76.91   12.12 2052.83
  76.91   12.12 2052.83
  76.91   12.12 2052.83
  76.88   12.13 2052.83
  76.88   12.13 2362.89
  76.88   12.13 2362.89
  76.86   12.14 1451.39
  76.86   12.14 1451.39
  76.83   12.15 1338.19
  76.83   12.15 1338.19
  76.83   12.15 1338.19
  76.83   12.15 1338.19
  76.80   12.16 1704.44
  76.80   12.16 1704.44
  76.80   12.16 1704.44
  76.80   12.16 1704.44
  76.78   12.16  791.35
  76.78   12.16  791.35
  76.75   12.17  728.01
  76.75   12.17  728.01
  76.75   12.17  728.01
  76.72   12.18  635.74
  76.72   12.18  635.74
  76.72   12.18  635.74
  76.70   12.19  635.74
  76.70   12.19  754.58
  76.70   12.19  754.58
  76.70   12.19  754.58
  76.70   12.19  754.58
  76.67   12.20  678.48
  76.67   12.20  678.48
  76.67   12.20  678.48
  76.64   12.20  678.48
  76.64   12.20  734.59
  76.64   12.20  734.59
  76.64   12.20  734.59
  76.62   12.21  898.31
  76.62   12.21  898.31
  76.62   12.21  898.31
  76.59   12.22  728.81
  76.59   12.22  728.81
  76.59   12.22  728.81
  76.56   12.23  615.22
  76.56   12.23  615.22
  76.54   12.23  808.37
  76.54   12.23  808.37
  76.51   12.24  777.42
  76.51   12.24  777.42
  76.51   12.24  777.42
  76.51   12.24  777.42
  76.51   12.24  777.42
  76.48   12.25 1770.41
  76.48   12.25 1770.41
  76.48   12.25 1770.41
  76.48   12.25 1770.41
  76.45   12.26 1649.32
  76.45   12.26 1649.32
  76.45   12.26 1649.32
  76.45   12.26 1649.32
  76.43   12.26 1649.32
  76.43   12.26 1542.81
  76.43   12.26 1542.81
  76.40   12.27 1158.60
  76.37   12.28 1874.54
  76.35   12.29 1874.54
  76.35   12.29 1312.38
  76.32   12.29 1312.38
  76.32   12.29  824.91
  76.32   12.29  824.91
  76.32   12.29  824.91
  76.29   12.30  824.91
  76.29   12.30  648.53
  76.29   12.30  648.53
  76.26   12.31  648.53
  76.26   12.31 1817.94
  76.26   12.31 1817.94
  76.26   12.31 1817.94
  76.24   12.32 1817.94
  76.24   12.32 1148.85
  76.24   12.32 1148.85
  76.21   12.32 1065.63
  76.21   12.32 1065.63
  76.18   12.33 1065.63
  76.18   12.33 2945.12
  76.18   12.33 2945.12
  76.15   12.34 2945.12
  76.15   12.34 4599.50
  76.15   12.34 4599.50
  76.15   12.34 2897.92
  76.12   12.34 2897.92
  76.12   12.34 2897.92
  76.10   12.35 3436.77
  76.10   12.35 3436.77
  76.07   12.36 3436.77
  76.07   12.36 4188.15
  76.07   12.36 4188.15
  76.07   12.36 4188.15
  76.04   12.37 2163.95
  76.01   12.37  747.88
  76.01   12.37  747.88
  75.98   12.38  337.81
  75.96   12.39  337.81
  81.74   11.93  650.81
  81.56   12.02  188.83
  81.51   12.04 1424.45
  81.48   12.06  690.43
  81.46   12.07  690.43
  81.05   12.23  130.05
  80.72   12.36  319.30
  80.72   12.36  319.30
  80.69   12.37  319.30
  80.69   12.37  147.34
  80.69   12.37  147.34
  78.80   12.89  142.02
  78.77   12.90 1321.24
  78.73   12.91  330.12
  78.73   12.91  330.12
  78.70   12.91  662.33
  78.22   13.01  123.18
  78.16   13.03  138.52
  78.12   13.03  198.65
  78.09   13.04  331.09
  78.09   13.04  331.09
  78.09   13.04  331.09
  78.06   13.04  315.64
  78.03   13.05 1446.63
  77.99   13.06 1175.63
  77.89   13.07  637.41
  77.83   13.09 2278.18
  76.39   13.32  678.74
  76.39   13.32  296.89
  76.35   13.32  296.89
  76.35   13.32 1489.35
  76.35   13.32 1489.35
  76.32   13.33 1236.96
  76.32   13.33 1236.96
  76.29   13.33  226.21
  76.25   13.34  363.54
  76.25   13.34  363.54
  76.22   13.34  363.54
  76.22   13.34  211.01
  76.18   13.35  246.70
  76.15   13.35  387.46
  76.11   13.36  404.89
  76.08   13.36  404.89
  76.08   13.36 2604.21
  76.08   13.36 2604.21
  76.08   13.36 2604.21
  76.08   13.36 2604.21
  75.77   13.40  754.39
  75.73   13.41 1037.76
  75.73   13.41  669.48
  75.73   13.41  669.48
  75.70   13.41  208.32
  75.66   13.42  382.88
  75.63   13.42  232.45
  75.53   13.43  295.47
  75.49   13.44 3252.02
  75.46   13.44 4340.25
  75.39   13.45 1516.56
  75.39   13.45  214.78
  75.35   13.46  214.78
  75.25   13.47  999.14
  75.07   13.49 2868.10
  75.07   13.49 2868.10
  75.04   13.49 3555.87
  75.00   13.50 1634.71
  75.00   13.50 1634.71
  75.00   13.50 1634.71
  74.97   13.50  854.66
  74.97   13.50  854.66
  74.97   13.50  854.66
  74.93   13.51  854.66
  74.93   13.51 5872.66
  74.93   13.51 5872.66
  74.89   13.51 2739.94
  74.89   13.51 2739.94
  74.86   13.51 1961.49
  74.75   13.53 3506.75
  74.75   13.53 3506.75
  75.05   14.50 *******
  74.26   14.49 *******
  74.22   14.49 *******
  74.14   14.49 2017.19
  74.10   14.49 5706.06
  74.10   14.49 5706.06
  74.07   14.49 8297.31
  74.07   14.49 8297.31
  74.03   14.49 8297.31
  84.94    9.39 5664.89
  84.92    9.42 7656.24
  84.92    9.42 7656.24
  84.91    9.45 7656.24
  84.89    9.48 9818.94
  84.89    9.48 9818.94
  84.87    9.50 4276.61
  84.83    9.56 3362.26
  84.83    9.56 1580.22
  84.79    9.61  339.04
  84.79    9.61 1702.05
  84.77    9.64 1702.05
  84.73    9.69 2135.92
  84.69    9.74 3158.76
  84.69    9.74 3158.76
  84.63    9.82 2443.78
  84.63    9.82 2443.78
  84.61    9.84 2443.78
  84.59    9.87 6036.22
  84.59    9.87 8478.67
  84.50    9.97 4300.07
  84.50    9.97 4322.95
  84.47    9.99 3713.72
  84.40   10.06 1056.77
  84.38   10.08 2628.85
  84.11   10.33 3134.91
  84.08   10.35 3075.42
  83.87   10.51 1766.05
  83.87   10.51 1766.05
  83.73   10.60  815.77
  83.70   10.62 1643.80
  83.67   10.64 1561.14
  83.64   10.66 1561.14
  83.64   10.66 2042.57
  83.61   10.68 2042.57
  83.61   10.68 7831.75
  83.61   10.68 7831.75
  83.61   10.68 7831.75
  83.58   10.69 4899.87
  83.58   10.69 4899.87
  83.56   10.71 4899.87
  83.56   10.71  980.22
  83.56   10.71  980.22
  83.56   10.71  980.22
  83.53   10.73 1016.07
  83.53   10.73 1016.07
  83.50   10.75 3195.07
  83.50   10.75 3195.07
  83.47   10.77 3195.07
  83.47   10.77 4432.79
  83.47   10.77 4432.79
  83.41   10.80 1233.39
  83.41   10.80 1233.39
  83.35   10.83  396.39
  83.35   10.83  396.39
  83.29   10.87  974.26
  83.23   10.90 3608.50
  83.20   10.91 2495.16
  83.17   10.93 3385.69
  83.13   10.95 3385.69
  83.10   10.96 2668.47
  83.07   10.98 3112.29
  83.04   10.99 3333.02
  83.01   11.01 1923.53
  83.01   11.01 1923.53
  83.01   11.01 1923.53
  82.98   11.02 1352.57
  82.98   11.02 1352.57
  82.95   11.04 1222.39
  82.95   11.04 1222.39
  82.92   11.05  892.59
  82.92   11.05  892.59
  82.82   11.09 1736.63
  82.82   11.09 1736.63
  82.79   11.11 2848.62
  82.76   11.12 2848.62
  82.76   11.12 4321.41
  82.72   11.14 6523.19
  82.69   11.15 5645.36
  82.66   11.16 5492.58
  82.66   11.16 5492.58
  82.59   11.19 6056.49
  82.40   11.27 *******
  82.36   11.28 *******
  82.13   11.37 5491.04
  82.13   11.37 5491.04
  81.99   11.42 1954.49
  81.92   11.44 3072.85
  81.89   11.45 2570.37
  81.89   11.45 2570.37
  81.85   11.46 2570.37
  81.85   11.46 2961.53
  81.78   11.48 2924.60
  81.78   11.48 2924.60
  81.75   11.49 6868.01
  81.75   11.49 6868.01
  81.72   11.51 6032.44
  81.72   11.51 6032.44
  81.72   11.51 6032.44
  81.68   11.52 7723.67
  81.65   11.53 3210.91
  81.61   11.54 3210.91
  81.61   11.54 1863.33
  81.61   11.54 1863.33
  81.58   11.55 1863.33
  81.58   11.55 1561.54
  81.54   11.56 2934.06
  81.54   11.56 2934.06
  81.51   11.57 2242.89
  81.51   11.57 2242.89
  81.47   11.58 1198.70
  81.47   11.58 1198.70
  81.44   11.59 1895.67
  81.44   11.59 1895.67
  81.29   11.63 6523.52
  81.29   11.63 6523.52
  81.19   11.66 2890.91
  81.19   11.66 2890.91
  81.15   11.67 2890.91
  81.15   11.67  666.44
  81.15   11.67  666.44
  81.15   11.67  666.44
  81.08   11.69  752.40
  81.08   11.69 2213.03
  81.08   11.69 2213.03
  81.04   11.70 4839.57
  81.04   11.70 4839.57
  80.97   11.72 3364.02
  80.79   11.76 *******
  80.75   11.77 *******
  80.75   11.77 *******
  80.75   11.77 *******
  80.72   11.78 1545.01
  80.72   11.78 1545.01
  80.72   11.78 1545.01
  80.68   11.79 1545.01
  80.42   11.84  490.31
  80.39   11.85  669.42
  80.35   11.86 1075.59
  80.31   11.87 1075.59
  80.31   11.87 2864.08
  80.20   11.89 3085.80
  80.20   11.89 4820.36
  80.13   11.91 4269.67
  80.13   11.91 4269.67
  80.05   11.92 3730.49
  80.05   11.92 3061.95
  80.05   11.92 3061.95
  79.34   12.06  886.48
  79.00   12.12 1294.97
  79.00   12.12 1294.97
  79.00   12.12 1294.97
  78.57   12.18 7477.63
  78.53   12.19 3952.09
  78.53   12.19 3952.09
  78.50   12.19 3952.09
  78.50   12.19 1911.36
  78.30   12.22 1786.88
  78.26   12.23 1897.93
  78.26   12.23 1897.93
  78.22   12.23 1897.93
  78.22   12.23 1797.16
  78.22   12.23 1797.16
  78.19   12.24 1797.16
  78.19   12.24 2497.46
  78.19   12.24 2497.46
  78.15   12.25 6240.42
  78.15   12.25 6240.42
  78.15   12.25 6240.42
  78.11   12.25 6447.06
  78.03   12.26 1127.46
  78.03   12.26 1127.46
  78.03   12.26 1127.46
  78.03   12.26 1127.46
  77.99   12.27 1548.41
  77.99   12.27 1548.41
  77.87   12.28 1349.88
  77.83   12.29 1836.87
  77.72   12.30 1683.03
  77.72   12.30 3151.66
  77.72   12.30 3151.66
  77.56   12.32 1137.14
  77.52   12.33 1084.26
  77.44   12.34  843.36
  76.33    8.56 6393.97
  76.23    8.65 *******
  81.09    7.43 1589.59
  79.66    9.42  906.41
  79.66    9.42  906.41
  79.31    9.62  488.70
  79.29    9.64  488.70
  79.29    9.64 3248.72
  79.26    9.65 3248.72
  79.26    9.65 5113.02
  79.24    9.66 2030.03
  79.21    9.68 2030.03
  79.21    9.68  613.91
  79.21    9.68  613.91
  79.19    9.69  378.85
  79.09    9.74  663.15
  78.85    9.85 5985.46
  78.80    9.88 7213.27
  78.77    9.89 2659.40
  78.75    9.90  715.11
  78.45   10.03  451.83
  78.39   10.05  758.55
  78.39   10.05  683.51
  78.33   10.08 1345.01
  83.46   12.67 6384.51
  82.99   12.65 4127.41
  82.65   12.64  453.33
  82.43   12.64 1243.94
  82.39   12.64 1243.94
  81.40   12.61 3319.77
  81.32   12.61 1884.76
  81.28   12.61 1884.76
  81.28   12.61 1476.93
  81.10   12.61 9047.14
  80.97   12.60 6389.83
  80.93   12.60 6389.83
  80.93   12.60 1791.46
  80.63   12.60 8053.00
  80.37   12.59 2918.63
  80.07   12.59 1203.81
  80.03   12.59 4129.70
  79.94   12.59 6963.31
  79.42   12.58 5103.44
  79.34   12.58  290.50
  79.17   12.57  324.51
  79.04   12.57  888.65
  79.04   12.57  888.65
  78.99   12.57 1720.80
  78.99   12.57 1720.80
  78.95   12.57  682.37
  78.95   12.57  682.37
  78.95   12.57  682.37
  78.86   12.57  672.30
  78.69   12.57 1033.72
  78.65   12.57 1033.72
  78.35   12.56  698.07
  78.35   12.56 1899.89
  78.26   12.56  360.75
  78.17   12.56 3146.47
  78.17   12.56 3146.47
  78.17   12.56 3146.47
  78.13   12.56 1824.74
  78.13   12.56 1824.74
  78.13   12.56 1824.74
  78.09   12.56 2221.08
  78.09   12.56 2221.08
  78.05   12.56 7368.31
  78.05   12.56 7368.31
  78.05   12.56 7368.31
  78.05   12.56 7368.31
  78.00   12.56 4889.20
  77.96   12.56 2150.65
  77.92   12.56  568.59
  77.87   12.56 1494.68
  77.83   12.56 7377.83
  77.83   12.56 7377.83
  77.79   12.56 8815.34
  77.74   12.56 8815.34
  77.74   12.56 *******
  77.74   12.56 *******
  77.70   12.56 *******
  77.66   12.56 6301.47
  77.66   12.56 6301.47
  77.66   12.56 6301.47
  77.61   12.56 2363.01
  77.61   12.56 2363.01
  77.57   12.55 2584.03
  77.57   12.55 2584.03
  77.57   12.55 2584.03
  77.53   12.55 3687.41
  77.53   12.55 3687.41
  77.53   12.55 3687.41
  77.48   12.55 3687.41
  77.48   12.55 1843.67
  77.44   12.55  782.63
  77.40   12.55  782.63
  77.35   12.55 1104.85
  77.31   12.55 1498.54
  77.31   12.55 1498.54
  77.27   12.55 2068.51
  77.23   12.55 6731.94
  77.23   12.55 6731.94
  77.18   12.55 *******
  77.14   12.55 *******
  77.05   12.55 5289.10
  77.05   12.55 5289.10
  77.05   12.55 5289.10
  77.01   12.55  878.47
  77.01   12.55  878.47
  76.97   12.55  878.47
  76.97   12.55  729.70
  76.97   12.55  729.70
  76.92   12.55  729.70
  80.21    7.67  226.11
  80.21    7.67  226.11
  78.70    8.65 2604.84
  78.49    8.74 9592.11
  78.44    8.76 4962.55
  78.41    8.77  922.43
  78.30    8.82  508.35
  78.30    8.82  508.35
  78.27    8.83  508.35
  78.27    8.83  325.66
  78.22    8.85  596.22
  78.22    8.85  596.22
  78.22    8.85  596.22
  78.19    8.86  929.91
  78.19    8.86  929.91
  78.13    8.88  544.46
  77.90    8.97  346.23
  77.88    8.98 4815.51
  77.88    8.98 4815.51
  77.86    8.99 *******
  77.86    8.99 6084.79
  77.38    9.15 *******
  76.49    9.40 *******
  76.23    9.47 1603.46
  75.82    9.56 4099.27
  75.68    9.60 3894.53
  75.55    9.63 *******
  75.55    9.63 *******
  78.36   11.03  205.55
  77.57   11.07 1334.69
  77.35   11.08  812.51
  77.30   11.08  812.51
  77.30   11.08  948.54
  77.30   11.08  948.54
  77.30   11.08  948.54
  77.21   11.09  527.91
  77.21   11.09 1387.88
  77.21   11.09 1387.88
  77.17   11.09 1408.98
  77.13   11.09 1408.98
  76.95   11.10  612.22
  76.90   11.10  794.02
  76.90   11.10  794.02
  76.86   11.10  978.22
  76.86   11.10  978.22
  76.81   11.11 2214.30
  76.73   11.11 3083.91
  76.68   11.11 1568.06
  76.68   11.11 1568.06
  76.64   11.11 1157.19
  76.64   11.11 1157.19
  76.59   11.12 2953.58
  76.59   11.12 2953.58
  76.59   11.12 2953.58
  76.55   11.12 1895.60
  76.55   11.12 1895.60
  76.46   11.12 1236.21
  76.46   11.12 1044.26
  76.46   11.12 1044.26
  76.42   11.12 1044.26
  76.42   11.12  968.01
  76.37   11.13 1866.32
  76.33   11.13 3307.25
  76.33   11.13 3307.25
  76.33   11.13 3307.25
  76.28   11.13 2016.20
  76.28   11.13 2016.20
  76.28   11.13 2016.20
  76.24   11.13 2735.61
  76.24   11.13 2735.61
  76.19   11.13 2735.61
  76.19   11.13 3632.50
  76.19   11.13 3632.50
  76.15   11.13 3279.80
  76.15   11.13 3279.80
  76.10   11.14 7864.39
  76.10   11.14 7864.39
  76.06   11.14 *******
  76.06   11.14 *******
  76.02   11.14 8466.25
  76.02   11.14 8466.25
  75.97   11.14 5318.44
  75.97   11.14 5318.44
  75.93   11.14 8217.73
  75.93   11.14 8217.73
  75.88   11.15 8677.30
  75.88   11.15 8677.30
  75.62   11.16  355.52
  75.57   11.16  355.52
  75.48   11.16  653.76
  75.44   11.16  530.31
  75.44   11.16  530.31
  75.39   11.16  359.35
  75.26   11.17  127.34
  75.08   11.17 1777.77
  79.42    7.19 5326.84
  79.42    7.19 5326.84
  71.86   17.76  500.67
  71.86   17.76  723.65
  73.11   17.79  790.15
  73.20   17.79  537.46
  73.23   17.79  961.86
  73.39   17.79 1718.10
  73.77   17.80 1293.42
  73.80   17.80  595.11
  74.02   17.81  131.89
  74.21   17.82  465.19
  74.24   17.82  465.19
  75.14   17.84  544.86
  75.23   17.85 1191.81
  75.23   17.85 1191.81
  75.23   17.85 1191.81
  75.29   17.85  441.21
  75.51   17.85   95.72
  75.70   17.86 1001.95
  75.73   17.86  538.68
  75.82   17.86  130.46
  75.91   17.87  211.91
  75.91   17.87  211.91
  75.91   17.87  211.91
  75.94   17.87 1527.47
  75.94   17.87 1527.47
  76.28   17.88  184.68
  76.40   17.89  640.43
  76.67   17.90  850.50
  76.73   17.90  408.57
  76.73   17.90  408.57
  76.73   17.90  408.57
  76.76   17.90  405.66
  76.76   17.90  405.66
  76.76   17.90  405.66
  76.86   17.90  770.36
  76.86   17.90  770.36
  76.95   17.91 3213.64
  77.07   17.91 2183.24
  77.10   17.91 2982.28
  77.13   17.91 3001.45
  77.16   17.92 3001.45
  77.16   17.92 2312.00
  77.28   17.92 3710.40
  77.31   17.92 1360.40
  77.34   17.92  915.07
  77.37   17.93  388.52
  77.37   17.93  496.18
  77.37   17.93  496.18
  77.40   17.93  668.87
  77.43   17.93  651.62
  77.43   17.93 1615.15
  77.52   17.93 1924.34
  77.58   17.93  459.42
  78.00   17.95 1022.67
  78.00   17.95 1022.67
  78.03   17.96  801.95
  78.06   17.96  801.95
  78.06   17.96 2610.73
  78.06   17.96 2610.73
  78.09   17.96  592.23
  78.09   17.96  592.23
  78.09   17.96  592.23
  78.15   17.96  189.20
  78.33   17.97  205.06
  78.33   17.97  205.06
  78.33   17.97  205.06
  78.39   17.97  481.85
  78.62   17.99  168.80
  71.92   17.03  681.91
  73.14   17.05 2451.85
  73.22   17.05  632.81
  73.25   17.05  446.32
  74.00   17.06 4662.38
  74.11   17.06  699.14
  74.11   17.06  699.14
  74.57   17.07 9487.79
  74.65   17.07 1805.21
  74.80   17.07 1537.78
  75.53   17.09  261.94
  76.42   17.11 3752.19
  76.45   17.11 4066.78
  76.48   17.11 4473.49
  76.51   17.11 4612.40
  76.53   17.11 4612.40
  76.59   17.11  404.37
  76.73   17.11  770.47
  76.95   17.12 4040.45
  76.95   17.12 4040.45
  76.95   17.12 4040.45
  76.98   17.12 4040.45
  76.98   17.12  779.23
  76.98   17.12  779.23
  77.00   17.12  486.19
  77.00   17.12  486.19
  77.03   17.12  595.43
  77.03   17.12  595.43
  77.03   17.12  595.43
  77.06   17.12 1123.83
  77.09   17.12  427.45
  77.09   17.12  427.45
  77.20   17.12  444.83
  77.53   17.13 4143.57
  77.55   17.13 2172.99
  77.55   17.13 2172.99
  77.55   17.13 2172.99
  77.61   17.13  718.60
  77.61   17.13 1343.33
  77.64   17.14 1343.33
  77.64   17.14 3073.06
  77.66   17.14 1414.44
  77.66   17.14 1414.44
  79.13   17.18  958.33
  81.81   17.31 3036.58
  81.81   17.31 2523.92
  82.89   17.39  428.18
  82.94   17.39  798.66
  78.83   15.98  232.47
  78.83   15.98  232.47
  78.92   15.98  273.42
  79.46   15.96 7240.89
  79.46   15.96 3253.58
  79.53   15.96  359.43
  79.53   15.96  359.43
  80.07   15.95   92.24
  80.09   15.95  445.86
  80.16   15.95  429.21
  80.39   15.94 3077.09
  80.60   15.93 1375.62
  80.62   15.93 2411.60
  80.62   15.93 2411.60
  80.62   15.93 2411.60
  80.80   15.93 2065.75
  77.46   17.07  349.57
  77.89   17.10  367.12
  77.92   17.11 1981.75
  77.94   17.11 4028.88
  77.94   17.11 4028.88
  78.72   17.17  133.56
  79.97   17.31  601.57
  76.38   17.92 1376.95
  75.78   17.71   96.14
  76.70   17.83 1464.05
  76.70   17.83  241.03
  77.46   16.69  867.42
  77.49   16.70  422.02
  77.53   16.70 2750.89
  77.58   16.71 1956.18
  77.65   16.72 3184.67
  77.69   16.73  257.97
  78.16   16.80  984.13
  72.44   16.05 3712.60
  75.24   16.55 5425.60
  79.66   13.59 2019.74
  79.91   13.59 1319.10
  79.91   13.59 1319.10
  79.93   13.58 1936.94
  79.93   13.58 1936.94
  78.29   13.13  547.03
  78.32   13.13 1392.61
  78.91   13.12   92.20
  78.97   13.12 2164.80
  78.97   13.12 2043.23
  78.99   13.12  452.39
  78.99   13.12  452.39
  79.00   13.12  452.39
  79.00   13.12  142.05
  79.70   13.10  403.08
  79.71   13.10  786.51
  79.73   13.10  773.42
  79.74   13.10 1127.61
  79.76   13.10 1242.40
  79.77   13.10 2734.94
  79.79   13.10 1307.92
  75.80   12.33 8624.93
  76.02   12.34  364.26
  76.99   12.36  575.62
  77.14   12.36  672.40
  77.19   12.36 1127.98
  77.28   12.37  479.77
  77.29   12.37  755.14
  77.29   12.37  755.14
  77.31   12.37  590.59
  77.45   12.37  720.45
  77.48   12.37  785.02
  77.51   12.37  616.17
  77.56   12.37  687.87
  77.63   12.38 1226.13
  77.66   12.38  854.86
  77.73   12.38 2613.10
  79.83   12.45 1496.71
  79.85   12.45 2541.35
  79.92   12.45  725.02
  80.63   12.48 7852.81
  78.30   11.69  383.44
  82.42   11.80 5536.36
  75.24   10.34  796.52
  75.24   10.34  796.52
  75.24   10.34 2065.86
  75.32   10.34  250.76
  75.33   10.34  219.92
  75.61   10.34 2091.29
  75.63   10.34  913.16
  75.90   10.34 2729.47
  76.63   10.34   32.63
  76.78   10.33   76.79
  77.05   10.33  285.69
  78.31   10.33  225.75
  75.01   10.39  155.34
  75.36   10.43  183.44
  75.38   10.43  411.88
  75.70   10.47  428.97
  75.70   10.47  602.69
  75.81   10.49  687.82
  75.85   10.50  299.55
  76.32   10.56  892.33
  76.82   10.63 4709.05
  76.85   10.64  452.00
  77.15   10.69  270.35
  77.32   10.72  272.02
  77.42   10.73 1464.60
  77.42   10.73 1464.60
  77.43   10.74 1594.81
  77.44   10.74  636.85
  77.47   10.74  218.37
  77.47   10.74  804.02
  77.50   10.75  250.28
  77.51   10.75  341.02
  77.52   10.75  341.02
  77.60   10.76  517.36
  77.95   10.83 5767.58
  73.11    8.75 *******
  73.13    8.75 *******
  73.13    8.75 *******
  73.17    8.76 8453.02
  73.17    8.76 6765.21
  73.21    8.76 7009.91
  73.21    8.76 6053.91
  73.23    8.76 4622.47
  73.25    8.76 5532.08
  73.27    8.76 5889.34
  73.29    8.76 5425.93
  73.31    8.76 5683.57
  73.33    8.76 5950.20
  73.33    8.76 5950.20
  73.35    8.77 5950.20
  73.35    8.77 5865.09
  73.35    8.77 5865.09
  73.37    8.77 5865.09
  73.37    8.77 5906.88
  73.37    8.77 5906.88
  73.39    8.77 5830.13
  73.39    8.77 5830.13
  73.42    8.77 5830.13
  73.42    8.77 6254.80
  73.44    8.77 6254.80
  73.44    8.77 5764.45
  73.46    8.77 5315.86
  73.48    8.77 5315.86
  73.48    8.77 4892.43
  73.50    8.77 5939.64
  73.50    8.77 5939.64
  73.50    8.77 5939.64
  73.52    8.78 8523.77
  73.52    8.78 8523.77
  73.54    8.78 8094.74
  73.54    8.78 8094.74
  73.64    8.78 3191.08
  73.66    8.78 2700.51
  73.66    8.78 2700.51
  73.79    8.79 2125.89
  73.83    8.79 1872.64
  73.87    8.80  263.99
  73.89    8.80 2019.14
  73.91    8.80 1267.01
  73.98    8.80 1752.33
  74.00    8.80 2122.87
  74.10    8.81 1738.37
  74.12    8.81 2959.04
  74.14    8.81 2959.04
  74.16    8.81 2360.62
  74.18    8.82 2360.62
  74.21    8.82 2087.38
  74.31    8.82 3063.89
  74.33    8.83 3729.85
  74.35    8.83 3973.38
  74.37    8.83 4249.08
  74.39    8.83 4150.28
  74.44    8.83 3508.80
  74.46    8.83 3508.80
  74.46    8.83 7541.38
  74.46    8.83 5671.52
  74.48    8.83 5671.52
  74.50    8.84 5671.52
  74.50    8.84 5107.25
  74.50    8.84 5107.25
  74.52    8.84 6954.35
  74.52    8.84 6954.35
  74.54    8.84 6954.35
  74.54    8.84 7900.18
  74.54    8.84 7900.18
  74.56    8.84 7900.18
  74.56    8.84 6229.63
  74.56    8.84 6229.63
  74.58    8.84 6229.63
  74.60    8.84 1172.72
  74.65    8.85 1336.76
  74.65    8.85 1336.76
  74.65    8.85 1336.76
  74.67    8.85 1695.71
  74.67    8.85 1695.71
  74.67    8.85 1695.71
  74.69    8.85 1184.42
  74.69    8.85 1184.42
  74.75    8.85  833.97
  74.79    8.86 1327.42
  74.82    8.86 3423.54
  74.82    8.86 3423.54
  74.84    8.86 3818.90
  74.84    8.86 3818.90
  74.86    8.86 3818.90
  74.86    8.86 4981.04
  74.86    8.86 4981.04
  74.88    8.86 4530.56
  74.88    8.86 4530.56
  74.88    8.86 4530.56
  74.88    8.86 4530.56
  74.88    8.86 4530.56
  74.90    8.86 3546.42
  74.90    8.86 3546.42
  74.90    8.86 3546.42
  74.92    8.86 3546.42
  74.92    8.86 3642.65
  74.92    8.86 3642.65
  74.96    8.87 2635.34
  74.96    8.87 2635.34
  74.96    8.87 2635.34
  74.98    8.87 2547.63
  74.98    8.87 2547.63
  75.01    8.87 3173.74
  75.01    8.87 3173.74
  75.01    8.87 3173.74
  75.03    8.87 3173.74
  75.03    8.87 4041.59
  75.05    8.87 3015.67
  75.05    8.87 3015.67
  75.07    8.88 3515.04
  75.07    8.88 3515.04
  75.09    8.88 2010.98
  75.11    8.88 2010.98
  75.11    8.88 5430.00
  75.11    8.88 5430.00
  75.15    8.88 1484.08
  75.15    8.88 1374.32
  75.15    8.88 1374.32
  75.18    8.88 1330.71
  75.18    8.88 1330.71
  75.18    8.88 1330.71
  75.22    8.89 1355.97
  75.22    8.89 1271.63
  75.22    8.89 1271.63
  75.24    8.89 1001.43
  75.30    8.89 1855.98
  75.30    8.89 2457.82
  75.30    8.89 2457.82
  75.32    8.89 3137.64
  75.35    8.90 4145.79
  75.37    8.90 4145.79
  75.39    8.90 4830.43
  75.39    8.90 4830.43
  75.41    8.90 4654.66
  75.43    8.90 5524.47
  75.45    8.90 6551.36
  75.45    8.90 6551.36
  75.45    8.90 6551.36
  75.45    8.90 6551.36
  75.47    8.91 6551.36
  75.47    8.91 4320.83
  75.47    8.91 4320.83
  75.52    8.91 2660.09
  75.54    8.91 1740.84
  75.54    8.91 1740.84
  75.54    8.91 1740.84
  75.56    8.91 3216.64
  75.56    8.91 3216.64
  75.58    8.91 7686.66
  75.58    8.91 *******
  75.60    8.91 *******
  75.60    8.91 *******
  75.66    8.92 2860.35
  75.69    8.92 6389.60
  75.71    8.92 5662.73
  75.73    8.92 5662.73
  75.73    8.92 3666.64
  75.73    8.92 3666.64
  75.75    8.93 6247.98
  75.75    8.93 6247.98
  75.79    8.93 6421.29
  75.79    8.93 6421.29
  75.81    8.93 6309.71
  75.84    8.93 4843.96
  75.84    8.93 4843.96
  75.86    8.94 1057.24
  75.86    8.94 1057.24
  75.88    8.94 1435.28
  75.88    8.94 1435.28
  75.90    8.94 3190.91
  75.92    8.94 2039.39
  75.94    8.94 2039.39
  75.94    8.94 2307.48
  75.94    8.94 2307.48
  75.94    8.94 2307.48
  75.99    8.95 2978.94
  76.01    8.95 3054.59
  76.01    8.95 3054.59
  76.03    8.95 3054.59
  76.03    8.95 2129.08
  76.03    8.95 2129.08
  76.05    8.95 8522.36
  76.09    8.95 5807.59
  76.09    8.95 *******
  76.09    8.95 *******
  76.09    8.95 *******
  76.11    8.96 *******
  76.11    8.96 *******
  76.11    8.96 *******
  76.14    8.96 *******
  76.14    8.96 *******
  76.14    8.96 *******
  76.16    8.96 *******
  76.18    8.96 *******
  76.20    8.96 *******
  76.22    8.97 *******
  76.24    8.97 6189.72
  76.27    8.97 5149.70
  76.27    8.97 5149.70
  76.31    8.97 1010.90
  76.31    8.97 1010.90
  76.35    8.98 1207.20
  76.35    8.98 3349.07
  76.44    8.98 1950.51
  76.46    8.99 2268.68
  76.50    8.99 1473.72
  76.57    8.99 1168.26
  76.70    9.01 2441.84
  76.72    9.01  871.23
  76.76    9.01 2147.26
  76.78    9.01 2452.20
  76.78    9.01 2452.20
  76.85    9.02  663.80
  76.85    9.02  663.80
  76.91    9.03  938.39
  76.93    9.03  938.39
  76.93    9.03 1642.06
  76.98    9.03 1870.78
  77.02    9.04 1814.49
  77.02    9.04  993.40
  77.04    9.04  993.40
  77.09    9.04  889.98
  77.26    9.06  503.81
  77.43    9.08  501.69
  77.52    9.09 1389.55
  77.63    9.10  916.22
  77.76    9.11  184.72
  77.96    9.13  619.56
  77.96    9.13  619.56
  77.98    9.14 1809.28
  78.09    9.15  801.51
  78.16    9.16 3526.54
  78.16    9.16 3526.54
  78.18    9.16 2642.86
  78.18    9.16 2642.86
  78.20    9.16  649.10
  78.22    9.16  649.10
  78.33    9.18 1886.93
  78.33    9.18 2332.06
  78.35    9.18 1758.64
  78.37    9.18 1503.20
  78.42    9.19 1422.26
  79.06    9.27  755.67
  79.10    9.28  972.77
  79.23    9.30  603.10
  79.30    9.30 1007.82
  79.94    9.40  778.34
  80.29    9.46  302.27
  80.29    9.46  572.17
  80.31    9.47  851.71
  80.31    9.47  851.71
  80.36    9.48 3379.56
  80.64    9.53  485.68
  80.64    9.53  485.68
  80.67    9.53  641.42
  80.69    9.54  706.61
  81.00    9.60  963.30
  81.00    9.60  639.25
  81.74    9.77  127.68
  81.76    9.78 1453.74
  81.80    9.79 2533.56
  81.82    9.80 1352.68
  81.85    9.80 1352.68
  83.04   10.19 1066.82
  83.04   10.19 1066.82
  83.08   10.20 2118.62
  83.08   10.20 2118.62
  83.16   10.23 1220.22
  83.83   10.54 4079.33
  83.85   10.55 5001.54
  83.85   10.55 5001.54
  83.87   10.56 5282.44
  83.93   10.60 3744.78
  83.94   10.61 2191.30
  84.52   16.68  927.87
  83.46   17.30  602.35
  83.17   17.42  364.51
  83.15   17.43  459.11
  82.33   17.72  858.02
  82.30   17.73  858.02
  82.30   17.73  721.69
  81.94   17.83  674.76
  81.80   17.87 2108.31
  81.78   17.88 1502.27
  81.70   17.90  286.65
  77.71    7.78 9904.65
  77.97    7.79  380.80
  78.58    7.81 1000.59
  80.20    7.87 1398.56
  80.20    7.87 1398.56
  81.60    7.94 5547.53
  82.60    8.02 6784.36
  82.60    8.02 6784.36
  82.60    8.02 6784.36
  77.12   14.05 1557.95
  77.10   14.13  306.25
  72.27   17.86 3247.79
  72.27   17.86 3247.79
  74.59   10.65  567.73
  74.61   10.65  567.73
  74.74   10.74  639.57
  74.98   10.89  640.13
  75.33   11.17  858.14
  75.34   11.18  546.01
  75.46   11.29 1081.95
  75.49   11.32  297.24
  75.50   11.34 5483.74
  75.51   11.35 1258.16
  75.54   11.39 1607.10
  75.57   11.42  365.72
  75.57   11.42  986.93
  75.57   11.42  986.93
  75.57   11.42  986.93
  75.58   11.43  986.93
  75.59   11.45  182.40
  75.59   11.45  182.40
  75.61   11.47 1549.58
  75.61   11.47 1549.58
  75.61   11.47 1549.58
  75.67   11.54 2338.72
  73.38    8.87 1368.77
  73.38    8.87 1368.77
  73.51    8.90 1006.86
  73.51    8.90  989.05
  73.58    8.92 1106.19
  73.58    8.92 1106.19
  73.58    8.92 1106.19
  73.61    8.93 1106.19
  73.63    8.93  753.15
  73.63    8.93  753.15
  73.68    8.94  886.40
  73.68    8.94  886.40
  73.68    8.94  886.40
  73.71    8.95  492.03
  73.79    8.97  271.50
  73.84    8.98  879.97
  73.84    8.98  879.97
  73.94    9.01  617.65
  74.11    9.06  482.23
  74.11    9.06  482.23
  74.11    9.06  482.23
  74.57    9.19  461.28
  74.62    9.21  143.16
  74.77    9.25  242.36
  74.77    9.25  242.36
  74.77    9.25  242.36
  74.84    9.28  601.89
  74.86    9.28  669.33
  74.88    9.29 1362.16
  74.88    9.29 1362.16
  74.88    9.29 1362.16
  74.91    9.30  268.42
  74.91    9.30  268.42
  74.93    9.31  111.85
  74.93    9.31  111.85
  74.95    9.32  141.10
  74.98    9.32  440.81
  74.98    9.32  440.81
  75.00    9.33  440.81
  75.00    9.33 1230.96
  75.00    9.33 1230.96
  75.00    9.33 1230.96
  75.00    9.33 1230.96
  75.02    9.34 1506.73
  75.02    9.34 1506.73
  75.05    9.35 3570.54
  75.12    9.37  901.91
  75.12    9.37  901.91
  75.50    9.51 1878.67
  75.59    9.54  318.11
  75.78    9.62  305.92
  75.80    9.63 1447.62
  75.80    9.63 1447.62
  75.84    9.65  859.20
  75.86    9.66 1996.41
  75.86    9.66 1996.41
  75.86    9.66 1996.41
  75.86    9.66 1996.41
  75.89    9.66 1996.41
  75.89    9.66 8278.35
  75.89    9.66 8278.35
  75.91    9.67 4785.59
  75.91    9.67 4785.59
  75.93    9.68  559.92
  75.93    9.68  559.92
  75.95    9.69  444.86
  75.97    9.70  444.86
  75.99    9.71 2144.62
  76.01    9.72 2144.62
  76.03    9.73 2958.31
  76.11    9.76  879.14
  76.17    9.79  906.54
  76.33    9.87  651.86
  76.33    9.87  651.86
  76.35    9.88  372.54
  76.43    9.92  943.84
  76.45    9.93  943.84
  76.45    9.93 7666.18
  76.45    9.93 7666.18
  76.47    9.94 3753.10
  76.47    9.94 3753.10
  76.48    9.95 3753.10
  76.48    9.95 3290.38
  76.48    9.95 3290.38
  76.50    9.95 *******
  76.54    9.97 *******
  76.54    9.97 9719.97
  76.54    9.97 9719.97
  76.58    9.99 3838.38
  76.61   10.01 1054.16
  76.61   10.01 1607.89
  76.61   10.01 1607.89
  76.61   10.01 1607.89
  76.63   10.02 3401.51
  76.63   10.02 3401.51
  76.63   10.02 3401.51
  76.63   10.02 3401.51
  76.65   10.03 3401.51
  76.65   10.03 1659.92
  76.65   10.03 1659.92
  76.67   10.04 1659.92
  76.67   10.04 2797.07
  76.67   10.04 2797.07
  76.69   10.05 2629.30
  76.71   10.06 2629.30
  76.71   10.06 *******
  76.71   10.06 *******
  76.72   10.07 5377.23
  76.72   10.07 5377.23
  76.72   10.07 5377.23
  76.72   10.07 5377.23
  76.74   10.09  953.35
  76.74   10.09  953.35
  76.76   10.10  953.35
  76.76   10.10 1325.26
  76.76   10.10 1325.26
  76.78   10.11 1733.81
  76.78   10.11 1733.81
  76.79   10.12 1003.33
  76.79   10.12 1003.33
  76.86   10.16 1965.01
  76.86   10.16 1965.01
  76.88   10.17 1235.91
  76.88   10.17 1235.91
  76.88   10.17 1235.91
  76.93   10.20 5997.54
  76.98   10.23 6784.48
  77.00   10.24 8206.46
  77.03   10.26 2745.33
  77.05   10.27 3018.39
  77.05   10.27 3018.39
  77.06   10.28 1586.15
  77.13   10.33 1707.52
  77.14   10.34 1707.52
  77.14   10.34 5153.03
  77.14   10.34 5153.03
  77.14   10.34 5153.03
  77.16   10.35 4110.30
  77.16   10.35 4110.30
  77.16   10.35 4110.30
  77.17   10.36 1295.97
  77.19   10.37 3714.68
  77.19   10.37 3714.68
  77.20   10.38 7679.49
  77.20   10.38 7679.49
  77.31   10.46 1361.09
  77.32   10.47 2405.40
  77.34   10.48  417.48
  77.34   10.48  417.48
  77.35   10.49  609.16
  77.62   10.73  757.29
  77.65   10.76  539.77
  77.67   10.77  349.80
  77.67   10.77  349.80
  77.71   10.82  556.50
  77.77   10.88  859.02
  77.82   10.95  722.56
  77.93   11.09 1470.49
  78.01   11.22 1386.15
  78.02   11.24 2753.54
  78.02   11.24 2753.54
  78.09   11.38  882.48
  78.13   11.47  404.76
  78.13   11.47  404.76
  78.21   12.14  627.58
  78.21   12.17  503.28
  78.21   12.18  577.75
  78.18   12.29  675.89
  78.18   12.30 1189.67
  78.18   12.30 1189.67
  78.18   12.30 1189.67
  78.18   12.32 1189.67
  78.18   12.32 1752.51
  78.18   12.32 1752.51
  77.89   12.89 2673.89
  77.86   12.93  636.94
  77.78   13.02 1060.89
  77.78   13.02 1060.89
  76.53    9.10  197.89
  76.53    9.10  197.89
  76.53    9.10  197.89
  76.55    9.10  197.89
  76.58    9.11 3566.19
  77.21    9.33 4302.62
  77.21    9.33 4302.62
  77.27    9.35  827.30
  78.90   13.78  623.77
  78.88   13.79 2904.27
  78.88   13.79 2904.27
  78.88   13.79 2904.27
  78.87   13.80  538.03
  78.87   13.80  538.03
  75.58   15.12 6500.28
  75.58   15.12 3507.04
  75.55   15.13 3507.04
  75.55   15.13 1354.98
  75.55   15.13 1354.98
  75.06   15.25  814.34
  81.43    6.59 *******
  81.47    6.60 *******
  72.75    9.00 3591.77
  73.06    9.10 1245.79
  73.25    9.17 4244.47
  73.41    9.23 2372.91
  73.41    9.23 2372.91
  73.41    9.23 2372.91
  73.43    9.24 2361.88
  73.43    9.24 2361.88
  73.45    9.25 2828.91
  73.47    9.26 2828.91
  73.78    9.38  714.70
  73.85    9.41  670.66
  73.97    9.46 6433.65
  74.01    9.48 1364.66
  74.01    9.48 1364.66
  74.02    9.48 1364.66
  74.02    9.48 1358.21
  74.04    9.49 1514.27
  74.06    9.50 1514.27
  74.06    9.50 1293.97
  74.06    9.50 1293.97
  74.06    9.50 1293.97
  74.06    9.50 1293.97
  74.06    9.50 1293.97
  74.08    9.51  402.56
  74.14    9.54 *******
  74.14    9.54 *******
  74.14    9.54 *******
  74.15    9.54 *******
  74.15    9.54 *******
  74.17    9.55 *******
  74.17    9.55 *******
  74.19    9.56 4706.70
  74.19    9.56 4706.70
  74.21    9.57 3246.64
  74.21    9.57 3246.64
  74.23    9.58 2723.12
  74.23    9.58 2723.12
  74.30    9.61  795.77
  74.32    9.62  905.55
  74.35    9.64 *******
  74.35    9.64 *******
  74.35    9.64 *******
  74.37    9.65 *******
  74.37    9.65 5334.21
  74.37    9.65 5334.21
  74.37    9.65 5334.21
  74.39    9.66 1076.38
  74.40    9.67 *******
  74.42    9.68 *******
  74.42    9.68 *******
  74.42    9.68 *******
  74.42    9.68 *******
  74.44    9.69 *******
  74.44    9.69 *******
  74.45    9.69 *******
  74.45    9.69 *******
  74.45    9.69 *******
  74.47    9.70 *******
  74.47    9.70 1819.04
  74.49    9.71 1060.05
  74.49    9.71 1060.05
  74.51    9.72 3595.79
  74.51    9.72 3595.79
  74.51    9.72 3595.79
  74.51    9.72 3595.79
  74.52    9.73 3057.89
  74.54    9.74 3031.98
  74.54    9.74 3031.98
  74.54    9.74 3031.98
  74.56    9.75 *******
  74.56    9.75 *******
  74.56    9.75 *******
  74.56    9.75 *******
  74.61    9.78 *******
  74.62    9.79 8184.64
  74.62    9.79 8184.64
  74.64    9.80 1149.90
  74.64    9.80 1149.90
  74.67    9.81  267.07
  74.69    9.82 1362.84
  74.69    9.82 1362.84
  74.69    9.82 1362.84
  74.69    9.82 1362.84
  74.70    9.83 1362.84
  74.72    9.84 1473.00
  74.75    9.86 1132.94
  74.75    9.86  801.59
  74.77    9.87 1976.42
  74.77    9.87 1976.42
  74.77    9.87 1976.42
  74.77    9.87 1976.42
  74.78    9.88 1976.42
  74.78    9.88 2516.94
  74.78    9.88 2516.94
  74.80    9.89 4532.75
  74.80    9.89 4532.75
  74.80    9.89 4532.75
  74.81    9.90 4532.75
  74.81    9.90 *******
  74.83    9.91 4671.79
  74.84    9.92 4671.79
  74.84    9.92 1414.59
  74.84    9.92 1414.59
  74.84    9.92 1414.59
  74.86    9.93 1238.54
  74.87    9.94 1238.54
  74.90    9.96 1077.84
  74.92    9.97 1077.84
  74.93    9.97 3480.16
  74.95    9.98 3480.16
  74.95    9.98 1089.63
  74.96    9.99 1146.14
  74.98   10.00 1146.14
  74.98   10.00 1383.31
  74.99   10.01  857.72
  75.03   10.04 1357.88
  75.10   10.09 1103.22
  75.34   10.27 1932.73
  75.57   10.50 1223.59
  75.58   10.51  828.53
  75.85   10.87  938.32
  75.88   10.93 4503.27
  75.88   10.94 2040.96
  75.90   10.97 1951.77
  75.93   11.05 1583.51
  75.93   11.05 1583.51
  75.96   11.12  782.47
  75.96   11.12 2471.89
  75.96   11.13 3437.84
  75.96   11.13 3437.84
  75.97   11.14 3745.49
  75.97   11.17 2861.56
  75.98   11.18  577.25
  75.99   11.21 1541.68
  75.99   11.21 1541.68
  76.01   11.34  693.53
  76.01   11.36 1461.19
  76.02   11.54  511.15
  76.01   11.58 1519.17
  76.01   11.58 1519.17
  76.01   11.58 1519.17
  76.01   11.60  893.39
  76.01   11.60  893.39
  75.98   11.79 6431.67
  75.97   11.80 9066.60
  75.95   11.87 1443.86
  75.95   11.87 1443.86
  75.95   11.88 1267.90
  75.95   11.88 1267.90
  75.66   12.37 1437.90
  77.72   10.73  622.14
  77.76   10.84  296.76
  75.66    6.41  922.77
  80.51   16.28  958.67
  80.51   16.28  958.67
  80.51   16.28  958.67
  80.51   16.28  958.67
  80.47   16.28 1668.21
  80.47   16.28 1668.21
  73.74    8.80  517.87
  75.70   10.31  244.31
  75.79   10.54 1724.54
  75.79   10.55  356.80
  75.79   10.55  356.80
  75.81   10.65 1053.55
  75.81   10.66  869.03
  75.81   10.66  869.03
  75.81   10.67  869.03
  75.81   10.67 1243.20
  75.81   10.67 1243.20
  75.81   10.68  208.52
  75.82   10.71 3028.45
  75.82   10.71 3028.45
  75.82   10.72 6318.20
  75.82   10.72 6318.20
  75.82   10.72 6318.20
  75.82   10.85  625.57
  75.82   10.85  625.57
  75.82   10.85  625.57
  75.82   10.85  625.57
  75.82   10.87  559.19
  75.82   10.87  559.19
  75.82   10.87  559.19
  75.82   10.90 2672.97
  75.82   10.90 2672.97
  75.82   10.93 1012.23
  75.82   10.94 1012.23
  75.82   10.94 2103.11
  75.81   10.95  275.49
  75.81   10.96  275.49
  75.81   10.96 1439.45
  75.81   10.97 1956.22
  75.81   10.97 1956.22
  75.81   10.97 1956.22
  75.81   11.01 2225.17
  75.81   11.01 2225.17
  75.81   11.01 2225.17
  75.80   11.02  403.61
  75.80   11.02  403.61
  75.79   11.07 3220.37
  75.79   11.08 6246.93
  75.79   11.10 *******
  82.31   16.16  364.30
  82.26   16.17  187.05
  82.26   16.17  187.05
  82.26   16.17  187.05
  82.26   16.17  187.05
  81.68   16.18  454.13
  81.68   16.18  454.13
  81.68   16.18  454.13
  81.64   16.18  280.84
  81.59   16.18  280.84
  81.59   16.18 6769.50
  81.59   16.18 6769.50
  81.59   16.18 6769.50
  81.55   16.18 6769.50
  81.55   16.18 1144.54
  81.19   16.19 2152.98
  81.19   16.19 2152.98
  81.14   16.19 2152.98
  81.14   16.19 4949.22
  81.10   16.19 1148.64
  81.10   16.19 1148.64
  81.05   16.20  126.52
  81.01   16.20  126.52
  81.01   16.20 1621.59
  81.01   16.20 1621.59
  80.96   16.20 5452.91
  80.96   16.20 5452.91
  80.92   16.20 1583.15
  80.92   16.20 1583.15
  80.83   16.20  710.69
  80.79   16.20  137.45
  80.61   16.20  212.92
  80.61   16.20  212.92
  80.56   16.21 2411.42
  80.56   16.21 2411.42
  80.52   16.21 1315.97
  80.47   16.21  852.13
  80.47   16.21  852.13
  80.43   16.21  796.80
  80.38   16.21 1764.58
  80.25   16.21  525.71
  80.25   16.21  525.71
  80.25   16.21  525.71
  80.11   16.21 2387.02
  80.11   16.21 2387.02
  80.07   16.21 3872.33
  80.02   16.21 9228.27
  79.98   16.22 5834.28
  79.98   16.22 5834.28
  79.98   16.22 5834.28
  79.93   16.22 5834.28
  79.84   16.22  590.04
  79.84   16.22  590.04
  79.84   16.22  590.04
  79.80   16.22 1618.97
  79.80   16.22 1618.97
  79.80   16.22 1618.97
  79.75   16.22 1618.97
  79.75   16.22  596.35
  79.71   16.22  596.35
  79.57   16.22 1564.29
  79.53   16.22 1147.96
  79.44   16.22 1518.06
  79.35   16.22 4429.14
  78.45   16.24 3247.72
  78.45   16.24 3247.72
  78.41   16.24 4122.73
  78.36   16.24 2663.67
  77.47   16.25 1693.12
  76.79   16.25 7777.44
  81.27    8.59 2006.19
  80.89    8.71  612.57
  80.83    8.73 7176.48
  80.83    8.73 2511.32
  80.83    8.73 2511.32
  80.80    8.74  708.53
  80.80    8.74  708.53
  80.74    8.76  261.66
  80.74    8.76  261.66
  80.72    8.76  172.92
  80.65    8.78  252.97
  79.25    9.13  591.22
  78.76    9.23   88.02
  78.69    9.24 1227.27
  78.58    9.26 5711.57
  78.53    9.27  571.47
  78.49    9.28  196.06
  78.46    9.28  162.36
  78.18    9.33  188.01
  78.02    9.36  455.46
  78.02    9.36  455.46
  77.97    9.37  534.29
  77.90    9.38 1449.50
  77.88    9.38 1449.50
  77.88    9.38  815.20
  77.88    9.38  815.20
  77.85    9.39 2146.15
  77.83    9.39  603.30
  77.81    9.39  559.04
  77.81    9.39  559.04
  77.64    9.42  731.59
  77.64    9.42  731.59
  77.60    9.43 2285.98
  77.18    9.49 1059.65
  77.15    9.49  267.51
  77.13    9.50  267.51
  77.11    9.50  180.60
  76.85    9.53  353.23
  76.36    9.60 1024.75
  76.36    9.60 1024.75
  76.34    9.60  894.37
  76.34    9.60  894.37
  76.29    9.61  633.95
  76.27    9.61  392.27
  76.27    9.61  392.27
  76.25    9.61  332.32
  75.97    9.65 9028.05
  75.94    9.65 7705.41
  79.64   10.97 2580.05
  79.59   10.97 5310.79
  79.43   10.97 1788.90
  79.41   10.97 4039.16
  79.36   10.97 3998.04
  79.33   10.97 6510.88
  79.25   10.97 2156.95
  79.23   10.97 2319.18
  79.02   10.97 1026.02
  79.00   10.97 1174.11
  79.00   10.97 1174.11
  78.97   10.97 2715.14
  78.89   10.97 1067.37
  78.89   10.97 3349.35
  78.87   10.97 3349.35
  78.87   10.97 1663.46
  78.69   10.97  605.41
  78.66   10.97 1750.32
  78.51   10.97 7651.81
  78.49   10.97 3327.33
  78.46   10.97  758.17
  78.38   10.97  980.37
  78.38   10.97  980.37
  77.53   10.97 2026.82
  77.50   10.97 3727.87
  75.83   10.97 1338.98
  75.81   10.97 1338.98
  75.78   10.97  854.01
  75.78   10.97  854.01
  75.71   10.97  465.02
  75.66   10.97 1704.96
  75.64   10.97  552.83
  77.57    8.78  593.67
  77.55    8.78  108.29
  77.49    7.22  262.56
  74.59    6.08 *******
  74.59    6.08 *******
  74.59    6.08 *******
  74.38    6.17 *******
  73.62    6.46 *******
  73.59    6.47 1960.20
  73.26    6.58 1062.33
  73.23    6.59 1270.40
  73.22    6.59 2445.73
  72.20    6.88 *******
  76.20    7.18 1502.05
  76.14    7.20   97.86
  76.10    7.20  292.17
  76.10    7.20  292.17
  76.08    7.21  180.24
  75.81    7.27 2683.56
  75.81    7.27 1565.02
  75.67    7.30 1345.14
  75.32    7.36  174.41
  75.15    7.40  474.52
  75.13    7.40 1558.94
  74.99    7.43 4319.08
  74.99    7.43 4319.08
  74.93    7.44 2364.52
  74.55    7.50  480.44
  74.51    7.51 2437.74
  74.11    7.58  320.08
  73.74    7.63  677.04
  73.67    7.64 1364.21
  73.65    7.65 1364.21
  73.59    7.66 1556.93
  73.15    7.72  161.81
  72.83    7.76 1843.63
  72.81    7.76 1843.63
  72.34    7.82 1434.20
  72.24    7.84 7313.90
  72.17    7.85 1069.60
  72.13    7.85 1944.41
  72.11    7.85 1944.41
  71.54    7.92 1974.37
  79.75    9.07 1099.15
  78.53    9.09 1473.87
  78.04    9.09  204.90
  78.04    9.09  204.90
  78.02    9.09  204.90
  77.73    9.10 3598.78
  77.48    9.38  148.92
  75.79    9.35  869.82
  75.75    9.35 2530.51
  75.75    9.35 2530.51
  75.73    9.35 *******
  75.71    9.35 *******
  75.71    9.35 *******
  75.71    9.35 *******
  75.70    9.35 1259.72
  75.70    9.35 1259.72
  75.70    9.35 1259.72
  75.68    9.35 2260.72
  75.66    9.35 2658.00
  75.66    9.35 2658.00
  75.64    9.35 3041.46
  75.64    9.35 3041.46
  75.63    9.35 3041.46
  75.61    9.35 1725.08
  75.59    9.35  861.50
  75.57    9.35 1104.23
  75.56    9.35 1195.64
  75.54    9.35 1195.64
  75.54    9.35 1501.17
  75.50    9.35  604.64
  75.48    9.35  772.75
  75.48    9.35  772.75
  75.33    9.34  497.77
  75.31    9.34  497.77
  75.31    9.34  913.80
  75.29    9.34 1587.91
  75.29    9.34 1587.91
  79.99    7.02  149.74
  79.99    7.02 1326.80
  79.97    7.03  430.59
  79.20    7.16 3398.19
  79.20    7.16 3398.19
  79.18    7.16 3398.19
  79.18    7.16 5694.47
  79.16    7.17 4417.72
  79.14    7.17 3177.44
  79.14    7.17 3177.44
  79.11    7.18 1587.46
  79.11    7.18 1587.46
  79.09    7.18 8851.64
  79.05    7.19  557.70
  78.99    7.19   91.53
  78.99    7.19 1449.90
  77.35    7.41 1468.90
  75.74    7.57  465.08
