  77.50   10.04  310.94
  77.91   10.04  532.74
  77.95   10.04  487.63
  77.95   10.04  487.63
  77.97   10.04 1058.74
  78.56   10.03  518.13
  79.08   10.03  637.57
  79.29   10.03  157.09
  79.32   10.03 1124.13
  79.81   10.03  250.82
  80.49   10.02  373.60
  78.47   14.61 4482.66
  76.05   11.09  322.28
  77.00   11.21  561.13
  77.19   11.23  482.94
  77.26   11.24  278.95
  77.26   11.24  401.39
  77.40   11.26  590.29
  77.43   11.26 1380.79
  77.44   11.27 3058.83
  77.78   11.31  161.14
  77.79   11.32  273.36
  78.15   11.37 1026.22
  78.19   11.38  111.33
  78.22   11.38  687.10
  78.31   11.39  718.99
  78.32   11.40  108.99
  78.34   11.40  401.76
  78.37   11.40   86.32
  78.56   11.44  195.62
  78.58   11.44  656.72
  76.56    9.17  311.66
  76.60    9.17  960.09
  76.61    9.17  692.28
  76.61    9.17 1067.08
  76.62    9.17 1067.08
  76.62    9.17  347.35
  76.63    9.17  702.41
  76.70    9.17  266.16
  77.15    9.16  531.64
  77.15    9.16  381.40
  73.26    9.34  254.38
  75.51   11.88  968.11
  75.92   11.98 1513.59
  76.41   12.10 1145.98
  74.25   10.28 *******
  76.46   13.36  472.88
  76.64   16.67 6780.93
  76.63   16.68 *******
  76.54   16.74  254.33
  76.45   16.80  834.81
  76.44   16.80  237.31
  76.43   16.81 1685.45
  76.39   16.83  427.32
  73.38   11.85 1455.35
  73.64    8.94 6577.32
  73.68    8.94 1181.39
  73.68    8.94 1812.09
  73.70    8.94  345.55
  73.72    8.94  233.93
  73.73    8.94  167.77
  73.77    8.94  187.15
  73.90    8.94 2278.45
  74.10    8.94  719.79
  74.63    8.94 1878.14
  74.65    8.94   94.25
  74.78    8.94  240.71
  74.80    8.94  131.74
  74.91    8.94   46.83
  74.96    8.94  137.81
  74.97    8.94  321.63
  75.19    8.94  352.49
  75.23    8.94  331.53
  75.25    8.94  207.54
  75.27    8.94  283.49
  75.28    8.94  434.95
  75.31    8.94   73.05
  75.32    8.94   38.16
  75.33    8.94  277.56
  75.37    8.94   46.15
  75.44    8.94  164.29
  75.45    8.94  772.87
  76.22    8.94   34.92
  76.34    8.94   26.83
  76.44    8.95 *******
  76.60    8.95 2011.64
  76.26   10.96 7022.48
  76.86   11.15 1077.89
  78.22   11.73  164.98
  78.55   11.91  406.19
  73.46   17.53 1652.39
  71.00   17.30  758.58
  78.90   11.35 1206.39
  79.91   11.57   74.31
  79.93   11.59  246.61
  79.95   11.61  412.41
  79.96   11.61  419.13
  79.97   11.62   84.61
  80.00   11.65  575.00
  80.07   11.71  196.32
  80.08   11.71  480.38
  80.24   11.86 1476.01
  72.65    8.51 3193.76
  76.05    9.89 1078.44
  76.05    9.89  956.39
  76.60   10.08 3319.03
  76.61   10.09 7523.30
  74.10    6.36 2085.55
  74.57    6.35 *******
  74.58    6.35 8969.31
  74.61    6.35 *******
  74.91    6.35   86.71
  74.93    6.35   85.11
  74.14    9.79 *******
  78.43   11.45  170.80
  73.33    8.35 4293.71
  73.33    8.35 4293.71
  73.35    8.35 1952.49
  71.96   17.64  810.88
  68.94   17.74 1790.12
  68.31   17.76  798.30
  74.62    9.25  748.08
  74.62    9.25  748.08
  74.67    9.27  436.82
  74.75    9.29  737.15
  74.89    9.34  312.54
  75.04    9.39 2112.23
  75.11    9.42 2000.71
  75.12    9.42  552.40
  75.16    9.44  438.69
  75.19    9.45  741.67
  75.20    9.45 1619.70
  75.22    9.46 *******
  75.25    9.47  486.91
  75.34    9.50 1345.84
  75.43    9.54 1278.15
  75.44    9.54 1278.15
  75.45    9.55 1408.21
  75.45    9.55  594.02
  75.46    9.55  928.94
  75.86    9.72   55.68
  75.86    9.72 3311.25
  75.87    9.72 4109.79
  75.87    9.72  603.98
  75.97    9.77   87.71
  75.99    9.78  938.34
  75.99    9.78  938.34
  76.00    9.78  938.34
  76.02    9.79  334.06
  76.03    9.80 1335.64
  76.03    9.80 1335.64
  76.06    9.81 2049.91
  76.06    9.81 2049.91
  76.06    9.81 1397.31
  76.06    9.81 1397.31
  76.07    9.82 1397.31
  76.07    9.82 1572.17
  76.07    9.82 1572.17
  76.07    9.82 1572.17
  76.08    9.82  709.66
  76.09    9.82  157.80
  76.09    9.82  402.52
  76.11    9.84  277.94
  76.11    9.84  277.94
  76.12    9.84 2059.80
  76.13    9.84 1370.95
  76.13    9.84 1370.95
  76.17    9.86  297.44
  76.25    9.90  527.57
  76.26    9.91 4456.77
  76.42    9.99  514.18
  77.51   10.79  506.67
  77.54   10.82  166.17
  77.54   10.82  348.89
  77.60   10.88  270.80
  77.63   10.92  340.25
  77.72   11.03  448.43
  77.73   11.04  597.59
  77.74   11.05  465.68
  77.76   11.09  474.19
  77.77   11.10  755.01
  77.94   11.43  811.13
  77.94   11.43 1176.13
  77.95   11.44  849.73
  77.95   11.44 2018.86
  77.95   11.44 2018.86
  77.95   11.45  829.13
  77.97   11.51  476.41
  77.97   11.51  476.41
  77.97   11.51  405.73
  78.01   11.65 2143.70
  76.81   13.64  555.65
  76.80   13.65  555.65
  76.78   13.66  226.38
  76.70   13.71 2576.29
  76.70   13.71 2576.29
  76.70   13.71 2576.29
  76.67   13.73 1330.46
  76.62   13.76  973.41
  76.61   13.76  661.18
  76.61   13.76  661.18
  74.74   14.57  739.44
  76.79   10.01  589.12
  76.82   10.03  184.67
  76.83   10.05  774.49
  76.95   10.17  998.28
  76.98   10.20  394.06
  77.04   10.27  163.77
  77.16   10.42  324.98
  77.42   11.41  296.21
  77.42   11.42  248.98
  77.42   11.43  362.07
  77.39   11.55  581.85
  76.74   12.52  269.55
  76.74   12.52  269.55
  76.74   12.52  269.55
  76.73   12.53  530.97
  71.08    7.43 *******
  71.12    7.44   83.16
  71.14    7.44  390.78
  71.23    7.45 *******
  71.24    7.45 *******
  71.24    7.45 2070.14
  71.24    7.45 2070.14
  71.26    7.46 2070.14
  71.36    7.47 6631.19
  71.37    7.47 6834.75
  71.39    7.48 6834.75
  71.39    7.48 4329.90
  71.43    7.48 1672.92
  71.46    7.49  532.22
  71.56    7.50  214.41
  73.47   15.72 6154.70
  72.59   15.79 1016.87
  72.59   15.79 1016.87
  74.33   16.61  225.91
  78.69   11.48  395.40
  77.44   12.65  390.57
  77.30   12.73  195.15
  77.26   12.75  398.31
  77.26   12.75  398.31
  77.11   12.83 1269.61
  77.11   12.83 1269.61
  76.99   12.89  326.52
  76.99   12.89  326.52
  79.33   16.97  917.83
  79.10   16.97 2072.21
  79.02   16.97 1465.59
  79.02   16.97 1465.59
  78.99   16.97  317.45
  78.76   16.97  253.96
  78.76   16.97 1443.61
  78.73   16.97 1443.61
  78.73   16.97  229.77
  78.71   16.97  159.55
  78.68   16.97  159.55
  78.66   16.97  167.30
  78.66   16.97  167.30
  78.63   16.97  873.64
  78.63   16.97 2441.08
  78.58   16.97  747.78
  78.58   16.97  747.78
  78.53   16.97  334.52
  78.50   16.97  156.83
  78.32   16.97  168.47
  78.00   16.97  119.51
  77.97   16.97 1194.07
  77.97   16.97 1194.07
  77.97   16.97 1194.07
  77.92   16.97  418.16
  77.76   16.97  734.20
  77.74   16.97 2576.81
  77.74   16.97 2576.81
  77.71   16.97 1839.89
  77.68   16.97  716.05
  77.63   16.97  178.23
  77.53   16.97   81.22
  77.53   16.97   81.22
  77.47   16.97  256.97
  77.45   16.97  256.97
  77.45   16.97  236.98
  77.45   16.97  236.98
  77.39   16.97  123.77
  77.37   16.97  123.77
  77.37   16.97  147.18
  77.37   16.97  147.18
  77.34   16.97  147.18
  77.34   16.97  195.16
  77.34   16.97  195.16
  77.21   16.97  167.55
  77.16   16.97  194.39
  77.16   16.97  553.32
  77.16   16.97  553.32
  77.13   16.97  553.32
  77.13   16.97 4665.71
  77.10   16.97 1475.52
  77.10   16.97 1475.52
  77.08   16.97 4589.77
  77.08   16.97 4589.77
  77.08   16.97 4589.77
  77.05   16.97 1296.59
  77.02   16.97  821.10
  77.02   16.97  821.10
  76.97   16.97  452.80
  76.89   16.97  810.88
  76.89   16.97  810.88
  76.86   16.97  810.88
  76.86   16.97 3073.41
  76.86   16.97 3073.41
  76.84   16.97 2108.58
  76.84   16.97 2108.58
  76.81   16.97 2164.87
  76.81   16.97 2164.87
  76.81   16.97 2164.87
  76.78   16.97 1436.36
  76.76   16.97 1353.32
  76.73   16.97 2649.77
  76.73   16.97 2649.77
  76.70   16.97 3899.55
  76.68   16.97 3976.05
  76.68   16.97 3976.05
  76.65   16.97  765.36
  76.65   16.97  765.36
  76.63   16.97  765.36
  76.60   16.97 1233.27
  76.60   16.97  285.38
  76.57   16.97  285.38
  76.55   16.97  539.41
  76.55   16.97  259.07
  76.52   16.97  217.66
  76.52   16.97  217.66
  76.49   16.97  232.64
  76.47   16.97  329.40
  76.41   16.97  179.98
  76.36   16.97  176.91
  76.36   16.97  176.91
  76.33   16.97  157.29
  76.33   16.97  157.29
  76.22   16.97  141.13
  76.17   16.97  884.36
  75.88   16.97 3890.85
  75.82   16.97 1459.40
  75.69   16.97  125.93
  77.23   10.75  438.84
  77.14   10.90  140.24
  77.12   10.93  276.44
  77.10   10.96 2403.91
  77.10   10.96 2403.91
  77.10   10.96 2403.91
  77.02   11.07 6954.08
  77.01   11.08 1763.15
  77.00   11.10  410.27
  76.88   11.23 1466.34
  76.88   11.23 1466.34
  76.83   11.27  341.56
  76.82   11.28  824.44
  76.80   11.31  816.50
  76.79   11.31 3754.72
  76.79   11.31 3754.72
  76.79   11.31 3754.72
  76.79   11.31 3754.72
  76.78   11.32 4675.38
  76.78   11.32 4675.38
  76.77   11.33 3476.78
  76.77   11.33 3476.78
  76.77   11.33 3476.78
  76.77   11.33 7108.91
  76.77   11.33 7108.91
  76.76   11.34 7108.91
  76.76   11.34 2654.42
  76.76   11.34 2654.42
  76.75   11.35 1866.71
  76.75   11.35 1866.71
  76.75   11.35 1866.71
  76.74   11.36 4547.73
  76.74   11.36 4779.50
  76.73   11.37 4779.50
  76.73   11.37 2748.69
  76.73   11.37 2748.69
  76.72   11.38 5470.73
  76.72   11.38 5470.73
  76.72   11.38 5470.73
  76.71   11.38 *******
  76.71   11.38 *******
  76.70   11.39 *******
  76.70   11.39 *******
  76.70   11.39 *******
  76.70   11.39 *******
  76.69   11.40 6174.81
  76.69   11.41 2341.86
  76.69   11.41 2341.86
  76.69   11.41 2341.86
  76.68   11.41 2341.86
  76.68   11.41  429.79
  76.68   11.41  429.79
  76.67   11.42  994.37
  76.66   11.43 2327.15
  76.66   11.43 2327.15
  76.65   11.43 2327.15
  76.65   11.43 2196.76
  76.65   11.43 2196.76
  76.65   11.43 2196.76
  76.64   11.45  685.58
  76.64   11.45  685.58
  76.64   11.45  685.58
  76.63   11.45  490.01
  76.62   11.46  309.91
  76.61   11.47  287.38
  76.61   11.47  287.38
  76.60   11.48  683.12
  76.60   11.48  683.12
  76.59   11.48 1777.61
  76.59   11.48 1777.61
  76.59   11.48 1777.61
  76.59   11.49 3964.63
  76.59   11.49 3964.63
  76.58   11.50 1513.73
  76.57   11.50 1513.73
  76.57   11.50  691.19
  76.57   11.50  691.19
  76.57   11.50  691.19
  76.56   11.51  691.19
  76.56   11.51  325.30
  76.54   11.53  540.05
  76.53   11.53  604.55
  76.53   11.53  604.55
  76.52   11.54  699.39
  76.52   11.54  699.39
  76.43   11.61  876.79
  76.41   11.62  855.98
  76.40   11.63  855.98
  76.03   11.87 1425.14
  75.99   11.89 *******
  75.81   11.99  205.01
  76.29   11.04  163.34
  76.29   11.04  213.71
  76.28   11.05  242.29
  76.28   11.05  242.29
  75.35   11.80 1630.27
  75.22   11.87  223.53
  75.21   11.88  313.11
  75.20   11.88  313.11
  75.20   11.88  356.23
  75.14   11.92  855.10
  75.12   11.92 1781.46
  75.12   11.92 1781.46
  75.12   11.92 1781.46
  75.12   11.92 1781.46
  75.09   11.94  252.47
  75.09   11.94  252.47
  75.09   11.94  252.47
  75.05   11.96 1045.44
  75.04   11.97 1963.05
  75.02   11.98 3245.22
  75.01   11.98 6178.45
  75.00   11.99 2256.91
  75.00   11.99 2256.91
  74.98   12.00  155.62
  74.98   12.00  155.62
  74.98   12.00  155.62
  74.97   12.00  162.78
  74.97   12.00  162.78
  74.92   12.03 1938.00
  74.92   12.03 1938.00
  74.91   12.04  847.35
  74.89   12.04  716.62
  74.88   12.05  716.62
  74.88   12.05  355.25
  74.87   12.06  355.25
  74.87   12.06 1090.93
  74.85   12.06 1003.32
  74.84   12.07 4270.05
  74.80   12.09 1935.58
  74.77   12.10 3368.82
  74.76   12.11 3368.82
  74.76   12.11 7060.37
  74.74   12.11 2557.54
  73.91   12.46  304.31
  73.89   12.46  304.31
  73.89   12.46  455.51
  75.41   16.19  768.37
  75.35   16.19 1711.54
  75.29   16.19  783.90
  74.46   16.18 *******
  74.38   16.18 *******
  74.35   16.18 *******
  74.14   16.18 *******
  74.11   16.18 7953.45
  73.66   16.17 *******
  73.63   16.17 *******
  72.92   16.17 1525.90
  72.89   16.17  634.49
  72.71   16.17 1084.43
  72.68   16.17 4113.62
  72.68   16.17 3028.60
  72.62   16.17  513.54
  72.59   16.16  712.30
  72.56   16.16  325.32
  72.53   16.16  297.89
  75.50    8.03 1171.79
  75.64    8.09 5245.50
  77.50   10.00  793.34
  77.46   10.46  339.00
  77.45   10.47  136.32
  77.45   10.48  433.02
  77.45   10.49  433.02
  77.45   10.49   89.60
  77.45   10.50   89.60
  77.45   10.50  128.18
  77.45   10.50  128.18
  77.44   10.51  146.33
  77.44   10.51  146.33
  77.44   10.53  118.96
  77.43   10.54  431.81
  77.43   10.54  431.81
  77.43   10.54  431.81
  77.43   10.55  221.53
  77.43   10.56  137.69
  77.43   10.56  137.69
  77.43   10.56  137.69
  77.42   10.58  139.28
  77.41   10.59  139.28
  77.41   10.59   95.38
  77.39   10.65  193.82
  77.39   10.65  193.82
  77.39   10.65  193.82
  77.38   10.69 1547.98
  77.38   10.69 1547.98
  77.37   10.70 3913.90
  77.36   10.72  170.79
  77.34   10.75 1313.40
  77.34   10.76  598.11
  77.33   10.78 1723.89
  77.32   10.79 2014.93
  77.31   10.81 1471.95
  77.31   10.81 1127.98
  77.30   10.83 3249.68
  77.26   10.90   89.35
  77.24   10.92  370.15
  77.20   10.99  412.24
  77.19   11.00  338.61
  77.19   11.00  338.61
  77.16   11.04  725.62
  77.14   11.07  134.39
  77.12   11.09  227.98
  77.10   11.12  265.51
  77.10   11.12 1493.86
  77.05   11.17 3496.04
  77.05   11.17 3496.04
  77.04   11.18 1318.14
  77.04   11.18 1318.14
  77.03   11.19 1318.14
  77.00   11.22  131.76
  76.99   11.23  113.38
  76.99   11.23  113.38
  76.99   11.24  529.64
  76.98   11.25  529.64
  76.97   11.26  283.70
  76.97   11.26  202.07
  76.97   11.26  202.07
  76.97   11.26  202.07
  76.96   11.27  222.10
  76.96   11.27  222.10
  76.94   11.28  219.18
  76.94   11.29  219.18
  76.94   11.29  752.89
  76.94   11.29  752.89
  76.93   11.30 1073.58
  76.92   11.31  730.44
  76.92   11.31  730.44
  76.92   11.31  730.44
  76.91   11.31  537.69
  76.87   11.36  503.60
  76.86   11.36 5031.65
  76.85   11.37 1614.80
  76.83   11.39 1418.58
  76.82   11.40  468.56
  76.81   11.41  514.38
  76.81   11.41 1354.67
  76.81   11.41 1354.67
  76.79   11.43  399.44
  76.78   11.44  399.44
  76.78   11.44  214.23
  76.77   11.44 1399.21
  76.76   11.45 4235.98
  76.76   11.45 4235.98
  76.75   11.46 1819.41
  76.75   11.46 1819.41
  76.74   11.47 1822.67
  76.73   11.48 7651.12
  76.72   11.48 7651.12
  76.72   11.48 1884.13
  76.72   11.48 1884.13
  76.72   11.48 1884.13
  76.71   11.49  510.83
  76.69   11.51  714.44
  76.69   11.51  714.44
  76.69   11.51  714.44
  76.69   11.51  714.44
  76.68   11.52  334.16
  76.67   11.52  203.73
  76.66   11.53  356.37
  76.66   11.53  356.37
  76.65   11.54  784.72
  76.64   11.55  784.72
  76.64   11.55  548.81
  76.63   11.56  548.81
  76.63   11.56 1336.76
  76.60   11.58 1299.79
  76.60   11.58 1299.79
  76.59   11.59 3549.93
  76.59   11.59 3549.93
  76.58   11.60 9528.72
  76.57   11.60 9528.72
  76.57   11.60 9162.31
  76.56   11.61 9162.31
  76.55   11.62 3875.28
  76.54   11.63  886.42
  76.52   11.64  175.50
  76.51   11.65 1508.06
  76.51   11.65 1508.06
  76.51   11.65 1508.06
  76.51   11.65 1508.06
  76.50   11.66 3615.99
  76.50   11.66 3615.99
  76.50   11.66 3615.99
  76.48   11.67 3702.02
  76.48   11.67 3702.02
  76.47   11.67 2306.56
  76.46   11.68 2306.56
  76.45   11.69  632.25
  76.44   11.70  632.25
  76.43   11.71  216.10
  76.43   11.71 *******
  76.39   11.73 3232.64
  76.35   11.76 1010.28
  76.32   11.77 4191.02
  76.32   11.77  580.49
  76.31   11.78  798.94
  75.86   12.04  298.66
  79.94   15.52 2886.13
  79.05   15.55  706.16
  78.88   15.56  363.72
  77.90   15.58  268.50
  80.66   12.56 3817.70
  72.00    6.56  958.59
  72.01    6.57 2196.43
  72.03    6.57 1366.09
  72.05    6.58 1366.09
  72.11    6.59  816.46
  72.11    6.59  816.46
  72.13    6.60 2154.82
  72.13    6.60 2154.82
  72.13    6.60 2154.82
  73.83    7.09  960.17
  73.89    7.11  838.36
  76.26    8.36  207.20
  76.27    8.37  232.21
  76.28    8.38  232.21
  76.34    8.43 1308.17
  76.35    8.45  939.13
  76.36    8.46  939.13
  76.62    8.76 1503.26
  76.62    8.77 1503.26
  76.67    8.83 1473.91
  76.67    8.84 1473.91
  76.67    8.84 5399.58
  76.67    8.84 3726.01
  76.68    8.85 3726.01
  76.69    8.87  410.40
  76.69    8.87  410.40
  76.70    8.88  123.19
  76.70    8.89  123.19
  76.71    8.91  453.20
  76.71    8.91  453.20
  76.71    8.91  453.20
  76.71    8.91  453.20
  76.72    8.92  999.15
  76.72    8.93  999.15
  76.72    8.93  371.35
  76.72    8.93  371.35
  76.73    8.93  255.94
  76.73    8.93  255.94
  76.73    8.95  471.21
  76.73    8.95  702.89
  76.74    8.96  469.88
  76.74    8.97 1235.99
  76.74    8.97 1235.99
  76.74    8.97 1235.99
  76.75    8.98 1235.99
  76.75    8.98  403.74
  76.75    8.99  434.83
  76.75    8.99  434.83
  76.75    8.99  434.83
  76.77    9.02  259.22
  76.78    9.04 2196.59
  76.78    9.04 2196.59
  76.78    9.04 2196.59
  76.78    9.04 2196.59
  76.78    9.04 1584.71
  76.78    9.04 1584.71
  76.78    9.05 1584.71
  76.78    9.05 1386.15
  76.78    9.05 1386.15
  76.80    9.08 1143.69
  76.80    9.09  459.79
  76.80    9.09  459.79
  76.80    9.10  336.05
  76.81    9.10  336.05
  76.81    9.11  530.73
  76.82    9.15 2298.79
  76.82    9.16 2298.79
  76.82    9.16 2053.49
  76.82    9.16 2053.49
  76.82    9.16 2053.49
  76.83    9.17  654.97
  76.83    9.17  654.97
  76.84    9.19  320.48
  76.84    9.19  320.48
  76.84    9.20  320.48
  76.84    9.20 1401.17
  76.84    9.20 1401.17
  76.84    9.20  850.79
  76.85    9.24  647.74
  76.85    9.24  647.74
  76.85    9.24  647.74
  76.86    9.26  545.11
  76.86    9.26  331.76
  76.86    9.26  331.76
  76.86    9.28  403.45
  76.86    9.28  403.45
  76.86    9.28  403.45
  76.87    9.33 4461.63
  76.88    9.39 1129.45
  76.89    9.40 5198.98
  76.89    9.40 5198.98
  76.89    9.41 7918.73
  76.89    9.42 2997.73
  76.89    9.43  682.74
  76.89    9.43  682.74
  76.89    9.43  682.74
  76.89    9.43  404.29
  76.89    9.43  404.29
  76.89    9.44  806.92
  76.89    9.45  526.72
  76.89    9.45  526.72
  76.89    9.46 1348.73
  76.89    9.46 1348.73
  76.89    9.46 1348.73
  76.89    9.47  316.08
  76.89    9.49  313.27
  76.89    9.49  313.27
  76.90    9.50  127.50
  76.90    9.52  208.24
  76.90    9.55  511.67
  76.90    9.55  511.67
  76.90    9.56  511.67
  76.90    9.56  853.69
  76.90    9.57  853.69
  76.90    9.57 1540.88
  76.90    9.57 1540.88
  76.90    9.58 3413.89
  76.90    9.58 3413.89
  76.90    9.59 3413.89
  76.90    9.59 3615.93
  76.90    9.59 3930.80
  76.90    9.59 3930.80
  76.90    9.59 3930.80
  76.90    9.60 2759.91
  76.90    9.60 2759.91
  76.90    9.61 1140.85
  76.90    9.61 1140.85
  76.90    9.63  585.00
  76.90    9.64  818.82
  76.90    9.64  818.82
  76.89    9.65  534.93
  76.89    9.66  609.86
  76.89    9.66  609.86
  76.89    9.67  609.86
  76.89    9.67  664.79
  76.89    9.68  295.88
  76.89    9.69  175.84
  76.89    9.70  175.84
  76.89    9.72 1321.85
  76.89    9.74  112.50
  76.88    9.75  112.28
  76.88    9.75  156.80
  76.88    9.75  156.80
  76.88    9.76  156.80
  76.88    9.76  258.75
  76.88    9.77 1102.00
  76.88    9.80  400.56
  76.87    9.81  124.04
  76.87    9.81  113.79
  76.87    9.81  113.79
  76.87    9.81  113.79
  76.87    9.82  468.02
  76.87    9.83  238.28
  76.87    9.83  238.28
  76.87    9.83  338.93
  76.87    9.83  338.93
  76.87    9.83  338.93
  76.87    9.84  150.90
  76.87    9.84  150.90
  76.86    9.88  450.89
  76.85    9.89  104.76
  76.84    9.95  251.61
  76.83    9.96  495.46
  76.83    9.96  495.46
  76.83    9.97  744.29
  76.83    9.98  297.21
  76.82   10.00  155.25
  76.81   10.03  567.16
  76.78   10.08 1802.20
  76.78   10.08 1802.20
  76.78   10.10 5064.68
  76.78   10.10 5102.36
  76.78   10.10 3141.17
  76.76   10.14 4863.76
  76.65   10.33  593.08
  76.65   10.33  593.08
  76.65   10.33  593.08
  72.65   14.95  292.57
  72.54   14.96 4576.21
  72.43   14.96 6604.89
  72.39   14.96 1176.02
  73.99   13.28  101.57
  73.95   13.29  101.57
  73.92   13.29  676.22
  73.92   13.29  676.22
  73.85   13.30  524.40
  73.79   13.30  212.01
  73.79   13.30  212.01
  73.79   13.30  212.01
  73.69   13.31  163.34
  73.69   13.31  163.34
  73.65   13.31  851.41
  73.62   13.32  851.41
  73.62   13.32  487.28
  73.62   13.32  487.28
  73.62   13.32  487.28
  73.45   13.33 1419.68
  73.35   13.34  739.21
  73.32   13.34  215.36
  79.79   12.65  190.01
  79.76   12.66  183.96
  79.76   12.66  183.96
  79.73   12.66  183.96
  79.73   12.66 3062.39
  79.70   12.67 3062.39
  79.70   12.67  477.61
  79.70   12.67  477.61
  79.11   12.82  114.35
  79.78   10.67  144.45
  78.76   11.17  105.82
  78.76   11.17  115.52
  78.44   11.30  132.30
  78.44   11.30  116.43
  78.44   11.30  116.43
  78.10   11.42  910.66
  78.07   11.43  380.48
  78.05   11.43  491.21
  78.05   11.43  491.21
  78.05   11.43  491.21
  78.05   11.43  491.21
  78.03   11.44 1976.26
  78.03   11.44 1976.26
  78.03   11.44 1976.26
  78.03   11.44 1976.26
  78.00   11.45 8145.08
  78.00   11.45 8145.08
  78.00   11.45 8145.08
  77.98   11.46  621.68
  77.98   11.46  621.68
  77.96   11.47  132.08
  77.93   11.47 1076.18
  77.91   11.48  943.00
  77.91   11.48  943.00
  77.89   11.49 1537.90
  77.89   11.49 1537.90
  77.89   11.49 1537.90
  77.89   11.49 1537.90
  77.86   11.50 1353.17
  77.86   11.50 1353.17
  77.86   11.50 1353.17
  77.86   11.50 1353.17
  77.84   11.50 1608.97
  77.84   11.50 1608.97
  77.82   11.51 1608.97
  77.82   11.51 1218.11
  77.82   11.51 1218.11
  77.82   11.51 1218.11
  77.79   11.52 2120.94
  77.79   11.52 2120.94
  77.79   11.52 2120.94
  77.77   11.53 2083.48
  77.77   11.53 2083.48
  77.77   11.53 2083.48
  77.75   11.53 1176.89
  77.75   11.53 1176.89
  77.72   11.54 1168.68
  77.72   11.54 1168.68
  77.72   11.54 1168.68
  77.70   11.55 3951.40
  77.70   11.55 8822.68
  77.67   11.56 4870.19
  77.67   11.56 4870.19
  77.65   11.56 *******
  77.65   11.56 *******
  77.63   11.57 *******
  77.63   11.57 8217.54
  77.63   11.57 8217.54
  77.63   11.57 8217.54
  77.60   11.58 3809.66
  77.60   11.58 3809.66
  77.60   11.58 3809.66
  77.60   11.58 3809.66
  77.58   11.58 1548.63
  77.58   11.58 1548.63
  77.55   11.59 1548.63
  77.55   11.59 1554.59
  77.53   11.60  571.28
  77.50   11.61  660.83
  77.50   11.61  660.83
  77.48   11.61  660.83
  77.48   11.61 1055.72
  77.48   11.61 1055.72
  77.45   11.62 2334.73
  77.45   11.62 2334.73
  77.43   11.63 2011.53
  77.43   11.63 2011.53
  77.41   11.64 2011.53
  77.41   11.64 1209.58
  77.38   11.64 1072.71
  77.38   11.64 1072.71
  77.36   11.65  993.49
  77.36   11.65  993.49
  77.36   11.65  993.49
  77.33   11.66 1755.48
  77.33   11.66 1755.48
  77.31   11.66 1755.48
  77.31   11.66 4910.08
  77.31   11.66 4910.08
  77.31   11.66 4910.08
  77.28   11.67 3199.85
  77.28   11.67 3199.85
  77.26   11.68 2391.92
  77.26   11.68 2391.92
  77.26   11.68 2391.92
  77.23   11.68 1468.10
  77.18   11.70  936.94
  77.16   11.70 1878.98
  77.16   11.70 1878.98
  77.11   11.72 1176.26
  77.08   11.73 3525.19
  77.08   11.73 3525.19
  77.08   11.73 3525.19
  77.06   11.73 1752.84
  77.03   11.74 1752.84
  77.03   11.74 1175.55
  77.03   11.74 1175.55
  77.01   11.75 1413.36
  77.01   11.75 1413.36
  77.01   11.75 1413.36
  76.98   11.75 1969.11
  76.98   11.75 1969.11
  76.98   11.75 1969.11
  76.98   11.75 1969.11
  76.98   11.75 1969.11
  76.95   11.76 1969.11
  76.95   11.76 8337.81
  76.95   11.76 6527.78
  76.90   11.77 6527.78
  76.90   11.77 3071.94
  76.90   11.77 3071.94
  76.88   11.78 3071.94
  76.88   11.78  716.15
  76.85   11.79  716.15
  76.85   11.79 1951.91
  76.85   11.79 1951.91
  76.83   11.79 1951.91
  76.83   11.79 2239.22
  76.80   11.80 1826.99
  76.80   11.80 1826.99
  76.77   11.81 1499.65
  76.77   11.81 1499.65
  76.77   11.81 1499.65
  76.72   11.82 1238.67
  76.70   11.82 2020.73
  76.70   11.82 2020.73
  76.70   11.82 2020.73
  76.67   11.83 1680.41
  76.67   11.83 1680.41
  76.64   11.84 1680.41
  76.64   11.84 2683.13
  76.64   11.84 2683.13
  76.64   11.84 2683.13
  76.62   11.84 4486.09
  76.62   11.84 4486.09
  76.62   11.84 4486.09
  76.59   11.85 5606.12
  76.57   11.86 9629.83
  76.54   11.86 9629.83
  76.54   11.86 *******
  76.51   11.87 *******
  76.51   11.87 *******
  76.51   11.87 *******
  76.49   11.88 9400.92
  76.46   11.88 *******
  76.46   11.88 *******
  76.46   11.88 *******
  76.46   11.88 *******
  76.43   11.89 *******
  76.43   11.89 5004.80
  76.43   11.89 5004.80
  76.43   11.89 5004.80
  76.43   11.89 5004.80
  76.41   11.89 6941.88
  76.41   11.89 6941.88
  76.38   11.90 2188.68
  76.38   11.90 2188.68
  76.35   11.91  749.13
  76.33   11.91  749.13
  76.33   11.91 1539.37
  76.33   11.91 1539.37
  76.33   11.91 1539.37
  76.30   11.92 7624.14
  76.27   11.92 7624.14
  76.27   11.92 4149.94
  76.25   11.93 3979.04
  76.22   11.94 2977.07
  76.22   11.94 2977.07
  76.22   11.94 2977.07
  76.19   11.94 1687.05
  76.19   11.94 1687.05
  76.19   11.94 1687.05
  76.17   11.95  868.11
  76.17   11.95  868.11
  76.17   11.95  868.11
  76.14   11.96  868.11
  76.14   11.96  392.64
  76.14   11.96  392.64
  76.11   11.96  392.64
  76.11   11.96  432.03
  76.11   11.96  432.03
  76.09   11.97  257.23
  76.09   11.97  257.23
  76.06   11.97  137.28
  76.03   11.98  229.00
  76.03   11.98  229.00
  76.00   11.98  137.98
  75.98   11.99  168.32
  75.98   11.99  168.32
  75.98   11.99  168.32
  75.95   12.00 1151.88
  75.95   12.00 1151.88
  75.95   12.00 1151.88
  75.92   12.00  558.37
  75.92   12.00  558.37
  75.92   12.00  558.37
  75.90   12.01 2252.13
  75.90   12.01 2252.13
  75.87   12.01 2252.13
  75.87   12.01 3596.59
  75.87   12.01 3596.59
  75.84   12.02 3596.59
  75.81   12.03 4578.17
  75.81   12.03 4578.17
  75.81   12.03 4578.17
  75.79   12.03 3678.88
  75.79   12.03 3678.88
  75.79   12.03 3678.88
  75.79   12.03 3678.88
  75.76   12.04 1642.15
  75.76   12.04 1642.15
  75.73   12.04 1642.15
  75.73   12.04  997.13
  75.73   12.04  997.13
  75.73   12.04  997.13
  75.70   12.05 1163.52
  75.70   12.05 1163.52
  75.68   12.05 1453.04
  75.68   12.05 1453.04
  75.65   12.06  960.78
  75.65   12.06  960.78
  75.65   12.06  960.78
  75.62   12.07  960.78
  75.62   12.07  680.95
  75.62   12.07  680.95
  75.62   12.07  680.95
  75.59   12.07  510.93
  75.59   12.07  510.93
  75.56   12.08 2817.42
  75.56   12.08 2817.42
  75.56   12.08 2817.42
  75.54   12.08 4018.45
  75.54   12.08 4018.45
  75.54   12.08 4117.65
  75.51   12.09 4117.65
  75.51   12.09 4117.65
  75.48   12.09 2968.00
  75.45   12.10 2968.00
  75.45   12.10 1632.85
  75.45   12.10 1632.85
  75.45   12.10 1632.85
  75.42   12.10 1632.85
  75.42   12.10 2078.86
  75.42   12.10 2078.86
  75.42   12.10 2078.86
  75.40   12.11 2348.84
  75.40   12.11 2348.84
  75.40   12.11 2348.84
  75.37   12.12 2726.73
  75.37   12.12 2726.73
  75.34   12.12 2726.73
  75.34   12.12 2479.69
  75.34   12.12 2479.69
  75.31   12.13 8400.44
  75.31   12.13 8400.44
  75.31   12.13 8400.44
  75.31   12.13 8400.44
  75.28   12.13 8400.44
  75.28   12.13 *******
  75.28   12.13 *******
  75.28   12.13 *******
  75.25   12.14 9403.67
  75.25   12.14 9403.67
  75.25   12.14 9403.67
  75.23   12.14 7141.59
  75.20   12.15 7141.59
  75.20   12.15 2732.33
  75.20   12.15 2732.33
  75.17   12.15  936.52
  75.17   12.15  936.52
  75.14   12.16 1428.22
  75.14   12.16 1428.22
  75.11   12.16  843.97
  75.08   12.17 1402.82
  75.08   12.17 1402.82
  75.06   12.17  906.48
  75.06   12.17  906.48
  75.03   12.18 2773.48
  75.03   12.18 2773.48
  75.03   12.18 2773.48
  75.00   12.18  961.35
  75.00   12.18  961.35
  74.97   12.19 1057.78
  74.97   12.19 1057.78
  74.94   12.20 1401.27
  74.94   12.20 1401.27
  74.91   12.20 2365.17
  74.88   12.21 2365.17
  74.88   12.21  878.79
  74.88   12.21  878.79
  74.85   12.21 1426.43
  74.83   12.22 1426.43
  74.83   12.22 1296.92
  74.83   12.22 1296.92
  74.80   12.22 3459.98
  74.80   12.22 3459.98
  74.80   12.22 3459.98
  74.80   12.22 3459.98
  74.77   12.23 4611.84
  74.77   12.23 4611.84
  74.77   12.23 4611.84
  74.74   12.23 4611.84
  74.74   12.23 1790.15
  74.74   12.23 1790.15
  74.74   12.23 1790.15
  74.71   12.24 1363.11
  74.71   12.24 1363.11
  74.68   12.24 1220.50
  74.68   12.24 1220.50
  74.68   12.24 1220.50
  74.65   12.25 1020.38
  74.65   12.25 1020.38
  74.65   12.25 1020.38
  74.65   12.25 1020.38
  74.62   12.25 1020.38
  74.62   12.25  448.22
  74.59   12.26  667.80
  74.56   12.26  667.80
  74.56   12.26 1058.23
  74.53   12.27 1058.23
  74.53   12.27 1552.95
  74.53   12.27 1552.95
  74.48   12.28  527.18
  74.45   12.28  414.61
  74.42   12.29  391.66
  74.39   12.29  484.27
  74.36   12.30 1834.01
  74.36   12.30 1834.01
  74.33   12.30 1537.19
  74.30   12.31 1537.19
  74.30   12.31 5360.95
  74.30   12.31 5360.95
  74.27   12.31 1015.86
  74.27   12.31 1015.86
  73.27   12.46  485.43
  73.27   12.46  485.43
  74.42   14.17  919.59
  74.42   14.17  919.59
  74.38   14.17  339.53
  74.38   14.17  339.53
  74.31   14.17  332.68
  74.23   14.17  898.61
  74.19   14.18  879.63
  74.19   14.18  879.63
  74.04   14.18  360.17
  74.04   14.18  360.17
  74.00   14.18  255.08
  73.97   14.19  273.13
  73.97   14.19  273.13
  73.97   14.19  273.13
  73.93   14.19 1108.09
  73.89   14.19  498.86
  73.89   14.19  498.86
  73.89   14.19  498.86
  73.89   14.19  498.86
  73.85   14.19 1369.34
  73.85   14.19 1369.34
  73.85   14.19 1369.34
  73.82   14.19 1149.03
  73.82   14.19 1149.03
  73.78   14.19 2929.05
  73.78   14.19 2929.05
  73.78   14.19 2929.05
  73.78   14.19 2929.05
  73.74   14.20 4691.47
  73.70   14.20 3562.93
  73.66   14.20 1189.93
  73.66   14.20 1189.93
  73.66   14.20 1189.93
  73.63   14.20  403.38
  73.63   14.20  403.38
  73.59   14.20  786.90
  73.55   14.20 5844.02
  73.55   14.20 5844.02
  73.55   14.20 5844.02
  73.51   14.21 5844.02
  73.51   14.21 *******
  73.51   14.21 *******
  73.51   14.21 *******
  73.48   14.21 *******
  73.48   14.21 *******
  73.44   14.21 *******
  73.40   14.21 *******
  73.40   14.21 *******
  73.36   14.21 *******
  73.36   14.21 *******
  73.32   14.21 *******
  78.36    8.99 7664.31
  78.36    8.99 7664.31
  78.35    9.00 *******
  78.35    9.00 *******
  78.35    9.00 *******
  78.35    9.01 *******
  78.35    9.01 *******
  78.34    9.02 *******
  78.34    9.03 *******
  78.33    9.04 *******
  78.33    9.05 *******
  78.32    9.06 *******
  78.23    9.22 1895.33
  78.23    9.23  875.99
  78.21    9.25 3619.85
  78.21    9.25 3619.85
  78.21    9.25 3619.85
  77.74    9.78 1640.84
  77.71    9.80 *******
  77.71    9.80 *******
  77.70    9.81 *******
  77.70    9.81 *******
  77.69    9.82 3790.68
  77.68    9.83 3790.68
  77.66    9.85  971.22
  77.66    9.85  971.22
  77.66    9.85  971.22
  77.64    9.86 *******
  77.64    9.86 *******
  77.64    9.86 *******
  77.63    9.87 2177.88
  77.62    9.88 1588.77
  77.61    9.89 1588.77
  77.61    9.89 3609.68
  77.61    9.89 3609.68
  77.60    9.90 3609.68
  77.60    9.90  809.34
  77.60    9.90  809.34
  77.60    9.90  809.34
  77.60    9.90  809.34
  77.58    9.91 1968.15
  77.58    9.91 1968.15
  77.58    9.91 1968.15
  77.57    9.92  894.10
  77.57    9.92  894.10
  77.56    9.93  618.98
  77.56    9.93  618.98
  77.55    9.94 1070.41
  77.55    9.94 1070.41
  77.55    9.94 1070.41
  77.53    9.95 1726.19
  77.53    9.95 1726.19
  77.52    9.96 1726.19
  77.51    9.96 3460.56
  77.51    9.96 3460.56
  77.51    9.96 3460.56
  77.50    9.97 1826.67
  77.48    9.98 1826.67
  77.48    9.98  861.25
  77.47    9.99  796.01
  77.47    9.99  796.01
  77.47    9.99  796.01
  77.47    9.99  796.01
  77.46   10.00  585.15
  77.46   10.00  585.15
  77.44   10.01  585.15
  77.43   10.02  262.34
  77.42   10.03  262.34
  77.25   10.14  115.33
  77.25   10.14  115.33
  77.21   10.17  173.32
  77.21   10.17  173.32
  77.12   10.22  158.99
  77.12   10.22  158.99
  77.11   10.23  158.99
  76.92   10.34  104.21
  76.90   10.35  104.21
  76.90   10.35  117.23
  76.69   10.46  191.06
  76.67   10.47  201.26
  76.66   10.48 2068.20
  76.66   10.48 2068.20
  76.64   10.49 2068.20
  76.64   10.49 1480.34
  76.62   10.50  445.00
  76.62   10.50  445.00
  76.62   10.50  445.00
  76.60   10.50  374.89
  76.60   10.50  374.89
  76.60   10.50  374.89
  76.60   10.50  374.89
  76.59   10.51  468.05
  76.57   10.52  468.05
  76.54   10.54  617.74
  76.54   10.54  617.74
  76.52   10.55 1871.76
  76.52   10.55 1871.76
  76.50   10.55 3064.70
  76.48   10.56 7516.81
  76.48   10.56 7516.81
  76.48   10.56 7516.81
  76.48   10.56 7516.81
  76.46   10.57 4956.09
  76.46   10.57 4956.09
  76.45   10.58 2361.78
  76.45   10.58 2361.78
  76.45   10.58 2361.78
  76.45   10.58 2361.78
  76.41   10.60  951.84
  76.39   10.60  565.59
  76.39   10.60  565.59
  76.37   10.61 1973.16
  76.37   10.61 1973.16
  76.36   10.62 2236.13
  76.34   10.63 1377.89
  76.34   10.63 1377.89
  76.32   10.64 1377.89
  76.32   10.64  943.11
  76.32   10.64  943.11
  76.30   10.65 1551.27
  76.30   10.65 1551.27
  76.28   10.65  868.60
  76.26   10.66  868.60
  76.26   10.66 1449.04
  76.23   10.68 1974.36
  76.23   10.68 3055.04
  76.19   10.69 1538.99
  76.17   10.70  570.26
  76.15   10.71  535.01
  76.15   10.71  535.01
  76.13   10.72  621.00
  76.11   10.73  621.00
  76.11   10.73  675.59
  76.11   10.73  675.59
  76.09   10.73  607.89
  76.09   10.73  607.89
  76.09   10.73  607.89
  76.09   10.73  607.89
  76.07   10.74  607.89
  76.07   10.74  609.90
  76.07   10.74  609.90
  76.07   10.74  609.90
  76.06   10.75 1011.12
  76.06   10.75 1011.12
  76.06   10.75 1011.12
  76.06   10.75 1011.12
  76.04   10.76  569.18
  76.02   10.77  511.56
  76.00   10.77  714.16
  76.00   10.77  714.16
  76.00   10.77  714.16
  75.98   10.78  954.27
  75.98   10.78  954.27
  75.96   10.79  977.75
  75.94   10.80  977.75
  75.94   10.80  790.37
  75.92   10.80  790.37
  75.92   10.80 1459.80
  75.92   10.80 1459.80
  75.92   10.80 1459.80
  75.90   10.81 1346.58
  75.90   10.81 1346.58
  75.88   10.82  559.21
  75.86   10.83  452.74
  75.84   10.84 1240.08
  75.82   10.84  713.02
  75.82   10.84  713.02
  75.80   10.85  713.02
  75.78   10.86  860.32
  75.78   10.86  860.32
  75.76   10.87  899.47
  75.76   10.87  899.47
  75.74   10.87  899.47
  75.74   10.87  523.53
  75.74   10.87  523.53
  75.72   10.88  436.26
  75.70   10.89  411.61
  75.70   10.89  411.61
  75.70   10.89  411.61
  75.68   10.90  411.61
  75.68   10.90 1486.69
  75.68   10.90 1486.69
  75.64   10.91 2182.03
  75.61   10.92 2015.94
  75.59   10.93 2052.58
  75.57   10.93 2052.58
  75.57   10.93 1054.40
  75.57   10.93 1054.40
  75.53   10.95 2790.34
  75.51   10.96 4166.60
  75.49   10.96 *******
  75.47   10.97 6267.39
  75.47   10.97 6267.39
  75.45   10.98 1359.17
  75.45   10.98 1359.17
  75.40   10.99 1930.09
  75.38   11.00 1016.38
  75.38   11.00 1016.38
  75.36   11.01  558.89
  75.36   11.01  558.89
  75.34   11.02  580.63
  75.32   11.02  580.63
  75.32   11.02  803.51
  75.32   11.02  803.51
  75.30   11.03  803.51
  75.30   11.03 1329.38
  75.30   11.03 1329.38
  75.30   11.03 1329.38
  75.28   11.04 1898.39
  75.28   11.04 1898.39
  75.28   11.04 1898.39
  75.25   11.05  978.05
  75.25   11.05  978.05
  75.23   11.05  978.05
  75.23   11.05 1412.01
  75.21   11.06 1412.01
  75.19   11.07 2481.18
  75.19   11.07 2481.18
  75.17   11.07 1584.10
  75.08   11.10  579.85
  75.06   11.11  474.45
  75.01   11.12  544.18
  75.01   11.12  544.18
  75.01   11.12  544.18
  74.99   11.13 1790.24
  74.99   11.13 1790.24
  74.99   11.13 1790.24
  74.97   11.14 5570.63
  74.94   11.14 5570.63
  74.94   11.14 2552.60
  74.92   11.15 3750.55
  74.92   11.15 3750.55
  74.90   11.16 3750.55
  74.90   11.16 2781.81
  74.90   11.16 2781.81
  74.90   11.16 2781.81
  74.88   11.17 2457.98
  74.88   11.17 2457.98
  74.85   11.17 1117.17
  74.83   11.18 1117.17
  74.83   11.18 3162.21
  74.83   11.18 3162.21
  74.83   11.18 3162.21
  74.81   11.19 6456.61
  74.81   11.19 6456.61
  74.81   11.19 6456.61
  74.78   11.19 4069.64
  74.76   11.20 4069.64
  74.76   11.20 2413.24
  74.76   11.20 2413.24
  74.76   11.20 2413.24
  74.74   11.21 6985.73
  74.74   11.21 6985.73
  74.74   11.21 6985.73
  74.71   11.21 3189.60
  74.71   11.21 3189.60
  74.69   11.22 3189.60
  74.69   11.22 1760.16
  74.69   11.22 1760.16
  74.67   11.23 3327.00
  74.64   11.23 3327.00
  74.62   11.24 1368.62
  74.62   11.24 1368.62
  74.62   11.24 1368.62
  74.57   11.25 2712.09
  74.57   11.25 2712.09
  74.55   11.26 4802.75
  74.53   11.27 4802.75
  74.50   11.27 5336.94
  74.50   11.27 4348.93
  74.50   11.27 4348.93
  74.46   11.29 2251.74
  74.43   11.29 *******
  74.43   11.29 *******
  74.41   11.30 5093.31
  74.41   11.30 5093.31
  74.41   11.30 5093.31
  74.39   11.31  969.98
  74.39   11.31  969.98
  74.36   11.31  272.75
  74.36   11.31  272.75
  74.31   11.33  815.63
  74.29   11.33  413.72
  74.26   11.34  465.46
  74.26   11.34  465.46
  74.24   11.35  388.85
  74.22   11.35 1634.60
  74.22   11.35 1634.60
  74.19   11.36 *******
  74.19   11.36 *******
  74.17   11.37 4171.85
  74.17   11.37 4171.85
  74.12   11.38 2484.85
  74.12   11.38 2484.85
  74.09   11.39 2135.94
  74.09   11.39 2135.94
  74.09   11.39 2135.94
  74.09   11.39 2135.94
  74.07   11.39 2135.94
  74.07   11.39 5551.52
  74.05   11.40 4965.40
  74.05   11.40 4965.40
  74.02   11.40 4965.40
  74.02   11.40 3596.11
  74.00   11.41 3596.11
  74.00   11.41 4243.13
  74.00   11.41 4243.13
  73.97   11.42 4112.82
  73.97   11.42 4112.82
  73.97   11.42 4112.82
  73.95   11.42 3159.64
  73.95   11.42 3159.64
  73.92   11.43 *******
  73.92   11.43 *******
  73.92   11.43 *******
  73.90   11.44 *******
  73.90   11.44 *******
  73.87   11.44 *******
  73.85   11.45 7770.23
  73.85   11.45 5183.05
  73.85   11.45 5183.05
  73.85   11.45 5183.05
  73.82   11.45 4089.43
  73.82   11.45 4089.43
  73.80   11.46 4089.43
  73.80   11.46 1399.81
  73.80   11.46 1399.81
  73.77   11.47  548.04
  73.77   11.47  548.04
  73.77   11.47  548.04
  73.75   11.47  548.04
  73.75   11.47 1254.34
  73.75   11.47 1254.34
  73.75   11.47 1254.34
  73.72   11.48 3421.17
  73.72   11.48 3421.17
  73.69   11.49 1627.12
  73.69   11.49 1627.12
  73.69   11.49 1627.12
  73.69   11.49 1627.12
  73.67   11.49 1620.37
  73.67   11.49 1620.37
  73.67   11.49 1620.37
  73.67   11.49 1620.37
  73.64   11.50 1485.96
  73.64   11.50 1485.96
  73.64   11.50 1485.96
  73.64   11.50 1485.96
  73.62   11.50 1576.65
  73.62   11.50 1576.65
  73.62   11.50 1576.65
  73.59   11.51 1512.42
  73.59   11.51 1512.42
  73.57   11.52  693.28
  73.54   11.52  785.04
  73.49   11.53  762.94
  73.44   11.55 1100.16
  73.41   11.55  730.32
  73.36   11.56 1111.88
  73.33   11.57 1111.88
  73.33   11.57  774.95
  73.31   11.58 7807.17
  73.31   11.58 7807.17
  73.28   11.58 *******
  73.28   11.58 *******
  73.28   11.58 *******
  73.26   11.59 2147.90
  73.26   11.59 2147.90
  74.75    6.46  326.40
  75.44    6.85 1401.35
  75.44    6.85 1401.35
  75.44    6.85 1401.35
  76.34    7.70  861.73
  76.09    9.42  256.70
  76.09    9.43  256.70
  76.07    9.45 7515.97
  76.06    9.46 *******
  75.99    9.52 3484.27
  75.48    9.92  121.31
  75.32   10.03  146.85
  75.31   10.03  146.85
  75.31   10.03 2844.89
  75.31   10.03 2844.89
  75.29   10.04 1585.82
  75.29   10.04 1585.82
  75.28   10.05 1585.82
  74.96   10.23  222.16
  74.96   10.23  100.12
  74.96   10.23  100.12
  74.87   10.28  145.17
  74.87   10.28  145.17
  74.87   10.28  145.17
  74.85   10.29  225.81
  74.85   10.29  225.81
  74.85   10.29  225.81
  74.75   10.33  480.72
  74.73   10.34  444.35
  74.72   10.35  142.97
  74.60   10.41  837.19
  74.58   10.41  146.59
  74.10   10.62 1429.21
  74.10   10.62 1429.21
  73.95   10.68  251.98
  73.95   10.68  251.98
  73.93   10.68  343.82
  73.93   10.68  343.82
  73.91   10.69  343.82
  73.81   10.73  121.22
  73.81   10.73  121.22
  73.81   10.73  121.22
  73.77   10.74  166.05
  73.77   10.74  166.05
  73.75   10.75  330.95
  73.75   10.75  330.95
  73.71   10.77  132.95
  73.62   10.79  309.17
  73.62   10.79  309.17
  73.62   10.79  309.17
  73.62   10.79  309.17
  73.60   10.80  309.17
  73.60   10.80  401.76
  73.58   10.81  732.87
  73.58   10.81  732.87
  73.56   10.82  665.89
  73.56   10.82  665.89
  73.56   10.82  665.89
  73.54   10.82  665.89
  73.54   10.82  752.93
  73.54   10.82  752.93
  73.54   10.82  752.93
  73.54   10.82  752.93
  73.54   10.82  752.93
  73.52   10.83  461.62
  73.52   10.83  461.62
  73.52   10.83  461.62
  73.50   10.84  461.62
  73.50   10.84  300.88
  73.50   10.84  300.88
  73.48   10.84  306.41
  73.45   10.85  364.61
  73.41   10.87  223.14
  73.39   10.87  223.14
  73.39   10.87  241.46
  73.35   10.89  419.92
  73.33   10.89  591.23
  73.30   10.90  960.68
  73.30   10.90  960.68
  73.28   10.91 3418.22
  73.28   10.91 3418.22
  73.26   10.92 7683.70
  73.17   10.94 3649.33
  73.13   10.96 2794.68
  73.13   10.96 2794.68
  73.11   10.96 5798.65
  73.11   10.96 5798.65
  73.11   10.96 5798.65
  73.11   10.96 5798.65
  73.11   10.96 5798.65
  73.08   10.97 3548.15
  73.08   10.97 3548.15
  73.06   10.98  682.62
  73.06   10.98  682.62
  75.86    9.15  120.52
  75.86    9.15  120.52
  75.80    9.24  167.88
  75.80    9.24  167.88
  75.80    9.24  167.88
  75.74    9.31  255.40
  75.73    9.33  134.79
  75.72    9.34  413.53
  75.71    9.35  413.53
  75.70    9.36  623.57
  75.70    9.36  623.57
  75.69    9.37  215.98
  75.68    9.38  286.17
  75.68    9.38  286.17
  75.67    9.39  851.58
  75.67    9.39  851.58
  75.66    9.40  851.58
  75.65    9.41  298.50
  75.64    9.42  194.84
  75.64    9.43  163.10
  75.63    9.44  109.99
  75.61    9.46  142.62
  75.61    9.46  142.62
  75.60    9.47  103.14
  75.59    9.48  129.78
  75.59    9.48  129.78
  75.59    9.48  129.78
  75.58    9.49  129.78
  75.58    9.49  182.94
  75.57    9.50  214.01
  75.57    9.50  214.01
  75.55    9.52  170.56
  75.55    9.52  204.20
  75.55    9.52  204.20
  75.54    9.53  204.20
  75.54    9.53  479.08
  75.52    9.54  374.70
  75.51    9.55 2200.63
  75.51    9.55 2200.63
  75.51    9.55 2200.63
  75.50    9.56 1884.92
  75.50    9.56 1884.92
  75.49    9.57  644.30
  75.49    9.57  644.30
  75.49    9.57  644.30
  75.48    9.58  979.10
  75.48    9.58  979.10
  75.48    9.58  979.10
  75.47    9.59  979.10
  75.47    9.59 1349.90
  75.47    9.59 1349.90
  75.47    9.59 1349.90
  75.46    9.60  567.51
  75.46    9.60  567.51
  75.46    9.60  567.51
  75.45    9.61  611.74
  75.45    9.61  611.74
  75.44    9.62  439.35
  75.44    9.62  439.35
  75.43    9.63  776.86
  75.43    9.63  776.86
  75.42    9.64  776.86
  75.42    9.64 1915.27
  75.42    9.64 1915.27
  75.42    9.64 1915.27
  75.41    9.65 1256.25
  75.41    9.65 1256.25
  75.40    9.66 1256.25
  75.40    9.66 1601.59
  75.39    9.67  803.20
  75.39    9.67  803.20
  75.38    9.68  803.20
  75.38    9.68 1113.83
  75.38    9.68 1113.83
  75.37    9.68  242.96
  75.34    9.70  368.33
  75.34    9.70  398.70
  75.34    9.70  398.70
  75.34    9.70  398.70
  75.32    9.72  267.93
  75.27    9.76  495.85
  75.27    9.76  495.85
  75.24    9.79 1662.15
  75.23    9.80 1662.15
  75.23    9.80 2389.17
  75.23    9.80 2389.17
  75.21    9.80 2384.56
  75.21    9.80 2384.56
  75.21    9.80 2384.56
  75.20    9.81 3157.90
  75.20    9.81 3157.90
  75.19    9.82 3157.90
  75.19    9.82 3057.08
  75.19    9.82 3057.08
  75.18    9.83 1341.24
  75.18    9.83 1341.24
  75.18    9.83 1341.24
  75.16    9.84 2057.99
  75.15    9.85 2685.76
  75.14    9.86 6479.23
  75.14    9.86 6479.23
  75.13    9.87 *******
  75.13    9.87 *******
  75.11    9.88 *******
  75.10    9.89 7519.13
  75.10    9.89 7519.13
  75.10    9.89 7519.13
  75.09    9.90 7519.13
  75.09    9.90 2497.66
  75.09    9.90 2497.66
  75.07    9.90 2210.26
  75.06    9.91 2067.98
  75.05    9.92 2606.96
  75.03    9.93 4549.37
  75.03    9.93 4549.37
  75.02    9.94 4549.37
  75.02    9.94 2985.36
  75.01    9.95  815.49
  75.01    9.95  815.49
  74.99    9.96  815.49
  74.99    9.96 2528.26
  74.99    9.96 2528.26
  74.95    9.98  893.38
  74.94    9.99  893.38
  74.94    9.99 1249.12
  74.92   10.00  930.83
  74.90   10.02  591.44
  74.88   10.03  532.28
  74.88   10.03  532.28
  74.69   10.14 1040.41
  74.60   10.19 7015.60
  74.60   10.19  698.92
  74.60   10.19  698.92
  74.60   10.19  698.92
  74.56   10.21  278.79
  74.56   10.21  278.79
  74.55   10.22 *******
  76.21   14.21 *******
  76.17   14.21 *******
  76.14   14.21 *******
  75.91   14.21 *******
  75.87   14.21 *******
  75.46   14.21  655.64
  75.43   14.21  372.69
  75.43   14.21  372.69
  75.39   14.21  212.21
  75.39   14.21  212.21
  75.39   14.21  212.21
  75.39   14.21  212.21
  75.35   14.21  191.46
  75.35   14.21  191.46
  75.31   14.21  196.12
  75.28   14.21  508.09
  75.28   14.21  508.09
  75.28   14.21  508.09
  75.28   14.21  508.09
  75.09   14.21  943.78
  75.09   14.21  406.09
  75.09   14.21  406.09
  75.84    6.75  347.59
  75.84    6.75  347.59
  76.59    7.29  226.83
  76.61    7.31  399.57
  76.62    7.32 1485.76
  76.64    7.33 1599.87
  76.65    7.34  794.74
  76.69    7.38  618.66
  76.70    7.40  291.34
  76.70    7.40  291.34
  76.72    7.42  474.39
  76.73    7.43  446.52
  76.74    7.43  466.64
  76.80    7.49 1217.99
  76.80    7.49 1217.99
  76.84    7.54  622.67
  76.89    7.61  960.39
  76.90    7.62 1166.31
  77.00    7.76 *******
  77.08    7.90  842.97
  77.14    8.02 8885.02
  77.15    8.05 5083.69
  77.15    8.06 7167.05
  77.15    8.06 7167.05
  77.15    8.06 7167.05
  77.15    8.07 1157.69
  77.16    8.08  352.69
  77.22    8.33  105.37
  77.23    8.42 1729.71
  77.23    8.43 6163.90
  77.23    8.62 3052.07
  77.23    8.63 1258.23
  77.23    8.64 1258.23
  77.23    8.64  830.11
  77.23    8.67  404.38
  77.23    8.67  404.38
  77.22    8.68  404.38
  77.21    8.75 1155.09
  77.21    8.75 1155.09
  77.20    8.82  623.33
  77.20    8.82  623.33
  77.19    8.84 4692.47
  77.19    8.86 4923.12
  77.19    8.86 2884.33
  77.18    8.88 1653.34
  77.18    8.88 1653.34
  77.14    8.98 1107.21
  77.14    8.99  872.40
  77.13    9.00  872.40
  77.13    9.00 1873.66
  77.13    9.02 1711.13
  77.12    9.03 1150.56
  77.10    9.08  336.77
  77.08    9.12  195.82
  77.08    9.12  195.82
  77.08    9.13  537.93
  77.05    9.18 2045.74
  77.04    9.19 4672.42
  77.03    9.20 5698.15
  77.03    9.21 4100.34
  77.03    9.21 4100.34
  77.01    9.24 1036.88
  77.01    9.25  546.42
  76.93    9.37  463.99
  76.91    9.39  337.24
  76.91    9.39 1110.25
  76.90    9.40 7293.21
  76.90    9.40 7293.21
  76.89    9.41 7293.21
  76.85    9.47 2777.67
  77.00   13.56  290.12
  76.52   13.58 1093.76
  76.52   13.58 1093.76
  76.49   13.58 1630.43
  76.45   13.58 2809.38
  76.41   13.58 2809.38
  76.34   13.59 1384.42
  76.30   13.59 1384.42
  76.30   13.59 2956.86
  76.30   13.59 2956.86
  76.27   13.59 3854.04
  76.23   13.59 3854.04
  76.23   13.59 1608.56
  76.19   13.59 1979.45
  76.04   13.60 4577.50
  75.93   13.60 4533.33
  75.45   13.62 1569.31
  75.41   13.62  243.39
  75.19   13.62 1604.83
  75.15   13.62 3414.50
  74.96   13.63  599.31
  74.92   13.63 1270.91
  74.89   13.63 1270.91
  74.89   13.63  257.61
  74.89   13.63  257.61
  74.85   13.63  682.56
  74.81   13.63 2577.78
  74.77   13.64 2577.78
  74.66   13.64 *******
  74.66   13.64 *******
  74.62   13.64 *******
  74.62   13.64 5393.94
  74.36   13.65 1035.04
  74.36   13.65 1035.04
  74.36   13.65 1035.04
  74.36   13.65 1035.04
  74.32   13.65  539.69
  74.32   13.65  539.69
  74.32   13.65  539.69
  74.29   13.65  539.69
  74.29   13.65  382.59
  74.21   13.65 1290.15
  74.21   13.65 1290.15
  74.21   13.65 1290.15
  74.17   13.65  825.65
  74.17   13.65  825.65
  74.13   13.65  252.12
  74.13   13.65  252.12
  74.10   13.65  152.28
  74.10   13.65  152.28
  79.22    9.76  955.42
  79.19    9.80 5657.68
  79.19    9.80 5657.68
  79.17    9.81 1821.32
  79.17    9.81 1821.32
  79.17    9.81 1821.32
  79.17    9.81 1821.32
  79.17    9.81 1821.32
  79.16    9.83 1821.32
  79.16    9.83  992.52
  79.16    9.83  992.52
  79.11    9.88 1663.93
  79.11    9.88 1663.93
  79.10    9.89 1663.93
  79.10    9.89 1676.93
  79.10    9.89 1676.93
  79.10    9.89 1676.93
  79.08    9.91 1676.93
  79.08    9.91  153.34
  79.08    9.91  153.34
  79.07    9.92  153.34
  79.07    9.92  340.41
  79.06    9.93  340.41
  78.87   10.10  645.23
  81.50    6.52  177.84
  81.90    8.61  567.97
  81.24    9.57  357.58
  81.24    9.57  357.58
  81.24    9.57  357.58
  80.97    9.81  215.68
  80.95    9.83  291.54
  80.95    9.83  291.54
  80.93    9.84  291.54
  80.91    9.86  168.41
  80.89    9.87  296.58
  80.89    9.87  296.58
  80.89    9.87  296.58
  80.81    9.94 1075.68
  80.76    9.97  675.38
  80.66   10.04  428.49
  80.50   10.14  354.71
  80.50   10.14  354.71
  80.48   10.16  354.71
  80.48   10.16  414.80
  80.48   10.16  414.80
  80.39   10.21 1582.82
  80.39   10.21 1582.82
  80.36   10.23 1582.82
  80.36   10.23  779.13
  80.34   10.24 2339.02
  80.34   10.24 2339.02
  80.27   10.28 *******
  80.27   10.28 *******
  80.19   10.32 6406.18
  80.05   10.40 *******
  80.02   10.41 *******
  80.02   10.41 *******
  80.00   10.43 *******
  79.97   10.44 2508.62
  79.97   10.44 2508.62
  79.41   10.70  482.61
  79.36   10.72  863.22
  75.65   11.73 1143.34
  75.61   11.74 1427.21
  77.18    9.71  302.24
  76.40   10.01  205.54
  76.32   10.03  243.77
  76.29   10.04  982.51
  76.27   10.05  630.37
  76.03   10.13  700.49
  76.03   10.13  389.29
  76.03   10.13  389.29
  76.03   10.13  389.29
  76.00   10.14  200.89
  75.97   10.14  657.35
  75.97   10.14  657.35
  75.81   10.19  115.84
  75.65   10.24  170.34
  75.53   10.27  203.43
  75.53   10.27  203.43
  75.51   10.28  181.29
  75.51   10.28  181.29
  75.51   10.28  181.29
  75.48   10.29  121.82
  75.48   10.29  121.82
  75.48   10.29  121.82
  75.42   10.30  852.27
  75.39   10.31  737.32
  75.34   10.33  634.20
  75.34   10.33  282.95
  75.34   10.33  282.95
  75.31   10.33  295.08
  75.31   10.33  295.08
  75.31   10.33  295.08
  75.11   10.39  341.59
  74.93   10.43  261.19
  74.84   10.45 2007.94
  74.72   10.48  311.68
  74.72   10.48  428.88
  74.72   10.48  428.88
  74.69   10.49  128.91
  74.63   10.50  265.21
  74.60   10.51  213.14
  74.54   10.52  422.55
  74.51   10.53 1415.70
  74.51   10.53 1415.70
  74.48   10.54 1415.70
  74.48   10.54 1106.96
  74.48   10.54 1106.96
  74.45   10.55 1106.96
  74.45   10.55  312.04
  74.45   10.55  312.04
  74.42   10.55 3274.50
  74.42   10.55 3274.50
  74.42   10.55 3274.50
  74.39   10.56 3309.45
  74.39   10.56 3309.45
  74.36   10.57 1117.40
  74.36   10.57 1117.40
  74.36   10.57 1117.40
  74.36   10.57 1117.40
  74.33   10.57 1117.40
  74.33   10.57 1386.99
  74.33   10.57 1386.99
  74.33   10.57 1386.99
  74.33   10.57 1386.99
  74.30   10.58  389.51
  74.30   10.58  389.51
  74.27   10.59  389.51
  74.24   10.59  463.43
  74.24   10.59  490.38
  74.24   10.59  490.38
  74.24   10.59  490.38
  74.24   10.59  490.38
  74.21   10.60  581.97
  74.21   10.60  581.97
  74.21   10.60  581.97
  74.21   10.60  581.97
  74.21   10.60  581.97
  74.17   10.61 2273.07
  74.14   10.61 3520.35
  74.11   10.62 2210.75
  74.11   10.62 2210.75
  74.08   10.63 4028.28
  74.08   10.63 4028.28
  74.05   10.63  831.72
  74.05   10.63  831.72
  74.02   10.64  831.72
  74.02   10.64  908.49
  74.02   10.64  908.49
  74.02   10.64  908.49
  73.99   10.65  987.07
  73.96   10.65  404.78
  73.92   10.66  478.23
  73.92   10.66  478.23
  73.92   10.66  478.23
  73.89   10.67  675.76
  73.89   10.67  675.76
  73.89   10.67  675.76
  73.86   10.67 1161.93
  73.86   10.67 1161.93
  73.86   10.67 1161.93
  73.83   10.68 1161.93
  73.83   10.68  654.11
  73.83   10.68  654.11
  73.83   10.68  654.11
  73.80   10.68  409.96
  73.80   10.68  409.96
  73.80   10.68  409.96
  73.74   10.70  444.97
  73.67   10.71 2008.08
  73.67   10.71 2008.08
  73.67   10.71 2008.08
  73.64   10.72 5540.61
  73.61   10.72 4269.50
  73.58   10.73 3028.22
  73.54   10.74 3028.22
  73.54   10.74 4613.68
  73.54   10.74 4613.68
  73.54   10.74 4613.68
  73.54   10.74 4613.68
  73.51   10.74 3139.96
  73.51   10.74 3139.96
  73.51   10.74 3139.96
  73.51   10.74 3139.96
  73.48   10.75 7689.88
  73.48   10.75 7689.88
  73.48   10.75 7689.88
  73.45   10.75 8340.32
  73.45   10.75 8340.32
  73.45   10.75 8340.32
  73.41   10.76 3773.94
  73.41   10.76 3773.94
  73.38   10.77 1429.30
  73.38   10.77 1429.30
  73.38   10.77 1429.30
  73.38   10.77 1429.30
  73.35   10.77 1734.53
  73.35   10.77 1734.53
  73.32   10.78 1828.84
  73.32   10.78 1828.84
  73.32   10.78 1828.84
  73.29   10.78 1828.84
  73.29   10.78 2429.27
  73.29   10.78 2429.27
  73.25   10.79 2429.27
  73.25   10.79 3359.05
  73.25   10.79 3359.05
  73.22   10.80 3359.05
  73.22   10.80 3591.58
  73.22   10.80 3591.58
  73.22   10.80 3591.58
  73.19   10.80 4940.25
  73.19   10.80 4940.25
  73.19   10.80 4940.25
  73.15   10.81 5591.88
  73.15   10.81 5591.88
  73.15   10.81 5591.88
  73.12   10.81 5591.88
  73.12   10.81 2501.22
  73.09   10.82 5649.21
  73.09   10.82 5649.21
  73.09   10.82 5649.21
  73.06   10.83 8621.88
  73.06   10.83 8621.88
  73.06   10.83 8621.88
  73.02   10.83 *******
  73.02   10.83 *******
  72.99   10.84 *******
  77.16    8.90 *******
  77.16    8.90 8214.65
  76.75    9.18 *******
  76.71    9.21 *******
  76.71    9.21 *******
  76.67    9.23 *******
  76.63    9.25 *******
  76.63    9.25 *******
  76.63    9.25 *******
  76.63    9.25 *******
  76.63    9.25 *******
  76.63    9.25 *******
  76.63    9.25 *******
  76.61    9.26 1491.32
  76.61    9.26 1491.32
  76.61    9.26 1491.32
  76.61    9.26 1491.32
  76.59    9.27 1985.17
  76.57    9.29 1985.17
  76.57    9.29  721.31
  76.55    9.30  872.22
  76.53    9.31  872.22
  76.53    9.31 1315.73
  76.51    9.32 1315.73
  76.51    9.32 1242.86
  76.51    9.32 1242.86
  76.51    9.32 1242.86
  76.51    9.32 1242.86
  76.49    9.33 1562.83
  76.47    9.34 1562.83
  76.47    9.34 1222.00
  76.45    9.35 2320.52
  76.45    9.35 2320.52
  76.43    9.36 2320.52
  76.43    9.36 1857.69
  76.41    9.38 1378.23
  76.41    9.38 1378.23
  76.41    9.38 1378.23
  76.38    9.39 1387.49
  76.38    9.39 1387.49
  76.38    9.39 1387.49
  76.36    9.40 1387.49
  76.36    9.40 4704.86
  76.36    9.40 4704.86
  76.34    9.41 4704.86
  76.34    9.41 2524.85
  81.26   10.59  594.39
  81.24   10.59  374.70
  81.22   10.60  216.79
  81.21   10.61  310.91
  81.19   10.61  288.01
  81.19   10.61  288.01
  81.17   10.62  460.30
  80.74   10.76  248.15
  80.74   10.76  248.15
  80.72   10.77  248.15
  80.67   10.78  186.91
  80.67   10.78  186.91
  80.65   10.79  521.16
  80.63   10.79  345.53
  80.63   10.79  345.53
  80.56   10.81  157.45
  80.56   10.81  157.45
  80.53   10.82 1268.14
  80.51   10.83  129.46
  80.49   10.84  121.82
  80.49   10.84  121.82
  80.49   10.84  121.82
  80.44   10.85  137.76
  80.19   10.92  162.32
  80.19   10.92  162.32
  80.17   10.93  162.32
  80.17   10.93  409.06
  80.15   10.93  409.06
  80.15   10.93  304.16
  80.10   10.94  172.97
  80.06   10.95  275.89
  80.00   10.97  497.79
  79.97   10.98  295.04
  79.97   10.98  207.51
  79.95   10.98  207.51
  79.91   10.99  183.24
  79.90   11.00  644.41
  79.84   11.01  783.04
  79.84   11.01  783.04
  79.82   11.01  318.77
  79.80   11.02  281.65
  79.77   11.03  312.44
  79.41   11.11  252.20
  79.28   11.14  270.27
  78.64   11.27  495.11
  78.52   11.29  388.55
  78.02   11.38  346.03
  77.98   11.39  344.55
  77.96   11.39  344.55
  77.96   11.39  540.36
  77.73   11.43  768.94
  77.71   11.43  859.72
  77.67   11.44 1294.97
  77.59   11.45 1144.99
  77.57   11.46 *******
  77.55   11.46 2315.31
  77.53   11.46 2315.31
  77.47   11.47 3273.50
  77.43   11.48 4398.26
  77.39   11.48  492.78
  77.29   11.50 1935.80
  77.27   11.50  466.02
  77.25   11.50  343.78
  77.23   11.51 1159.82
  77.06   11.53  202.71
  77.04   11.54  183.96
  77.04   11.54  931.69
  77.02   11.54  931.69
  77.02   11.54  674.34
  77.00   11.54  380.01
  76.82   11.57  370.32
  76.78   11.57  701.36
  76.70   11.58  655.47
  76.66   11.59  604.48
  76.66   11.59  967.91
  76.64   11.59  370.53
  76.62   11.59  370.53
  76.60   11.60  652.07
  76.60   11.60  549.09
  76.58   11.60  549.09
  76.56   11.60  860.28
  76.34   11.63  164.24
  76.32   11.63  164.24
  76.32   11.63  324.16
  76.30   11.63  373.24
  76.28   11.64  373.24
  76.18   11.65  553.13
  76.16   11.65  323.55
  76.10   11.66 3258.45
  76.10   11.66 3258.45
  75.99   11.67   81.20
  78.68   12.52  579.46
  77.69   12.53  541.15
  77.65   12.53  939.79
  77.60   12.53  939.79
  77.52   12.53 2780.44
  77.47   12.53 1503.46
  77.43   12.53 2798.23
  77.43   12.53 2798.23
  77.39   12.53  819.26
  77.39   12.53  819.26
  77.39   12.53  819.26
  77.00   12.54 2770.17
  76.74   12.54 1797.37
  76.66   12.54 2483.64
  76.61   12.54 2483.64
  75.95   11.83 2121.45
  75.95   11.83 2121.45
  75.87   11.83 1310.28
  75.82   11.84  637.39
  75.82   11.84  637.39
  75.43   11.84 *******
  75.08   11.85 2060.39
  75.08   11.85 2060.39
  75.08   11.85 2060.39
  74.95   11.85 1844.75
  74.95   11.85 1844.75
  74.95   11.85 1844.75
  74.87   11.85 1037.98
  74.82   11.85 1082.02
  74.82   11.85 1082.02
  74.78   11.85 1002.85
  74.78   11.85 1002.85
  74.74   11.85 1197.26
  74.69   11.85 2776.65
  74.69   11.85 2776.65
  74.65   11.85 2776.65
  74.65   11.85 6262.55
  74.65   11.85 6262.55
  74.65   11.85 6262.55
  74.65   11.85 6262.55
  74.61   11.85 5710.67
  74.56   11.85 5710.67
  74.39   11.85 1943.37
  74.35   11.86  707.85
  74.26   11.86 1417.86
  74.26   11.86 1417.86
  79.41   11.96  239.00
  79.24   11.96 2037.89
  79.19   11.96 2037.89
  79.19   11.96  833.04
  78.93   11.95  439.98
  78.84   11.95 1781.25
  78.84   11.95  694.76
  78.80   11.95  694.76
  78.75   11.95  529.77
  78.75   11.95 1068.93
  78.75   11.95 1068.93
  78.75   11.95 1068.93
  78.27   11.95 3189.63
  78.22   11.95 1806.48
  77.83   11.94 5169.31
  77.83   11.94 5169.31
  77.78   11.94 5169.31
  77.78   11.94 5621.17
  77.70   11.94 2220.44
  77.65   11.94 2220.44
  76.69   11.70  257.70
  76.69   11.70  245.44
  75.98   11.70  302.49
  75.98   11.70  302.49
  75.81   11.70  439.73
  75.81   11.70  439.73
  75.76   11.70  439.73
  75.76   11.70  539.27
  75.72   11.70  635.29
  75.72   11.70  635.29
  75.67   11.70 2812.26
  75.67   11.70 2812.26
  75.63   11.70 2812.26
  75.63   11.70 1635.03
  75.63   11.70 1635.03
  75.58   11.70 1635.03
  75.58   11.70 3225.58
  75.58   11.70 3225.58
  75.58   11.70 3225.58
  75.58   11.70 3225.58
  75.54   11.70 4118.08
  75.54   11.70 4118.08
  75.50   11.70 2576.88
  75.50   11.70 2576.88
  75.50   11.70 2576.88
  75.45   11.70 7970.74
  75.45   11.70 7970.74
  75.41   11.70 2996.45
  75.41   11.70 2996.45
  75.41   11.70 2996.45
  75.36   11.70 3447.35
  75.32   11.70 1975.85
  75.32   11.70 1975.85
  75.27   11.70 1975.85
  75.27   11.70 1265.00
  75.27   11.70 1265.00
  74.92   11.70  516.46
  74.92   11.70  516.46
  74.92   11.70  516.46
  74.88   11.70  516.46
  74.88   11.70 1015.77
  74.88   11.70 1015.77
  74.83   11.70  985.29
  74.83   11.70  985.29
  74.83   11.70  985.29
  74.79   11.70 1994.46
  74.79   11.70 1994.46
  74.79   11.70 1994.46
  74.74   11.70 2128.16
  74.74   11.70 2128.16
  74.70   11.70  834.79
  74.65   11.70 1142.88
  74.65   11.70 1142.88
  74.61   11.70 1142.88
  74.61   11.70 *******
  74.48   11.70 9667.62
  74.48   11.70 *******
  74.48   11.70 *******
  74.48   11.70 *******
  74.48   11.70 *******
  74.43   11.70 *******
  74.43   11.70 *******
  74.39   11.70 5540.71
  74.39   11.70 5540.71
  74.39   11.70 5540.71
  74.39   11.70 5540.71
  79.03    7.12 *******
  78.53    7.67 4972.56
  77.91    8.11 3292.76
  77.54    8.32 *******
  76.38    9.89 4683.07
  74.36   10.21 9568.51
  74.20   10.23 *******
  74.20   10.23 *******
  74.20   10.23 *******
  78.25    8.64  400.08
  78.25    8.64  400.08
  78.22    8.65  400.08
  78.19    8.66  742.12
  78.19    8.66  742.12
  78.09    8.69 1367.33
  78.09    8.69 2339.51
  78.06    8.70  575.52
  77.80    8.78 1430.32
  77.77    8.79  508.83
  77.77    8.79  508.83
  77.73    8.80  253.97
  77.70    8.81 1299.44
  76.95    9.01  135.59
  76.77    9.05 9089.28
  76.70    9.07  792.87
  76.66    9.08  645.99
  76.63    9.09  645.99
  76.63    9.09  435.61
  76.59    9.09  680.05
  76.48    9.12  684.77
  76.16    9.19  251.26
  76.12    9.20  331.34
  76.09    9.20  592.74
  75.90    9.24 3349.73
  75.75    9.27 2353.13
  75.72    9.28 2353.13
  75.72    9.28 4284.26
  75.72    9.28 4284.26
  75.68    9.28 4974.55
  75.68    9.28 4974.55
  75.64    9.29 3374.94
  75.60    9.30 3169.65
  77.01    7.51  312.42
  76.77    7.64  229.52
  76.77    7.64  216.51
  76.77    7.64  216.51
  76.65    7.70 9184.74
  76.65    7.70 7688.43
  76.60    7.72 1044.85
  76.60    7.72 1044.85
  76.58    7.73  178.45
  80.21   10.54  225.32
  80.12   10.55 2371.67
  80.08   10.55 1436.85
  80.03   10.55  867.57
  79.99   10.55  921.35
  79.72   10.57  310.08
  79.72   10.57  310.08
  79.59   10.57  401.34
  79.59   10.57  401.34
  79.59   10.57  401.34
  79.54   10.58  401.34
  79.41   10.58  270.15
  79.41   10.58  270.15
  79.41   10.58  270.15
  79.41   10.58  270.15
  79.41   10.58  270.15
  79.36   10.59  835.34
  79.36   10.59  835.34
  79.32   10.59  835.34
  79.32   10.59  435.99
  79.27   10.59  410.31
  79.27   10.59  410.31
  79.18   10.59  527.11
  79.18   10.59  527.11
  79.18   10.59  527.11
  79.18   10.59  527.11
  79.14   10.60  527.11
  79.14   10.60 1696.07
  79.14   10.60 1696.07
  79.14   10.60 1696.07
  79.14   10.60 1696.07
  79.14   10.60 1696.07
  79.09   10.60 1743.00
  79.09   10.60 1743.00
  79.09   10.60 1743.00
  79.09   10.60 1743.00
  79.09   10.60 1743.00
  79.05   10.60  775.37
  79.05   10.60  775.37
  79.05   10.60  775.37
  79.05   10.60  775.37
  79.00   10.60 1475.84
  78.96   10.60 1475.84
  78.96   10.60 2115.07
  78.96   10.60 2115.07
  78.96   10.60 2115.07
  78.92   10.61 2115.07
  78.92   10.61 3415.46
  78.92   10.61 3415.46
  78.87   10.61 3415.46
  78.87   10.61 5893.70
  78.87   10.61 5893.70
  78.87   10.61 5893.70
  78.83   10.61 5893.70
  78.83   10.61 8252.87
  78.83   10.61 8252.87
  78.83   10.61 8252.87
  78.83   10.61 8252.87
  78.78   10.61 3742.26
  78.78   10.61 3742.26
  78.78   10.61 3742.26
  78.74   10.61 3742.26
  78.74   10.61 2200.93
  78.74   10.61 2200.93
  78.74   10.61 2200.93
  78.74   10.61 2200.93
  78.69   10.62 2166.11
  78.69   10.62 2166.11
  78.69   10.62 2166.11
  78.65   10.62 2166.11
  78.60   10.62 1141.42
  78.60   10.62 1141.42
  78.56   10.62 1141.42
  78.56   10.62 2148.06
  78.56   10.62 2148.06
  78.51   10.62 2148.06
  78.51   10.62 1162.67
  78.51   10.62 1162.67
  78.47   10.63 1162.67
  78.47   10.63  893.97
  78.47   10.63  893.97
  78.42   10.63  603.02
  78.42   10.63  603.02
  78.42   10.63  603.02
  78.38   10.63  603.02
  78.38   10.63 1529.74
  78.38   10.63 1529.74
  78.38   10.63 1529.74
  78.33   10.63 1529.74
  78.33   10.63  665.34
  78.33   10.63  665.34
  78.33   10.63  665.34
  78.24   10.64 2971.38
  78.24   10.64 2971.38
  78.24   10.64 2971.38
  78.24   10.64 2971.38
  78.20   10.64 2971.38
  78.20   10.64 3470.27
  78.20   10.64 3470.27
  78.15   10.64  779.90
  78.15   10.64  779.90
  78.11   10.64 5888.65
  78.11   10.64 5888.65
  78.11   10.64 5888.65
  78.11   10.64 5888.65
  78.07   10.64 5888.65
  78.07   10.64 5838.40
  78.07   10.64 5838.40
  78.02   10.64 *******
  78.02   10.64 *******
  78.02   10.64 *******
  78.02   10.64 *******
  77.98   10.65 *******
  77.98   10.65 *******
  77.98   10.65 *******
  77.98   10.65 *******
  77.98   10.65 *******
  77.93   10.65 3386.63
  77.93   10.65 3386.63
  77.93   10.65 3386.63
  77.93   10.65 3386.63
  77.89   10.65 3386.63
  77.89   10.65  885.21
  77.89   10.65  885.21
  77.89   10.65  885.21
  77.89   10.65  885.21
  77.84   10.65 2041.37
  77.84   10.65 2041.37
  77.84   10.65 2041.37
  77.84   10.65 2041.37
  77.80   10.65 2041.37
  77.80   10.65 5391.10
  77.80   10.65 5391.10
  77.80   10.65 5391.10
  77.80   10.65 5391.10
  77.75   10.65 2441.89
  77.71   10.66 2441.89
  77.71   10.66 *******
  77.71   10.66 *******
  77.66   10.66 5161.60
  77.66   10.66 5161.60
  77.66   10.66 5161.60
  77.62   10.66 1959.42
  77.62   10.66 1959.42
  77.62   10.66 1959.42
  77.57   10.66 1670.15
  77.57   10.66 1670.15
  77.57   10.66 1670.15
  77.57   10.66 1670.15
  77.53   10.66 1650.89
  77.53   10.66 1650.89
  77.48   10.66 1703.46
  77.48   10.66 1703.46
  77.48   10.66 1703.46
  77.48   10.66 1703.46
  77.44   10.67 2058.76
  77.39   10.67 3278.51
  77.39   10.67 3278.51
  77.30   10.67 3935.77
  77.22   10.67 4449.23
  77.22   10.67 4449.23
  77.22   10.67 4449.23
  77.17   10.67 5899.66
  77.17   10.67 5899.66
  77.17   10.67 5899.66
  77.13   10.68 *******
  77.13   10.68 *******
  77.13   10.68 *******
  77.08   10.68 4500.88
  77.08   10.68 4500.88
  77.08   10.68 4500.88
  77.04   10.68 7426.44
  76.99   10.68 *******
  76.95   10.68 *******
  76.95   10.68 *******
  76.86   10.68 6963.30
  76.81   10.69 5570.47
  76.81   10.69 5570.47
  76.77   10.69 5570.47
  76.77   10.69 *******
  76.77   10.69 *******
  76.77   10.69 *******
  76.72   10.69 6466.99
  76.72   10.69 6466.99
  76.72   10.69 6466.99
  76.72   10.69 6466.99
  76.68   10.69 5133.19
  76.68   10.69 5133.19
  76.68   10.69 5133.19
  76.68   10.69 5133.19
  76.63   10.69 5133.19
  76.63   10.69 7697.02
  76.59   10.69 7697.02
  76.59   10.69 7624.88
  76.59   10.69 7624.88
  76.59   10.69 7624.88
  76.54   10.69 4808.12
  76.54   10.69 4808.12
  76.54   10.69 4808.12
  76.50   10.70 5753.21
  76.50   10.70 5753.21
  76.45   10.70 5753.21
  76.45   10.70 7153.64
  76.45   10.70 7153.64
  76.41   10.70 7153.64
  76.28   10.70 1261.70
  76.28   10.70 2468.71
  76.28   10.70 2468.71
  76.28   10.70 2468.71
  76.05   10.71  520.30
  75.92   10.71 2025.05
  75.87   10.71 5423.59
  75.83   10.71 5460.24
  75.47   10.72  464.79
  75.34   10.73 1760.94
  75.25   10.73  331.36
  75.20   10.73  799.03
  75.20   10.73  799.03
  74.86    6.55 9275.46
  74.65    6.68 *******
  76.64    6.68 *******
  76.32    6.87 *******
  77.11    9.49 *******
  77.11    9.49 *******
  76.24    9.56 4650.26
  76.24    9.56 *******
  72.20    8.96 *******
  72.05    8.97 *******
  78.47    6.30 3403.66
  77.60    6.57 6280.36
  77.34    6.64 9341.29
  77.21    6.68 *******
  74.31    8.07 *******
  74.17    8.08 *******
  74.17    8.08 *******
  72.77    6.63 *******
  71.28    6.01 *******
  71.28    6.01 *******
  71.28    6.01 5080.58
  78.20    8.82 8879.59
  78.05    8.82 *******
  77.90    8.82 *******
  71.73    6.05 *******
  71.62    6.07 *******
  70.78    6.23 *******
  79.50    7.48 *******
  77.52    7.74 *******
  76.64    7.73 *******
  76.27    7.73 7487.61
  71.04    6.21 *******
  70.78    6.22 *******
  70.19    6.22 *******
  70.11    6.23 *******
  70.11    6.23 *******
  70.14   17.36 *******
  73.23   17.35 2393.78
  73.35   17.35 2237.73
  73.42   17.35 *******
  73.45   17.35 5381.47
  73.54   17.35 1745.64
  73.58   17.35 1745.64
  73.61   17.35 1243.84
  73.61   17.35 1243.84
  73.64   17.35  707.99
  73.70   17.34  560.78
  73.73   17.34  521.24
  73.73   17.34  521.24
  73.77   17.34  655.46
  73.83   17.34  492.96
  73.83   17.34 1153.05
  73.86   17.34 2137.23
  73.86   17.34 2137.23
  73.89   17.34  881.82
  73.89   17.34  881.82
  73.89   17.34  881.82
  73.92   17.34  881.82
  73.96   17.34  595.73
  73.99   17.34  595.73
  73.99   17.34  297.27
  74.11   17.34   98.18
  74.11   17.34   98.18
  74.46   17.34 1692.12
  74.56   17.34 1677.28
  74.59   17.34  773.18
  74.71   17.34  858.10
  74.78   17.34 1044.35
  74.78   17.34 1044.35
  74.93   17.34  573.62
  74.96   17.34  573.62
  74.96   17.34 2032.53
  74.96   17.34 2032.53
  74.96   17.34 2032.53
  74.99   17.34 2032.53
  74.99   17.34 4296.87
  75.06   17.34 2978.56
  75.06   17.34  717.41
  75.09   17.34  255.68
  75.12   17.34  255.68
  75.12   17.34  164.45
  75.15   17.34  243.46
  75.18   17.34  257.18
  75.18   17.34  257.18
  75.21   17.34  166.87
  75.21   17.34  166.87
  75.24   17.34   93.03
  77.46   17.33 2988.15
  77.46   17.33 2988.15
  77.49   17.33 1069.19
  77.80   17.32  675.56
  75.51   17.67  115.20
  75.53   17.67  112.45
  75.60   17.68  257.03
  75.62   17.69  588.16
  75.62   17.69  588.16
  75.65   17.69  588.16
  79.58   17.05   60.44
  74.89   13.65  767.32
  75.42   13.64 2749.92
  75.47   13.64 6668.41
  75.47   13.64 6668.41
  75.47   13.64 6668.41
  75.49   13.64 6668.41
  75.49   13.64 2631.71
  75.49   13.64 2631.71
  75.51   13.64 2631.71
  75.51   13.64 1598.32
  75.51   13.64 1598.32
  75.51   13.64 1598.32
  75.52   13.64  713.54
  75.54   13.64 1188.52
  75.54   13.64 1188.52
  76.14   13.63  144.79
  77.81   13.59   50.46
  77.83   13.59   94.46
  77.86   13.58  113.03
  76.68   17.08  132.07
  77.09   17.24 2064.10
  77.12   17.26  500.41
  76.69   13.96  394.01
  76.70   13.96  244.87
  76.72   13.96  422.01
  76.72   13.96  422.01
  76.79   13.96  792.25
  77.05   16.86 2153.82
  77.86   17.18  601.95
  74.46   15.02 4066.81
  77.78   15.46  554.92
  78.71   16.76  274.54
  79.03   16.90  140.56
  74.15   13.67 *******
  76.85   13.73 5800.64
  78.97   16.69  360.70
  80.63   12.27  162.72
  80.93   12.25  303.91
  80.95   12.25   58.42
  75.95   15.56 2941.02
  75.96   15.56 3502.03
  76.28   15.75  867.59
  76.29   15.76 *******
  76.30   15.76  944.77
  76.32   15.77 2016.74
  76.32   15.78 1388.63
  76.32   15.78 4724.92
  76.33   15.78 1446.96
  76.33   15.78 1093.08
  76.33   15.78 1389.66
  76.34   15.79  179.34
  76.35   15.79  405.95
  76.35   15.79  168.61
  76.38   15.81   45.61
  76.39   15.82  199.95
  76.39   15.82   97.21
  76.42   15.84   64.21
  76.69   16.04   64.97
  73.06   14.26   88.51
  77.84   15.67  956.71
  78.45   17.29  834.81
  78.45   17.29 1727.76
  78.45   17.31  578.42
  80.08   10.69 1035.84
  82.97   10.57   76.18
  76.54   12.57 1628.13
  78.66   13.16   84.51
  78.66   13.16  285.83
  78.69   13.17 2967.22
  78.73   13.19  556.31
  79.03   13.29  294.62
  77.35   11.39  101.35
  77.35   11.39  265.06
  77.40   11.40  241.35
  77.44   11.41  441.47
  77.46   11.41  239.63
  77.47   11.42  706.68
  77.49   11.42  461.55
  77.51   11.43  341.46
  77.52   11.43  173.96
  77.57   11.44 2157.51
  77.61   11.45 3334.23
  77.61   11.45 3024.50
  77.62   11.45 1167.12
  77.92   11.54   73.65
  78.00   11.56  385.74
  78.01   11.56  113.98
  78.21   11.62 1142.07
  78.21   11.62 1029.89
  78.23   11.62 2363.99
  78.24   11.63 1100.94
  78.24   11.63 4058.39
  78.25   11.63 1675.00
  78.26   11.63 1675.00
  74.92    9.41 1470.57
  74.94    9.41 7938.46
  75.00    9.42 1440.43
  75.03    9.42  936.22
  75.03    9.42  936.22
  75.04    9.42 1202.72
  75.04    9.42 1271.83
  75.07    9.42 1206.49
  75.08    9.42  300.48
  75.09    9.42  300.48
  75.14    9.42  468.65
  75.14    9.42  468.65
  75.19    9.43  528.00
  75.24    9.43   76.72
  75.26    9.43  187.29
  75.27    9.43  167.21
  75.29    9.43  179.64
  75.89    9.47 1604.39
  75.90    9.47 4557.63
  75.93    9.47 2264.20
  75.95    9.47 *******
  76.02    9.47 1263.37
  76.03    9.47 1596.24
  76.18    9.48 3271.96
  76.43    9.50 2810.75
  76.44    9.50 2603.89
  76.49    9.50 1279.36
  76.50    9.50 1238.97
  76.51    9.50 1238.97
  76.51    9.50  213.33
  76.52    9.51 6186.80
  76.57    9.51  719.27
  76.57    9.51 *******
  76.66    9.51 1954.04
  76.80    9.52  180.12
  76.82    9.53  184.52
  76.82    9.53  184.52
  76.84    9.53 3286.30
  77.41    9.57  224.44
  75.89    8.74  166.01
  76.26    8.74  272.77
  76.44    8.74  719.20
  76.95    8.75   73.89
  77.03    8.75 3063.62
  77.07    8.75  238.91
  77.43    8.75  320.13
  77.44    8.75  838.50
  77.45    8.75 2921.95
  77.47    8.75 2921.95
  77.48    8.75 2829.38
  77.48    8.75 1675.09
  77.72    8.76  276.04
  74.06    8.41 *******
  77.74    6.20 3403.68
  83.06    6.18 1283.88
  83.10    6.18 1283.88
  83.28    6.18 6879.02
  83.28    6.18 6879.02
  83.43    6.18  404.52
  83.68    6.18  924.77
  75.71   11.60  983.94
  75.71   11.60 4338.75
  75.72   11.62  697.46
  75.73   11.63 1724.04
  75.73   11.64 3240.54
  75.74   11.66 1429.10
  75.79   11.74 7111.37
  75.79   11.75 5583.31
  75.81   11.78  639.12
  75.83   11.82  345.60
  75.83   11.83  501.29
  75.83   11.83  501.29
  75.84   11.86 2031.24
  75.84   11.86 3154.91
  75.84   11.86 3154.91
  75.84   11.86 3154.91
  75.86   11.90 1028.39
  75.89   11.98 3988.37
  75.89   12.00  496.78
  75.90   12.04 1578.90
  75.90   12.04 1578.90
  75.91   12.06 1578.90
  75.91   12.06 8236.92
  75.91   12.08 3807.84
  75.91   12.08  885.11
  75.93   12.36  225.83
  75.93   12.37  250.73
  75.93   12.39  468.54
  75.92   12.50  216.79
  75.90   12.58 1147.31
  75.90   12.59 1900.73
  75.90   12.60 2373.46
  75.87   12.67  132.67
  75.84   12.76 1561.90
  75.82   12.82 1290.17
  75.79   12.86  978.85
  75.79   12.86  978.85
  75.79   12.87  372.18
  75.79   12.87  372.18
  75.78   12.88  234.34
  75.78   12.89  168.46
  75.76   12.92  152.43
  75.74   12.95  206.80
  75.71   13.01 7883.22
  75.68   13.06  183.40
  75.68   13.06  183.40
  75.64   13.11  387.24
  75.61   13.14 1022.70
  75.54   13.23  447.33
  75.54   13.23  447.33
  75.50   13.27  327.32
  75.50   13.27  327.32
  75.50   13.27  327.32
  75.49   13.29  304.32
  75.48   13.30  304.32
  75.48   13.30  701.35
  75.48   13.30  701.35
  75.48   13.30  701.35
  75.48   13.30  701.35
  75.47   13.31 3082.85
  75.46   13.32 4505.70
  75.12   13.62  803.31
  75.12   13.62  803.31
  75.11   13.63 3405.15
  75.10   13.64 2387.26
  75.03   13.69  776.56
  75.03   13.69  776.56
  75.02   13.70  776.56
  75.02   13.70 1986.61
  74.97   13.72 3050.54
  74.84   13.81 4315.23
  74.82   13.83 1536.43
  74.80   13.84 1419.43
  74.80   13.84 1419.43
  74.77   13.86  609.69
  74.77   13.86  609.69
  74.77   13.86  609.69
  74.75   13.87  609.69
  74.75   13.87  615.08
  74.75   13.87  615.08
  74.75   13.87  615.08
  74.72   13.89  362.90
  74.71   13.90  362.90
  74.68   13.92 4503.64
  74.55   13.99  786.27
  74.43   14.06 3465.01
  74.43   14.06 3465.01
  69.64   16.84 2367.77
  77.50    7.30 1787.27
  77.50    7.30 1787.27
  77.96   16.03  581.70
  76.53   17.04 *******
  75.14   17.10 1178.91
  79.76   17.72  175.47
  78.91   17.70  310.26
  78.91   17.70  310.26
  78.87   17.70  941.89
  78.87   17.70  941.89
  78.83   17.70  599.77
  78.79   17.70  529.97
  78.79   17.70  529.97
  78.70   17.70  310.36
  78.70   17.70  310.36
  78.66   17.70  546.57
  78.66   17.70  546.57
  78.66   17.70  546.57
  78.62   17.70  357.50
  78.62   17.70  357.50
  78.49   17.70  584.10
  78.49   17.70  584.10
  78.45   17.70  584.10
  78.45   17.70  287.69
  78.41   17.70  287.69
  78.41   17.70  776.69
  78.36   17.70  776.69
  78.36   17.70  497.28
  78.36   17.70  497.28
  78.19   17.69  173.01
  78.19   17.69  173.01
  78.11   17.69  359.58
  78.07   17.69  527.33
  77.56   17.69  166.81
  77.56   17.69  166.81
  77.56   17.69  166.81
  77.52   17.69  166.81
  77.43   17.69  319.51
  77.39   17.69  212.89
  77.39   17.69  318.90
  77.39   17.69  318.90
  77.35   17.68  318.90
  77.35   17.68  397.45
  77.31   17.68  397.45
  77.31   17.68  645.80
  77.26   17.68  645.80
  77.26   17.68 1068.46
  77.22   17.68 1068.46
  77.18   17.68  160.18
  77.18   17.68  160.18
  77.14   17.68  297.15
  76.29   17.67  145.16
  76.20   17.67 5446.83
  75.69   17.67  153.25
  75.69   17.67  153.25
  75.65   17.67  153.25
  74.29   17.66 *******
  73.52   17.65 3462.29
  73.48   17.65 3462.29
  73.43   17.65 2599.54
  73.43   17.65 2599.54
  73.39   17.65 3387.49
  73.26   17.65 1197.94
  73.18   17.65 3966.92
  74.79    6.48 3368.09
  74.79    6.48 3368.09
  74.82    6.48 *******
  74.82    6.48 *******
  74.38    7.58  985.99
  74.48    7.61 5032.37
  74.51    7.62 5032.37
  77.19   10.33  970.26
  77.16   10.40  846.69
  77.16   10.41  846.69
  77.15   10.43  514.01
  77.15   10.44  514.01
  77.15   10.44  568.36
  77.15   10.44  568.36
  77.13   10.48  748.10
  77.13   10.50  748.10
  77.13   10.50 2095.97
  77.13   10.50 2095.97
  77.13   10.50 2095.97
  77.13   10.50 2095.97
  77.12   10.51 3681.74
  77.12   10.51 3681.74
  77.11   10.52 1431.42
  77.11   10.54 1431.42
  77.11   10.54 3346.02
  77.11   10.54 3346.02
  77.10   10.55 1751.24
  77.10   10.55 1751.24
  77.10   10.57  701.85
  77.10   10.57  701.85
  77.08   10.59  893.31
  77.07   10.61  893.31
  77.07   10.62  901.22
  77.07   10.62  901.22
  77.07   10.62  901.22
  77.06   10.64  436.80
  77.05   10.65  436.80
  77.05   10.65  534.50
  77.04   10.66  679.73
  77.04   10.66  679.73
  77.04   10.68 1210.96
  77.03   10.69  786.86
  77.03   10.69  786.86
  77.03   10.69  786.86
  77.02   10.71  786.86
  77.02   10.71  760.22
  77.02   10.71  760.22
  77.00   10.73 1978.79
  76.99   10.75 1255.47
  76.90   10.88  458.67
  76.89   10.90 1269.37
  76.86   10.94  602.86
  76.84   10.95  354.16
  76.82   10.98  521.56
  76.82   10.98  521.56
  76.81   10.99  717.25
  76.80   11.01  741.17
  76.80   11.01  741.17
  76.80   11.01  741.17
  76.80   11.01  741.17
  78.09   15.51  275.94
  76.67   15.61 1338.36
  76.63   15.61 1338.36
  75.96   15.65 4028.36
  75.96   15.65 *******
  75.38   15.68 2370.67
  75.29   15.68 2502.64
  75.29   15.68 2502.64
  75.24   15.68 1654.81
  75.15   15.69  964.47
  75.15   15.69  964.47
  74.70   15.71 2089.84
  78.67   11.88  460.22
  78.65   11.90  150.98
  78.60   11.93  745.53
  78.60   11.93  745.53
  78.53   11.97  858.60
  78.51   11.98 1033.68
  78.43   12.02  198.93
  78.34   12.07  370.48
  78.34   12.07  370.48
  78.31   12.09  325.96
  78.31   12.09  325.96
  78.21   12.14  321.53
  78.19   12.15 1176.64
  78.16   12.17 1149.96
  78.14   12.18 1149.96
  78.14   12.18  847.55
  78.14   12.18  847.55
  78.11   12.19  365.07
  78.11   12.19  365.07
  77.98   12.25 2481.57
  77.90   12.29  599.61
  77.74   12.36  142.25
  77.71   12.38  207.44
  77.66   12.40  210.72
  77.63   12.41  813.63
  77.29   12.55  167.93
  77.26   12.56  460.29
  77.26   12.56  460.29
  77.23   12.57 1633.01
  77.23   12.57 1633.01
  77.20   12.58  685.85
  77.20   12.58  685.85
  77.17   12.59  685.85
  77.17   12.59 3711.14
  77.14   12.60 1219.94
  77.14   12.60 1219.94
  77.11   12.61  166.51
  77.11   12.61  166.51
  77.08   12.63  771.74
  77.08   12.63  771.74
  77.05   12.64 1166.97
  77.05   12.64 1166.97
  77.05   12.64 1166.97
  77.02   12.65  873.92
  77.02   12.65  873.92
  76.99   12.66 1339.51
  76.93   12.68  216.20
  76.87   12.70  666.84
  76.87   12.70  666.84
  76.87   12.70  666.84
  76.87   12.70  666.84
  76.84   12.71  805.97
  76.84   12.71  805.97
  76.84   12.71  805.97
  76.81   12.72  805.97
  76.81   12.72  275.02
  76.78   12.73  596.72
  76.78   12.73  596.72
  76.75   12.74  596.72
  76.75   12.74 1839.85
  76.75   12.74 1839.85
  76.59   12.79 1960.68
  76.59   12.79 2690.70
  76.53   12.81 1170.90
  76.50   12.82  878.72
  76.47   12.83  878.72
  76.47   12.83  280.35
  76.47   12.83  280.35
  76.43   12.84  559.48
  76.43   12.84  559.48
  76.27   12.89 2084.64
  76.27   12.89 2084.64
  76.24   12.90  970.22
  76.24   12.90  970.22
  76.24   12.90  970.22
  76.21   12.91 2116.96
  76.21   12.91 2116.96
  76.18   12.92 4093.70
  76.18   12.92 4093.70
  76.18   12.92 4093.70
  76.18   12.92 4093.70
  76.15   12.93  347.91
  76.30    7.97  344.62
  76.63   11.13   87.16
  76.60   11.13   87.16
  76.52   11.13  101.01
  76.52   11.13  101.01
  76.50   11.13  101.01
  76.45   11.13 5806.37
  76.45   11.13 5806.37
  76.42   11.13 2434.94
  76.40   11.13 1523.23
  76.35   11.13 *******
  76.25   11.13 6372.27
  76.15   11.12 1289.23
  76.15   11.12 1139.68
  76.12   11.12  319.48
  76.10   11.12  294.41
  76.05   11.12  843.81
  76.05   11.12  122.44
  76.02   11.12  122.44
  76.02   11.12  162.10
  76.00   11.12  241.88
  75.97   11.12  733.09
  75.97   11.12  733.09
  75.95   11.12  740.33
  75.87   11.12  666.85
  75.85   11.12  597.12
  75.82   11.12  865.44
  75.82   11.12  865.44
  75.80   11.12  879.54
  75.75   11.12  420.66
  75.72   11.12  420.66
  75.72   11.12  714.08
  75.70   11.12 1266.07
  75.67   11.12 1438.28
  75.65   11.12 1438.28
  75.65   11.12  382.96
  75.60   11.12  791.23
  75.55   11.12 2467.65
  74.76   11.11 9932.71
  74.76   11.11 9932.71
  74.76   11.11 9932.71
  74.47   11.10  983.45
  74.26    7.43 2503.98
  74.19    7.45  285.63
  79.66    9.55 4649.06
  78.28    9.67 1044.13
  78.28    9.67 1044.13
  78.25    9.67  615.22
  76.62    9.77 6273.61
  75.89    9.81 1499.89
  75.89    9.81  156.76
  75.13    9.85  632.62
  75.50    6.54 *******
  73.71    7.09  698.14
  73.34    7.18 *******
  73.32    7.18 *******
  79.17   10.34  690.41
  78.35   10.34  502.54
  74.60    6.20 *******
  74.05    8.58 *******
