  77.13   10.65   47.38
  77.14   10.65  270.21
  78.36   10.71   49.33
  78.49   10.72   52.94
  78.98   10.75   45.22
  77.95   11.56 1025.28
  80.36   12.01  137.99
  80.37   12.01  601.91
  80.39   12.01  333.24
  80.43   12.02  417.67
  80.47   12.03  486.88
  80.47   12.04  302.83
  80.52   12.05  140.53
  80.54   12.05  134.39
  80.56   12.06  243.13
  80.58   12.06  506.32
  80.60   12.07  274.87
  80.60   12.07  274.87
  80.61   12.07  253.40
  80.61   12.07  529.53
  80.61   12.07  529.53
  80.65   12.08  349.68
  80.66   12.08  857.80
  80.66   12.08  857.80
  80.68   12.09 4138.15
  80.74   12.10  447.50
  80.74   12.10  131.20
  80.75   12.11   99.97
  80.76   12.11  325.52
  80.77   12.11  325.52
  80.78   12.11   98.36
  80.78   12.11  264.54
  75.57   12.86  444.00
  75.59   12.86  470.39
  75.77   12.92 1534.97
  75.87   12.95 1420.60
  76.06   13.01 1765.28
  76.51   13.16  826.55
  76.75   13.25  287.89
  76.79   13.26  300.56
  76.89   13.30 1037.38
  76.90   13.31  581.29
  76.90   13.31  581.29
  76.93   13.32  684.63
  76.93   13.32 1211.56
  76.93   13.32  911.63
  77.01    9.31  690.74
  77.03    9.31  138.69
  77.10    9.32  947.72
  77.15    9.33  551.35
  77.17    9.34  373.44
  77.17    9.34  208.21
  77.18    9.34  202.23
  77.18    9.34  176.31
  77.20    9.34  268.76
  77.20    9.34  714.25
  77.21    9.34  476.01
  77.22    9.34  350.80
  77.26    9.35  340.27
  77.26    9.35  340.27
  77.28    9.35  422.56
  77.33    9.36  327.67
  77.37    9.37  252.26
  77.42    9.38  295.58
  77.43    9.38  719.16
  77.54    9.40  255.73
  77.54    9.40  424.86
  78.10    9.51  202.00
  78.11    9.51  323.58
  78.14    9.51  262.08
  78.15    9.52  158.85
  78.16    9.52  158.85
  78.25    9.54 1623.78
  72.06    8.47  353.15
  72.15    8.48 2256.02
  72.21    8.50 4830.86
  72.89    8.65  222.22
  73.18    8.72  528.39
  73.31    8.75 1034.25
  73.38    8.77 1647.87
  73.90    8.91  652.80
  74.21    9.00 1045.95
  74.22    9.00 1045.95
  74.43    9.06  177.03
  74.57    9.11  719.60
  74.58    9.11 1009.34
  74.63    9.12 1332.48
  74.65    9.13 1792.45
  74.66    9.13  565.86
  74.67    9.14  966.91
  75.06    9.27  340.43
  75.34    9.38  170.62
  75.45    9.42  262.58
  76.81   10.11  409.15
  77.10   10.31  659.85
  77.10   10.31  659.85
  77.10   10.31  595.26
  77.11   10.31  595.26
  77.12   10.32  260.74
  77.19   10.38  315.08
  77.33   10.50  523.62
  77.42   10.58 1580.01
  77.42   10.58 1580.01
  77.46   10.63 1093.41
  77.50   10.66  624.22
  77.51   10.68 5011.52
  77.52   10.68  816.02
  77.52   10.69  816.02
  77.54   10.71 2110.61
  77.59   10.76  197.02
  77.68   10.88  273.46
  77.68   10.88  273.46
  77.88   11.19  678.61
  77.93   11.32  690.21
  77.99   11.50  872.06
  78.02   11.77 1533.53
  78.00   12.08  325.44
  78.00   12.08  325.44
  77.99   12.12  168.72
  77.98   12.13  168.72
  77.98   12.16  396.61
  77.97   12.19  276.49
  77.90   12.37  248.97
  77.83   12.52  310.29
  77.83   12.52  310.29
  77.81   12.55  221.05
  77.25   13.19  139.02
  77.07   13.33  711.66
  76.01   13.96  785.98
  75.99   13.97   84.76
  75.98   13.97  286.98
  75.82   14.04 2199.63
  75.82   14.04 2199.63
  75.78   14.06  314.59
  75.58   14.14  293.00
  75.55   14.16  397.40
  75.53   14.16  350.66
  75.45   14.20  384.00
  75.83    6.02   77.28
  75.83    6.02  543.34
  78.70    6.07  638.25
  74.90    8.42  377.10
  75.66    8.61  470.14
  75.67    8.61  864.53
  75.82    8.65 2392.11
  75.86    8.66   54.34
  75.89    8.67 1160.39
  75.90    8.67 2068.95
  79.90   12.48  263.06
  79.90   12.48  263.06
  79.90   12.48  263.06
  79.70   12.81  232.01
  79.70   12.81  232.01
  79.65   12.88  309.89
  79.62   12.93  826.91
  79.59   12.96  286.45
  78.31    6.76  734.99
  78.37    6.76  321.15
  78.37    6.76  321.15
  77.53    7.55  608.92
  77.53    7.55 1046.58
  77.61    7.56 1418.74
  77.61    7.56 1418.74
  77.64    7.57 2559.32
  77.64    7.57 1629.50
  77.66    7.57  587.43
  77.68    7.58  193.99
  77.69    7.58 1069.21
  77.70    7.58 2259.88
  78.00    7.64  200.20
  78.06    7.65 1242.97
  78.07    7.65 1666.63
  78.09    7.66 2012.07
  78.29    7.70 6868.81
  75.68    8.88  667.21
  75.69    8.88  756.09
  75.70    8.89  178.77
  75.76    8.91  801.54
  75.76    8.91  801.54
  75.77    8.91  834.98
  75.79    8.92 2605.03
  75.79    8.92 2605.03
  77.23    9.65  984.82
  76.38    7.38 *******
  76.84    7.49  880.05
  74.75   16.68 1518.75
  72.71   16.67 2298.04
  76.03    7.37  555.88
  76.05    7.38  996.04
  76.07    7.38  901.65
  76.96    7.63  567.19
  76.96    7.63 2215.59
  77.07    7.66 1495.54
  77.45    7.79   79.49
  77.46    7.79   79.49
  77.49    7.80  648.06
  77.49    7.80  648.06
  77.49    7.80  648.06
  77.51    7.81 3885.79
  77.51    7.81 3885.79
  77.52    7.81 3885.79
  77.54    7.82 2387.97
  77.54    7.82 2387.97
  77.55    7.82 3409.80
  77.61    7.85  974.24
  77.61    7.85  974.24
  77.72    7.88 1184.56
  77.72    7.88 1184.56
  77.74    7.89 1184.56
  77.75    7.90  987.62
  77.75    7.90  421.51
  77.75    7.90  421.51
  77.78    7.91  525.92
  77.78    7.91  525.92
  77.80    7.91  284.09
  77.80    7.91  284.09
  77.80    7.91  284.09
  77.81    7.92  284.09
  77.83    7.92  206.50
  77.83    7.92  206.50
  77.83    7.92  206.50
  77.89    7.95  348.59
  77.92    7.96  429.17
  77.96    7.98  206.65
  77.96    7.98  206.65
  77.96    7.98  206.65
  78.02    8.00  394.02
  78.03    8.00  216.48
  78.05    8.01  191.12
  78.06    8.02  214.99
  78.13    8.05  154.61
  78.13    8.05  154.61
  78.16    8.06  349.00
  78.16    8.06  349.00
  78.16    8.06  349.00
  78.19    8.07  249.92
  78.26    8.10   69.78
  78.34    8.13  136.12
  78.36    8.14 1844.26
  78.36    8.14 1844.26
  78.36    8.14 1844.26
  78.36    8.14 1844.26
  78.38    8.15 1592.15
  78.39    8.16 1592.15
  78.39    8.16  436.88
  78.39    8.16  436.88
  78.41    8.16  436.88
  78.41    8.16  213.18
  78.43    8.18  181.14
  78.43    8.18  181.14
  78.46    8.19  278.26
  78.46    8.19  278.26
  78.46    8.19  278.26
  78.48    8.19  326.54
  78.49    8.20  567.04
  78.49    8.20  567.04
  78.50    8.21  567.04
  78.50    8.21  433.60
  78.53    8.22  182.06
  78.61    8.26  145.57
  78.61    8.26  145.57
  78.63    8.27  640.12
  78.64    8.27  702.48
  78.64    8.27  702.48
  78.65    8.28 1998.02
  78.68    8.29  301.64
  78.68    8.29  301.64
  78.69    8.30  662.45
  78.76    8.33  466.12
  78.78    8.34 1302.56
  78.84    8.37  243.01
  78.89    8.40  324.42
  80.20    9.38 1164.68
  80.21    9.39  906.48
  80.24    9.44  858.68
  80.25    9.44 2245.48
  80.64   11.27  249.41
  80.63   11.29  557.58
  80.62   11.32  599.40
  80.60   11.36  407.66
  80.60   11.37  407.66
  80.60   11.37  370.05
  80.60   11.37  370.05
  80.58   11.42  191.95
  80.51   11.56  242.34
  80.50   11.57  247.30
  80.44   11.66 3504.68
  80.44   11.67 3504.68
  80.44   11.67 9236.64
  80.44   11.67 9236.64
  80.44   11.67 9236.64
  80.44   11.67 9236.64
  80.43   11.68 3105.55
  80.42   11.69 3105.55
  80.42   11.69  519.35
  80.42   11.70  394.75
  80.41   11.71  767.71
  80.40   11.72  575.12
  80.40   11.74  738.08
  80.40   11.74  738.08
  80.40   11.74  738.08
  80.39   11.75  510.96
  80.37   11.78  525.38
  80.31   11.86  405.91
  80.30   11.87  466.99
  80.23   11.95  317.51
  80.23   11.95  422.98
  80.22   11.96  515.85
  80.22   11.97  698.77
  80.21   11.98  698.77
  80.21   11.98  633.33
  80.20   11.99  836.01
  80.11   12.09  769.22
  80.11   12.09  769.22
  80.10   12.10  972.17
  80.10   12.10  972.17
  80.08   12.12  867.23
  80.06   12.14  448.82
  80.05   12.15  473.35
  80.05   12.15  473.35
  79.97   12.23 1323.62
  79.93   12.26 1352.53
  79.93   12.26 1550.69
  79.92   12.27 1550.69
  79.92   12.27 1421.37
  79.91   12.28 1421.37
  79.90   12.29 1377.45
  79.83   12.35 1182.75
  79.83   12.35 1182.75
  79.83   12.35 1182.75
  79.78   12.39  960.74
  79.75   12.42  780.86
  79.71   12.44 1009.35
  79.70   12.45  963.65
  79.69   12.46  958.99
  79.61   12.53 1223.78
  79.54   12.57 1095.94
  79.53   12.58 1063.97
  79.39   12.68  632.21
  79.36   12.69  326.92
  79.32   12.72  555.52
  79.15   12.82 1846.72
  79.14   12.83  593.80
  79.14   12.83  593.80
  79.12   12.84  239.23
  79.11   12.85  255.62
  79.09   12.86  200.86
  79.08   12.87  187.85
  79.04   12.89  258.55
  78.84   13.00  354.10
  78.78   13.03  180.75
  78.67   13.08  396.48
  78.65   13.09  322.40
  78.60   13.12  472.27
  78.60   13.12  472.27
  78.49   13.17  223.12
  78.47   13.18  201.12
  78.32   13.25  101.87
  78.25   13.27  106.32
  78.17   13.31  308.34
  78.11   13.33  111.90
  78.11   13.33  111.90
  78.08   13.35  218.99
  78.06   13.35  436.87
  78.04   13.36  436.87
  77.99   13.38  276.21
  77.97   13.39  334.58
  77.95   13.40  334.58
  77.86   13.43  191.73
  77.75   13.47  129.66
  77.70   13.49  418.66
  77.66   13.51  498.81
  77.64   13.51  538.84
  77.57   13.54 2000.61
  77.53   13.56  182.56
  77.53   13.56  182.56
  83.85   11.18 1279.61
  83.85   11.18 2694.56
  77.44   14.78  363.92
  77.41   14.78  363.92
  77.38   14.79 2712.22
  77.36   14.79 2949.14
  74.77    6.26 1098.58
  78.16    6.95  124.24
  78.20    6.96  934.08
  78.27    6.99  286.75
  78.32    7.00  184.73
  78.32    7.00  184.73
  78.37    7.01   81.96
  78.47    7.04  248.38
  78.49    7.05  296.36
  79.52    7.40  110.87
  79.53    7.41  110.87
  79.53    7.41   95.11
  79.53    7.41   95.11
  79.54    7.41   95.11
  79.58    7.43  171.98
  79.58    7.43  171.98
  79.61    7.44  189.49
  79.62    7.45  104.01
  79.81    7.52  225.28
  79.81    7.52  137.51
  79.81    7.52  137.51
  79.82    7.53  173.29
  79.83    7.54  196.94
  79.85    7.54  196.94
  80.05    7.63  321.29
  80.05    7.63  321.29
  80.11    7.66  220.63
  80.12    7.67  214.30
  80.12    7.67  214.30
  80.16    7.69 1767.89
  80.17    7.69 1767.89
  80.17   12.88  165.59
  80.11   12.91  145.30
  80.11   12.91  145.30
  79.99   12.96  539.51
  79.87   13.02  777.53
  79.85   13.03  777.53
  79.85   13.03  684.46
  79.83   13.03  403.90
  79.82   13.04  403.90
  79.82   13.04  297.04
  79.80   13.05  297.04
  79.80   13.05  220.93
  79.80   13.05  220.93
  79.79   13.05  179.17
  79.77   13.06  179.17
  79.75   13.07  138.60
  79.69   13.10  145.59
  79.67   13.10  307.93
  79.67   13.10  307.93
  79.66   13.11  493.06
  79.64   13.12  315.31
  79.64   13.12  315.31
  79.61   13.13 1389.91
  79.61   13.13 1389.91
  79.59   13.14  714.12
  79.59   13.14  714.12
  79.59   13.14  714.12
  79.57   13.14  714.12
  79.57   13.14  269.90
  79.57   13.14  269.90
  79.56   13.15  320.23
  79.54   13.16  320.23
  79.54   13.16  322.54
  79.54   13.16  322.54
  79.51   13.17  195.15
  79.51   13.17  195.15
  79.51   13.17  195.15
  79.49   13.18  120.90
  79.47   13.18  120.90
  79.46   13.19  337.53
  79.42   13.20  615.78
  79.41   13.21 1279.24
  79.37   13.22  234.97
  79.34   13.23  150.46
  79.29   13.25  173.51
  79.27   13.26  563.37
  79.24   13.27  228.54
  79.22   13.28  445.95
  79.22   13.28  445.95
  79.20   13.28  445.95
  79.19   13.29  249.82
  79.19   13.29  249.82
  79.17   13.30  249.82
  79.17   13.30  189.27
  79.13   13.31  354.36
  79.13   13.31  354.36
  79.13   13.31  354.36
  79.13   13.31  354.36
  79.13   13.31  354.36
  79.03   13.35  177.25
  78.85   13.41  262.22
  78.83   13.41 2010.47
  78.63   13.48 5007.77
  78.60   13.49  623.16
  78.60   13.49  623.16
  78.48   13.52  619.89
  78.47   13.53 1816.62
  78.45   13.53 1816.62
  78.45   13.53 1078.12
  78.45   13.53 1078.12
  78.35   13.56 1791.48
  78.33   13.57 3083.80
  78.32   13.57 3083.80
  78.30   13.58   99.41
  78.05   13.65  223.74
  77.54   13.78  466.79
  76.88   13.93 1003.00
  76.82   13.94  142.31
  76.80   13.94  249.08
  76.80   13.94  249.08
  76.78   13.95  399.58
  76.50   14.00  417.16
  76.50   14.00  417.16
  76.48   14.01  417.16
  76.48   14.01 1445.87
  76.48   14.01 1445.87
  76.46   14.01 2771.17
  76.44   14.02 7470.46
  76.44   14.02 7470.46
  76.42   14.02 *******
  76.42   14.02 *******
  76.40   14.02 *******
  76.40   14.02 *******
  76.38   14.03 1639.07
  76.38   14.03 1639.07
  76.36   14.03 1639.07
  76.23   14.06 1498.44
  76.20   14.06  699.12
  76.20   14.06  699.12
  76.10   14.08 1679.89
  75.25   14.23  304.12
  77.76    8.12  517.92
  77.77    8.13  517.92
  77.94    8.23 1455.81
  78.46    8.58 1343.96
  78.62    8.71  312.39
  78.74    8.81  483.25
  78.74    8.81  483.25
  78.83    8.90  379.92
  78.86    8.93  905.97
  78.86    8.94  811.61
  78.93    9.01 8909.06
  78.96    9.04   95.30
  79.01    9.10 1556.07
  79.02    9.11 1556.07
  79.02    9.11 1026.84
  79.02    9.11 1026.84
  79.02    9.11 1026.84
  79.06    9.17   87.38
  79.07    9.17  224.89
  79.08    9.20 3596.51
  79.13    9.26  483.64
  79.13    9.26  483.64
  79.13    9.26  814.79
  79.13    9.26  814.79
  79.18    9.34 1266.57
  79.42   10.38  856.10
  79.42   10.38  856.10
  79.42   10.40  460.98
  79.42   10.40  460.98
  79.42   10.40  460.98
  78.77   11.53 1711.66
  78.76   11.54 1711.66
  78.76   11.54 1107.69
  78.76   11.54 1107.69
  78.75   11.54 1107.69
  78.75   11.54  561.36
  78.75   11.54  561.36
  78.75   11.54  561.36
  78.75   11.54  561.36
  78.75   11.55  561.36
  78.71   11.58  319.33
  78.70   11.59  253.64
  78.43   11.82  281.61
  78.43   11.82  281.61
  78.43   11.82  281.61
  78.42   11.83  281.61
  78.41   11.83 1287.62
  78.41   11.83 1191.63
  78.41   11.83 1191.63
  78.40   11.84 1919.27
  78.39   11.85 1919.27
  78.39   11.85 5449.28
  78.38   11.86 6607.27
  78.38   11.86 6607.27
  78.38   11.86 6607.27
  78.37   11.86 1295.78
  78.36   11.87 1295.78
  78.32   11.89  504.27
  78.32   11.89  504.27
  78.30   11.91 5930.29
  78.30   11.91 5930.29
  78.29   11.92 5930.29
  78.29   11.92 3186.30
  78.27   11.93  407.38
  78.26   11.94 1460.35
  78.26   11.94 1460.35
  78.25   11.94 2421.08
  78.24   11.95  144.18
  78.17   12.00  174.47
  78.11   12.04  287.86
  78.11   12.04  287.86
  78.11   12.04  287.86
  77.71   12.27  974.50
  77.62   12.32 1969.14
  77.58   12.34  274.07
  76.98   12.61  159.44
  82.29   16.60 1489.50
  81.68   16.57 1271.52
  81.51   16.56  226.04
  81.49   16.56  594.02
  80.79   16.54  394.14
  80.79   16.54  264.62
  80.08   16.51  680.18
  79.72   16.50  467.32
  79.26   16.49  647.70
  77.77   16.46  164.05
  77.74   16.46  440.41
  77.68   16.46 3468.87
  77.68   16.46 3468.87
  77.65   16.46 1643.27
  77.57   16.46  319.99
  77.57   16.46  319.99
  77.54   16.46  698.22
  76.32    7.33 2780.38
  76.32    7.33 2780.38
  76.32    7.33 2780.38
  76.34    7.33 1024.04
  76.36    7.34 1024.04
  76.36    7.34  801.25
  76.37    7.34 1437.54
  76.37    7.34 1437.54
  76.39    7.35 3996.20
  76.40    7.35 4004.42
  76.40    7.35 4004.42
  76.42    7.36 4004.42
  76.42    7.36 8190.22
  76.44    7.37 8190.22
  76.44    7.37 5194.92
  76.45    7.37 4821.56
  76.45    7.37 4821.56
  76.45    7.37 4821.56
  76.47    7.38 4821.56
  76.47    7.38 2985.91
  76.47    7.38 2985.91
  76.49    7.38 2985.91
  76.49    7.38 3775.24
  76.50    7.39 1976.53
  76.50    7.39 1976.53
  76.52    7.39 1976.53
  76.52    7.39  612.99
  76.52    7.39  612.99
  76.53    7.40  612.99
  76.53    7.40 1107.44
  76.53    7.40 1107.44
  76.55    7.40  620.28
  76.55    7.40  620.28
  76.58    7.42  656.23
  76.58    7.42 1367.83
  76.58    7.42 1367.83
  76.58    7.42  521.15
  76.60    7.42  521.15
  76.62    7.43  491.50
  76.63    7.43  851.43
  76.63    7.43  851.43
  76.70    7.46  338.03
  76.70    7.46  338.03
  76.70    7.46  338.03
  76.71    7.46  484.49
  76.73    7.47  993.87
  76.74    7.47  790.05
  76.74    7.47  790.05
  76.74    7.47  790.05
  76.76    7.48  707.72
  76.78    7.49  707.72
  76.78    7.49  459.19
  76.79    7.49  459.19
  76.81    7.50  726.53
  76.82    7.50  726.53
  76.82    7.50 1950.28
  76.82    7.50 1950.28
  76.84    7.51 1950.28
  76.84    7.51 *******
  76.84    7.51 *******
  76.84    7.51 *******
  76.85    7.52 2969.51
  76.85    7.52 2969.51
  76.87    7.52  409.56
  76.89    7.53  841.67
  76.90    7.53  841.67
  76.95    7.55  195.63
  76.95    7.55  189.64
  76.95    7.55  189.64
  76.95    7.55  189.64
  76.98    7.56  152.83
  77.01    7.58  277.70
  77.03    7.58  277.70
  77.03    7.58 1309.36
  77.04    7.59 1309.36
  77.04    7.59  417.31
  77.04    7.59  417.31
  77.06    7.59  217.00
  77.06    7.59  217.00
  77.07    7.60  217.00
  77.09    7.61  425.36
  77.09    7.61  425.36
  77.12    7.62  363.05
  77.12    7.62  736.87
  77.13    7.63 2341.54
  77.16    7.64  396.23
  77.18    7.64  185.28
  77.19    7.65  323.39
  77.19    7.65  200.61
  77.24    7.67  340.13
  77.27    7.68 1187.74
  77.29    7.69 1796.19
  77.29    7.69 1796.19
  77.30    7.69 2250.44
  77.30    7.69 2250.44
  77.32    7.70  150.90
  77.35    7.71  261.96
  77.36    7.72  308.71
  77.38    7.73 1084.70
  77.38    7.73 1084.70
  77.39    7.73  970.22
  77.39    7.73  970.22
  77.40    7.74  970.22
  77.40    7.74 1368.41
  77.42    7.75 1126.63
  77.42    7.75 1126.63
  77.45    7.76 1122.26
  77.49    7.78  460.80
  77.51    7.79  427.72
  77.57    7.81  333.09
  77.69    7.88  196.51
  77.78    7.92  274.49
  78.65    8.45  130.77
  79.17    8.90  134.43
  79.20    8.94 2085.03
  79.20    8.94 2085.03
  79.21    8.95  279.38
  79.21    8.95  279.38
  79.22    8.96  279.38
  79.22    8.96 1033.42
  79.23    8.97 1033.42
  79.23    8.97 1254.50
  79.23    8.97 1254.50
  79.24    8.98  747.35
  79.24    8.99  839.56
  79.25    9.00  507.65
  79.26    9.01  541.82
  79.26    9.01  541.82
  79.26    9.01  541.82
  79.26    9.01  541.82
  79.27    9.03 2659.26
  79.27    9.03 5013.56
  79.27    9.03 5013.56
  79.29    9.04  263.43
  79.29    9.04  263.43
  79.29    9.04  263.43
  79.31    9.06  487.88
  79.31    9.07  802.43
  79.31    9.07  802.43
  79.32    9.08  802.43
  79.34    9.11  240.94
  79.34    9.11  240.94
  79.36    9.13  910.59
  79.38    9.17  312.08
  79.45    9.27  191.99
  79.45    9.28   89.63
  79.46    9.29  131.44
  79.47    9.30  259.21
  79.47    9.30  259.21
  79.47    9.30  259.21
  79.47    9.31  734.20
  79.47    9.31  734.20
  79.48    9.32 1170.48
  79.56    9.48   95.42
  80.28   15.12 3194.86
  79.42   15.14 2291.79
  79.42   15.14 4723.69
  79.39   15.14 2140.60
  79.36   15.14 1177.28
  79.33   15.14 1177.28
  79.17   15.15  179.22
  79.17   15.15 1648.54
  78.95   15.15 3800.58
  78.80   15.15  560.74
  78.80   15.15  560.74
  78.77   15.15 2442.22
  78.73   15.15 2186.64
  78.70   15.15  697.62
  78.61   15.16 1018.48
  78.61   15.16 1018.48
  78.58   15.16  454.19
  78.52   15.16  274.46
  78.48   15.16  167.21
  78.45   15.16  296.45
  78.45   15.16  296.45
  78.42   15.16 1110.08
  78.33   15.16 2856.47
  78.33   15.16  673.71
  78.33   15.16  673.71
  78.33   15.16  673.71
  78.17   15.16  201.34
  78.17   15.16  201.34
  78.17   15.16  201.34
  78.17   15.16  201.34
  78.17   15.16  201.34
  78.14   15.16  460.76
  78.14   15.16  460.76
  78.14   15.16  460.76
  78.08   15.16  199.32
  78.01   15.16 1044.29
  78.01   15.16 1044.29
  78.01   15.16 1044.29
  78.01   15.16 1044.29
  77.98   15.16 1731.45
  77.98   15.16 1731.45
  77.95   15.16 1731.45
  77.95   15.16  998.49
  77.95   15.16  998.49
  77.92   15.17  998.49
  77.92   15.17  475.13
  77.82   15.17  574.14
  77.73   15.17  415.86
  77.73   15.17 1525.15
  77.70   15.17  613.37
  77.70   15.17  613.37
  77.70   15.17  613.37
  77.67   15.17  613.37
  77.67   15.17 1062.50
  77.67   15.17 1062.50
  77.67   15.17 1062.50
  77.67   15.17 1062.50
  77.64   15.17  895.00
  77.64   15.17  895.00
  77.60   15.17  895.00
  77.60   15.17  714.84
  77.60   15.17  714.84
  77.60   15.17  714.84
  77.57   15.17  714.84
  77.57   15.17  562.96
  77.57   15.17  562.96
  77.54   15.17  301.26
  77.54   15.17  301.26
  77.54   15.17  301.26
  77.51   15.17  410.10
  77.51   15.17  410.10
  77.48   15.17  281.56
  77.48   15.17  281.56
  77.45   15.17  443.39
  77.41   15.17  694.00
  77.41   15.17  694.00
  77.41   15.17  694.00
  77.38   15.17  335.81
  77.35   15.17  152.25
  77.29   15.17  150.33
  77.29   15.17  171.34
  77.29   15.17  171.34
  77.16   15.17  136.60
  77.07   15.18  522.82
  77.07   15.18  522.82
  77.03   15.18  427.70
  77.03   15.18  427.70
  76.91   15.18  189.35
  76.87   15.18  132.15
  76.87   15.18  132.15
  75.45    6.89  757.89
  75.46    6.90 1917.04
  75.89    7.05 2236.64
  75.91    7.05 1880.26
  75.93    7.06 1880.26
  75.93    7.06 1625.80
  75.96    7.07  615.97
  75.96    7.07  615.97
  75.98    7.08  615.97
  76.01    7.09 1478.81
  76.01    7.09 1478.81
  76.03    7.10 1478.81
  76.03    7.10  861.19
  76.03    7.10  861.19
  76.03    7.10  861.19
  76.04    7.10 1396.41
  76.04    7.10 1396.41
  76.04    7.10 1396.41
  76.06    7.11 2407.27
  76.46    7.28  487.04
  76.51    7.30  695.22
  76.57    7.32 2854.40
  76.57    7.32 1506.94
  76.57    7.32 1506.94
  76.59    7.33  540.92
  76.83    7.44 1081.83
  76.85    7.45  815.16
  76.88    7.47  425.50
  76.89    7.47 2679.86
  76.95    7.50  469.28
  76.95    7.50  469.28
  77.01    7.53  179.95
  77.05    7.56  503.57
  77.11    7.59 1973.24
  77.22    7.65  546.83
  77.31    7.70 1121.35
  77.36    7.73 1538.62
  77.37    7.73 1538.62
  77.41    7.76 1795.46
  77.47    7.80 5416.96
  77.51    7.82  727.90
  77.72    7.97  713.44
  77.92    8.11 1322.71
  77.92    8.11 1322.71
  77.95    8.14  898.03
  78.06    8.24 *******
  78.07    8.25 *******
  78.07    8.25 *******
  78.10    8.28 1049.13
  78.15    8.32  794.80
  78.42    8.63  592.03
  78.44    8.65  525.46
  78.50    8.73  959.47
  78.50    8.74 1356.22
  76.89   14.36 3001.03
  76.89   14.36 3001.03
  76.86   14.36 2281.30
  76.83   14.37 2281.30
  76.80   14.37 2142.47
  76.80   14.37 1477.23
  76.77   14.37 1933.12
  76.70   14.37 5614.99
  76.64   14.38 2422.27
  76.55   14.38 1848.54
  76.49   14.39 1959.84
  76.21   14.40 2965.31
  76.21   14.40 2965.31
  76.17   14.41 6047.52
  76.17   14.41 6047.52
  76.17   14.41 6047.52
  76.14   14.41 *******
  76.11   14.41 *******
  76.11   14.41 *******
  76.08   14.41 *******
  76.08   14.41 *******
  76.08   14.41 *******
  76.05   14.41 *******
  76.05   14.41 *******
  76.02   14.42 *******
  76.02   14.42 *******
  75.99   14.42 *******
  75.99   14.42 *******
  75.99   14.42 *******
  75.92   14.42 *******
  75.92   14.42 *******
  75.89   14.42 *******
  75.89   14.42 *******
  75.86   14.43 *******
  75.83   14.43 *******
  75.80   14.43 *******
  75.80   14.43 *******
  75.80   14.43 *******
  75.77   14.43 7340.68
  75.77   14.43 7340.68
  75.73   14.43 2747.26
  75.73   14.43 2747.26
  75.67   14.44 4728.13
  75.67   14.44 8007.23
  75.67   14.44 8007.23
  75.64   14.44 *******
  75.64   14.44 *******
  75.61   14.44 *******
  75.61   14.44 *******
  75.55   14.44 3694.55
  75.51   14.44 5088.93
  75.45   14.45 8061.39
  75.39   14.45 4519.73
  75.36   14.45 4433.08
  75.36   14.45 4433.08
  75.32   14.46 4433.08
  75.32   14.46 7014.78
  75.29   14.46 4375.90
  75.29   14.46 4375.90
  75.29   14.46 4375.90
  75.29   14.46 4375.90
  75.26   14.46 4035.11
  75.26   14.46 4035.11
  75.26   14.46 4035.11
  75.26   14.46 4035.11
  75.23   14.46 3210.56
  75.23   14.46 3210.56
  75.23   14.46 3210.56
  75.23   14.46 3210.56
  75.20   14.46 2533.76
  75.17   14.46 2533.76
  75.17   14.46 3944.12
  75.07   14.47 5806.09
  75.04   14.47 4682.10
  75.04   14.47 4682.10
  75.04   14.47 4682.10
  75.01   14.47 1888.02
  74.88   14.48  385.32
  74.88   14.48  385.32
  74.85   14.48  385.32
  74.85   14.48 1781.39
  74.85   14.48 1781.39
  74.82   14.48 1781.39
  74.69   14.49 7357.92
  74.56   14.49  287.48
  74.37   14.50 2317.88
  74.30   14.51 8140.25
  74.27   14.51 2013.56
  74.27   14.51 2013.56
  74.24   14.51  589.70
  74.24   14.51  337.83
  74.17   14.51  337.83
  74.17   14.51  195.99
  74.17   14.51  195.99
  74.05   14.52  261.00
  74.01   14.52  162.00
  74.01   14.52  162.00
  73.98   14.52  441.37
  73.98   14.52  441.37
  73.98   14.52  441.37
  73.95   14.52 1228.77
  73.92   14.52  139.95
  73.88   14.52  846.82
  73.85   14.53 2502.45
  73.76   14.53 2174.59
  73.76   14.53 1780.50
  73.72   14.53 3980.00
  73.72   14.53 3980.00
  73.69   14.53 5750.31
  73.63   14.54 3755.52
  73.53   14.54 1099.99
  73.53   14.54 1414.76
  73.53   14.54 1414.76
  73.50   14.54 1414.76
  73.50   14.54  971.21
  73.50   14.54  971.21
  73.50   14.54  971.21
  73.46   14.54  971.21
  73.46   14.54  489.07
  73.46   14.54  489.07
  73.46   14.54  489.07
  73.33   14.55 1396.10
  73.20   14.55 1079.58
  73.14   14.56 2084.61
  73.04   14.56  394.66
  72.98   14.56  509.62
  72.98   14.56  778.74
  72.94   14.56  218.76
  72.91   14.56  218.76
  72.91   14.56  268.94
  72.91   14.56  268.94
  72.88   14.57  264.53
  72.81   14.57  201.10
  72.68   14.57  230.80
  72.62   14.58  543.36
  72.58   14.58  275.92
  72.52   14.58  223.79
  72.45   14.58 1472.13
  72.45   14.58 1472.13
  72.35   14.59 2871.70
  74.13   15.08  302.50
  73.42    6.59  302.91
  73.42    6.59  249.31
  73.85    6.74  177.36
  74.01    6.81  747.55
  74.04    6.82 1932.46
  74.06    6.82 3237.86
  74.07    6.83 2796.42
  74.07    6.83 2796.42
  74.07    6.83 2796.42
  74.10    6.84 3322.52
  74.16    6.87 1389.80
  74.19    6.88  416.33
  74.21    6.89  621.54
  74.22    6.89  621.54
  74.22    6.89  834.19
  74.28    6.92 2631.17
  74.29    6.92 2242.31
  74.36    6.96 1106.73
  74.38    6.96 5225.98
  74.41    6.97 8488.64
  74.46    7.00  380.07
  74.46    7.00  974.93
  74.48    7.01 2903.56
  74.48    7.01 2903.56
  74.49    7.01 2657.94
  74.49    7.01 2657.94
  74.57    7.05  668.17
  74.57    7.05 1634.76
  74.61    7.07 1146.67
  74.64    7.09 6612.26
  75.15    7.36  614.73
  75.21    7.40 5971.21
  75.22    7.41 1902.14
  75.24    7.41  736.29
  75.24    7.41  736.29
  75.25    7.42  736.29
  75.26    7.43  419.85
  75.27    7.44 7447.20
  75.30    7.46  956.82
  75.32    7.47  612.61
  75.34    7.48 5680.92
  75.38    7.51  593.32
  75.38    7.51  593.32
  75.39    7.52  857.46
  75.42    7.53 6403.60
  75.42    7.53 6403.60
  75.42    7.53  368.72
  75.47    7.57 1647.15
  75.48    7.58 *******
  75.48    7.58 *******
  75.55    7.63  242.15
  75.56    7.64 2255.44
  75.63    7.69  111.54
  75.67    7.73  171.98
  75.87    7.90  192.93
  76.34    8.58 1546.30
  76.38    8.70 1567.87
  76.38    8.71 1254.80
  76.38    8.71 1254.80
  76.38    8.71 1254.80
  76.38    8.71  951.69
  76.39    8.72 2475.12
  76.39    8.73 2475.12
  76.39    8.73 1730.36
  76.39    8.74  773.68
  76.39    8.74  773.68
  76.39    8.74  773.68
  76.39    8.75  817.45
  76.39    8.75  817.45
  76.39    8.76  863.63
  76.39    8.76  863.63
  76.40    8.78  500.00
  76.40    8.79 3150.99
  76.40    8.79 3150.99
  76.40    8.79 3150.99
  76.40    8.80 4781.82
  76.40    8.80 4781.82
  76.40    8.81 7013.80
  76.40    8.81 7013.80
  76.40    8.81 7013.80
  76.40    8.82 7013.80
  76.40    8.82 *******
  76.41    8.82 *******
  76.41    8.82 2110.53
  76.41    8.85 1738.64
  76.41    8.85 3687.25
  76.41    8.85 3687.25
  76.41    8.85 3687.25
  76.41    8.85 3687.25
  76.41    8.86  470.02
  76.41    8.87  353.64
  76.41    8.88  346.59
  76.41    8.88  346.59
  76.42    8.90 1030.99
  76.42    8.91  432.72
  76.42    8.91  432.72
  76.42    8.91  432.72
  76.42    8.95  636.03
  76.42    8.95  636.03
  76.42    8.95  521.73
  76.42    8.96  540.30
  76.42    8.96  540.30
  76.42    8.96  540.30
  76.42    8.96  540.30
  76.42    8.97  495.23
  76.42    8.98  363.45
  76.42    8.99  363.45
  76.42    9.00  385.83
  76.42    9.01  622.80
  76.42    9.01  622.80
  76.42    9.01  622.80
  76.42    9.02  473.98
  76.42    9.03  477.05
  76.42    9.04  486.08
  76.42    9.05  306.80
  76.42    9.08  547.01
  76.42    9.08  547.01
  76.42    9.09  310.32
  76.42    9.09  310.32
  76.42    9.09  468.11
  76.42    9.09  468.11
  76.42    9.10  814.23
  76.42    9.10  814.23
  76.42    9.11  927.51
  76.42    9.11  927.51
  76.42    9.11 1208.34
  76.41    9.13  749.84
  76.41    9.14 3091.30
  76.41    9.14 3091.30
  76.41    9.15 1079.48
  76.41    9.15 1079.48
  76.41    9.17 1297.44
  76.41    9.18  488.51
  76.41    9.19  971.84
  76.41    9.19  971.84
  76.40    9.21  939.99
  76.40    9.21  716.18
  76.38    9.30  123.95
  76.38    9.32  522.58
  76.38    9.32  522.58
  76.38    9.33  318.64
  76.38    9.33  318.64
  76.36    9.38  672.23
  76.36    9.38  672.23
  76.36    9.39  672.23
  76.36    9.39 7203.37
  76.35    9.40 7203.37
  76.32    9.48  387.32
  76.32    9.48  387.32
  76.30    9.53 1347.78
  76.30    9.54  266.97
  76.30    9.54  266.97
  76.28    9.57  629.07
  76.28    9.58  323.18
  76.28    9.58  323.18
  76.14    9.80  181.44
  76.14    9.80  181.44
  76.14    9.81  108.58
  76.13    9.82  108.58
  76.10    9.86  749.68
  76.09    9.87  749.68
  73.88    6.19  421.55
  74.35    6.33  548.70
  74.37    6.34  498.53
  74.52    6.39  479.03
  77.32    7.82  581.11
  77.50    8.00  315.03
  77.51    8.01 1182.01
  77.60    8.13  505.24
  77.61    8.14 1478.81
  77.71    8.28  563.61
  77.71    8.29  235.21
  77.75    8.35 2760.00
  77.75    8.35 5284.93
  77.76    8.36 4643.01
  77.92    8.79  240.99
  77.94    8.88  215.61
  77.94    8.89  553.49
  77.94    8.91 7192.33
  77.95    8.92 2311.76
  77.95    8.93 2881.02
  77.95    8.93 2881.02
  77.95    8.93 2881.02
  77.95    8.94 1438.20
  77.95    8.95 2849.22
  77.95    8.96 1383.25
  77.95    9.08  552.94
  77.58   10.03  233.27
  80.12   13.75  130.51
  80.12   13.75  130.51
  80.09   13.75  304.48
  80.09   13.75  304.48
  80.05   13.76  231.49
  80.02   13.76  231.49
  79.99   13.76  885.03
  79.99   13.76  885.03
  79.96   13.77 1776.96
  79.93   13.77 9079.09
  79.89   13.77  347.70
  79.67   13.79  454.19
  79.50   13.80  143.26
  79.24   13.83  658.14
  77.76   13.93   99.00
  77.66   13.93  966.37
  77.26   13.96 1054.66
  83.00   11.26  353.84
  82.97   11.27  353.84
  81.95   11.67  429.01
  81.95   11.67  981.04
  81.92   11.68  981.04
  81.92   11.68 1485.37
  81.87   11.70  673.10
  81.84   11.71  374.77
  81.81   11.72 1273.16
  81.81   11.72 1273.16
  81.60   11.78  537.46
  81.57   11.79  537.46
  81.45   11.83 1019.60
  81.24   11.89  564.84
  81.21   11.89  564.84
  75.15   11.81  197.00
  74.70   11.88  597.10
  74.53   11.90  653.41
  74.53   11.90  653.41
  74.53   11.90  653.41
  74.50   11.91  185.98
  74.50   11.91  185.98
  74.50   11.91  185.98
  74.47   11.91  176.99
  74.47   11.91  176.99
  74.47   11.91  176.99
  74.40   11.92  168.40
  74.40   11.92  168.40
  74.34   11.93  152.12
  74.30   11.94  656.60
  74.30   11.94  656.60
  74.27   11.94  191.48
  74.24   11.95  245.48
  74.24   11.95  245.48
  74.24   11.95  245.48
  74.20   11.95  245.48
  74.11   11.97 1083.57
  74.11   11.97 1183.74
  74.07   11.97 1183.74
  74.07   11.97  411.40
  74.04   11.98  222.38
  74.00   11.98  134.16
  73.97   11.98  117.36
  73.94   11.99  163.86
  73.94   11.99  163.86
  73.90   11.99  456.40
  73.64   12.03  202.58
  73.64   12.03  202.58
  73.64   12.03  202.58
  73.60   12.03  169.48
  73.60   12.03  169.48
  73.50   12.05  353.25
  73.50   12.05  353.25
  73.43   12.06  266.59
  82.37   12.37  439.80
  82.34   12.38  439.80
  82.34   12.38  579.26
  82.34   12.38  579.26
  82.34   12.38  579.26
  82.30   12.39  579.26
  82.27   12.40 1700.76
  82.27   12.40 3019.81
  81.81   12.51 1769.50
  81.74   12.53  369.51
  81.71   12.54  280.25
  81.71   12.54  280.25
  81.71   12.54  280.25
  81.67   12.55  280.25
  81.64   12.55  481.68
  81.03   12.68  338.33
  80.99   12.69  241.59
  80.88   12.71  406.79
  80.74   12.74  248.70
  80.74   12.74  234.48
  80.70   12.74  234.48
  80.63   12.76  200.81
  80.59   12.76  200.81
  80.41   12.80 4756.18
  79.78   12.89  161.56
  79.63   12.92 1316.73
  79.60   12.92  339.13
  79.60   12.92  339.13
  79.52   12.93  537.60
  79.48   12.94  305.33
  79.48   12.94  305.33
  79.45   12.94  368.69
  79.41   12.95  212.50
  79.41   12.95  212.50
  79.37   12.95  239.19
  79.37   12.95  239.19
  79.37   12.95  239.19
  79.33   12.96  361.14
  79.33   12.96  361.14
  79.30   12.96  361.14
  79.30   12.96  361.39
  79.26   12.97  361.39
  79.26   12.97  322.72
  79.26   12.97  322.72
  79.22   12.97  458.41
  79.18   12.98  823.70
  79.15   12.98  460.57
  79.15   12.98  460.57
  79.15   12.98  460.57
  79.11   12.99  401.13
  79.07   12.99  351.08
  79.07   12.99  351.08
  79.03   13.00  351.08
  79.03   13.00  547.98
  79.03   13.00  547.98
  79.00   13.00  547.98
  79.00   13.00  531.99
  79.00   13.00  531.99
  79.00   13.00  531.99
  79.00   13.00  531.99
  78.77   13.03  248.00
  78.69   13.04  197.44
  78.62   13.05  626.46
  78.62   13.05  626.46
  78.51   13.06  429.88
  78.47   13.07  429.88
  78.47   13.07  228.24
  78.43   13.07  228.24
  78.35   13.08  846.56
  78.35   13.08  846.56
  78.24   13.09 *******
  78.24   13.09 2674.19
  78.20   13.10  377.22
  78.20   13.10  377.22
  78.16   13.10  291.96
  78.13   13.11  291.96
  78.09   13.11  269.74
  77.93   13.13  445.43
  77.93   13.13  670.72
  77.90   13.13  396.01
  77.90   13.13  396.01
  77.86   13.13  426.20
  77.86   13.13  426.20
  77.82   13.14  466.71
  77.82   13.14  466.71
  77.82   13.14  466.71
  77.78   13.14  797.10
  77.74   13.15  594.74
  77.74   13.15  594.74
  77.74   13.15  594.74
  77.71   13.15  547.53
  77.71   13.15  547.53
  77.67   13.15  769.04
  77.63   13.16  769.04
  77.44   13.18 1389.12
  77.05   13.21 1452.23
  77.05   13.21 1452.23
  77.05   13.21 1452.23
  77.01   13.22 1647.02
  77.01   13.22 1647.02
  76.70   13.24  686.46
  76.67   13.25  638.59
  76.63   13.25 1561.78
  74.12   10.99  146.16
  74.09   11.00 1640.38
  74.06   11.01 1397.46
  74.03   11.01  682.05
  73.95   11.03 2472.64
  73.95   11.03 3684.27
  73.92   11.04 4354.61
  73.46   11.14 1535.49
  76.19    6.96 1676.12
  76.38    7.21 3083.48
  80.63   13.18  428.18
  78.14   13.15  158.64
  78.10   13.15 4783.43
  78.10   13.15 4783.43
  78.10   13.15 4783.43
  78.10   13.15 4783.43
  78.06   13.15 4783.43
  77.81   13.14  291.75
  77.77   13.14  317.30
  77.77   13.14  317.30
  77.77   13.14  317.30
  77.73   13.14  792.91
  77.73   13.14  792.91
  77.69   13.14  792.91
  77.69   13.14 2739.62
  77.69   13.14 2739.62
  77.64   13.14 2889.32
  77.64   13.14 2889.32
  77.60   13.14  528.04
  77.60   13.14  528.04
  77.56   13.14  528.04
  77.27   13.14  270.03
  77.02   13.14  916.64
  76.98   13.13 2266.14
  76.94   13.13 1370.11
  76.94   13.13 1370.11
  76.89   13.13 1415.28
  76.89   13.13 1415.28
  76.89   13.13 4042.02
  76.68   13.13 5378.97
  76.35   13.13 2432.52
  76.27   13.13 1268.70
  76.27   13.13 1268.70
  75.36   10.04  879.98
  75.33   10.05 1069.61
  75.31   10.06 1052.89
  75.31   10.06 1052.89
  75.27   10.07  661.36
  75.27   10.07  488.78
  75.24   10.07  546.06
  75.21   10.08  854.35
  75.21   10.08  854.35
  75.19   10.09 1059.76
  75.19   10.09 1059.76
  75.16   10.09  751.48
  75.16   10.09  751.48
  75.14   10.10 1198.71
  75.14   10.10 1198.71
  75.12   10.10 2534.48
  75.12   10.10 1783.35
  75.10   10.11 1783.35
  75.10   10.11 1783.35
  75.09   10.11 2913.14
  75.09   10.11 2913.14
  75.07   10.11 2913.14
  75.07   10.11 1939.27
  75.07   10.11 1939.27
  75.05   10.12 1939.27
  75.05   10.12 1659.44
  75.04   10.12 1641.21
  74.98   10.13  442.44
  74.71   10.20  466.78
  78.19    6.58 *******
  78.19    6.58 *******
  78.04    6.76 *******
  78.04    6.76 *******
  77.42    9.65 2233.99
  77.66    9.78 *******
  77.66    9.78 *******
  74.91    8.25 2663.67
  74.62    8.28 1088.68
  76.52    7.08 2400.95
  76.39    7.11 *******
  76.25    7.15 1714.61
  75.57    7.31 6380.33
  74.32    6.57 *******
  77.49    8.75 8917.99
  77.16    8.77  609.82
  75.38    8.43 8341.45
  77.87    7.96 8543.67
  77.29    7.97 2328.28
  71.72    7.55 3683.95
  70.42   17.81 1433.43
  70.49   17.81  791.05
  70.60   17.81 2285.29
  70.60   17.81 2285.29
  70.64   17.81 1830.65
  70.64   17.81 1830.65
  70.67   17.81 1830.65
  70.89   17.81 2984.95
  70.92   17.81 4477.48
  70.96   17.81 4483.87
  70.96   17.81 4483.87
  71.03   17.81 4666.65
  71.03   17.81 2393.49
  71.17   17.80 1713.77
  71.17   17.80 1635.01
  71.21   17.80 1346.94
  71.32   17.80 5183.75
  71.32   17.80 5183.75
  71.35   17.80 *******
  71.35   17.80 *******
  71.35   17.80 *******
  71.39   17.80 3408.36
  71.42   17.80 3408.36
  71.42   17.80 4001.63
  71.42   17.80 4001.63
  71.42   17.80 4001.63
  71.46   17.80 *******
  71.46   17.80 *******
  71.49   17.80 *******
  71.49   17.80 *******
  71.49   17.80 *******
  71.53   17.80 *******
  71.53   17.80 *******
  71.57   17.80 *******
  71.60   17.80 *******
  71.60   17.80 *******
  71.64   17.80 *******
  71.64   17.80 *******
  71.67   17.80 *******
  71.67   17.80 *******
  71.71   17.80 *******
  71.74   17.80 *******
  71.74   17.80 *******
  71.78   17.80 *******
  71.78   17.80 *******
  71.81   17.80 *******
  71.81   17.80 *******
  71.85   17.80 *******
  71.92   17.80 *******
  71.96   17.80 *******
  71.96   17.80 *******
  71.96   17.80 *******
  71.96   17.80 *******
  71.99   17.80 *******
  71.99   17.80 7370.83
  71.99   17.80 7370.83
  72.03   17.80 7370.83
  72.03   17.80 2173.91
  72.06   17.79 2173.91
  72.06   17.79 1165.53
  72.13   17.79  885.33
  72.17   17.79  885.33
  72.17   17.79  529.14
  72.20   17.79  505.31
  72.24   17.79  505.31
  72.24   17.79 5824.65
  72.27   17.79 8174.02
  72.31   17.79 1072.29
  72.52   17.79 *******
  72.76   17.79 *******
  72.83   17.79 *******
  76.84   17.73 6501.90
  76.87   17.73 *******
  74.00    6.02 7588.35
  73.14    6.01  799.56
  73.06    6.01 2482.59
  72.37    6.00 2898.92
  72.04   16.69 1383.54
  72.60   16.69 9681.65
  72.63   16.69 6038.76
  72.68   16.68  604.89
  72.68   16.68  604.89
  72.71   16.68  604.89
  72.71   16.68  679.81
  72.74   16.68 3467.82
  72.74   16.68 3467.82
  72.77   16.68 2503.45
  72.89   16.68  862.35
  72.89   16.68 2963.59
  72.92   16.68 1004.35
  72.97   16.68 1004.35
  72.97   16.68 1129.74
  73.00   16.68 1477.95
  73.03   16.68 1477.95
  73.09   16.68 2979.15
  73.38   16.68 1483.92
  73.38   16.68  894.77
  73.46   16.68  945.65
  73.61   16.68  154.14
  73.87   16.67  115.41
  73.92   16.67  121.24
  73.98   16.67  308.25
  74.01   16.67 4891.54
  74.07   16.67 *******
  74.09   16.67 *******
  74.12   16.67 6342.20
  74.15   16.67 8732.35
  74.18   16.67 8732.35
  74.18   16.67  473.89
  74.18   16.67  473.89
  74.29   16.67 2048.13
  74.35   16.67  396.84
  74.46   16.67  179.75
  74.46   16.67  179.75
  74.55   16.67   79.29
  74.61   16.67 3856.36
  74.61   16.67 3060.42
  74.08   17.55 4367.12
  74.22   17.57  131.66
  74.95   17.67  128.62
  71.72   17.80 *******
  71.74   17.80 5294.26
  71.95   17.83  126.42
  71.95   17.83   88.35
  71.97   17.83  172.81
  72.10   17.85 *******
  72.12   17.85 6392.83
  72.12   17.85 *******
  72.31   17.87  990.33
  77.80   16.11  477.22
  74.03   16.11 3260.61
  74.03   16.11 3260.61
  74.05   16.11 7803.26
  74.12   16.11 *******
  74.14   16.11 *******
  74.19   16.11 *******
  74.24   16.12 9700.33
  77.36   16.25 *******
  69.13   17.06  526.44
  69.17   17.06  772.41
  69.21   17.07  544.55
  69.23   17.07  588.99
  69.25   17.07   92.73
  69.45   17.10  337.95
  69.65   17.12 1166.64
  69.80   17.14 1765.01
  69.80   17.14 1765.01
  70.24   17.20 6299.61
  70.29   17.21 6214.59
  70.31   17.21 6214.59
  70.31   17.21 2735.82
  70.31   17.21 2735.82
  70.31   17.21 2735.82
  70.35   17.21 1484.23
  70.37   17.22 1961.42
  70.38   17.22 4896.63
  70.38   17.22 4896.63
  70.40   17.22 3309.04
  70.40   17.22 3309.04
  70.42   17.22  272.09
  70.42   17.22  272.09
  70.49   17.23 2064.14
  70.51   17.24 2257.53
  70.53   17.24 1719.09
  70.55   17.24 1719.09
  70.58   17.25 1151.12
  70.62   17.25 1680.11
  70.73   17.27 1103.32
  70.74   17.27 1103.32
  71.33   17.35 *******
  71.52   17.38 1277.13
  71.55   17.39 1853.79
  71.55   17.39 1853.79
  71.57   17.39 3197.82
  71.57   17.39 3197.82
  71.59   17.40 5584.05
  71.62   17.40 2162.97
  71.62   17.40 1671.31
  71.62   17.40 1671.31
  71.65   17.41 2987.68
  71.74   17.42 1431.56
  71.79   17.43  287.71
  71.81   17.43 1152.51
  71.84   17.44 2061.73
  71.84   17.44 2061.73
  71.84   17.44 2061.73
  71.86   17.44 1611.47
  71.86   17.44 1611.47
  73.24   17.69 3863.17
  70.50   17.40  608.90
  70.55   17.41  641.63
  72.02   14.97  314.32
  72.06   14.97  334.05
  72.10   14.97 1164.20
  72.10   14.97 1164.20
  72.17   14.97 1681.76
  72.29   14.97  351.83
  72.42   14.97  257.42
  72.42   14.97  257.42
  72.44   14.97 3951.83
  72.46   14.97 5758.38
  72.46   14.97 5758.38
  72.48   14.97 5758.38
  72.48   14.97 3517.40
  72.53   14.97 2548.55
  72.78   14.96  762.60
  72.80   14.96 1118.12
  72.84   14.96  717.40
  72.91   14.96 1027.70
  72.95   14.96  570.61
  72.95   14.96  427.75
  72.97   14.96  451.73
  72.97   14.96  451.73
  72.97   14.96  451.73
  73.06   14.96   80.42
  73.10   14.96   76.59
  73.22   14.96  298.86
  73.22   14.96  298.86
  73.24   14.96  222.28
  73.27   14.96  222.28
  73.27   14.96  401.12
  73.27   14.96  401.12
  73.29   14.96  602.95
  73.29   14.96  602.95
  73.31   14.96 1030.74
  73.33   14.96 1030.74
  73.37   14.96  275.92
  73.39   14.96  275.92
  73.45   14.96  868.71
  73.48   14.96  868.71
  73.48   14.96 2239.87
  73.50   14.96  382.17
  73.75   14.95 1134.98
  74.79   16.94  343.95
  74.82   16.95  884.60
  74.84   16.95  884.60
  74.91   16.96 4658.90
  74.95   16.97 3799.86
  75.26   17.03 2362.58
  75.38   17.06 1277.64
  75.61   17.10 6463.15
  75.84   17.15 3357.28
  75.88   17.16 2045.97
  75.91   17.17 2421.93
  75.99   17.19  569.17
  75.99   17.19  569.17
  71.31   15.77  228.37
  71.38   15.77  230.93
  71.95   15.80 1139.22
  72.03   15.80 *******
  72.07   15.81 4106.74
  72.66   15.84 *******
  72.68   15.84 *******
  72.98   15.86 2304.49
  73.00   15.86 2304.49
  73.00   15.86 3849.59
  73.04   15.86 7565.48
  73.06   15.86 5206.53
  73.06   15.86 5206.53
  73.08   15.86 6534.44
  73.08   15.86 6534.44
  73.10   15.87 2930.64
  73.14   15.87  710.58
  73.22   15.87 3461.96
  73.24   15.87  778.89
  73.72   15.91 2937.19
  74.06   15.93  862.18
  74.37   15.95 3455.22
  74.47   15.96 1663.24
  74.70   15.20 2248.22
  74.78   15.21 *******
  73.35   14.26  326.94
  73.35   14.26  326.94
  73.56   14.26 1055.38
  73.62   14.26  765.03
  73.63   14.26  500.64
  73.67   14.26  392.44
  73.67   14.26  369.74
  73.76   14.26  185.78
  73.78   14.26  221.66
  73.86   14.26  354.16
  73.88   14.26  636.71
  73.89   14.26  656.11
  73.95   14.26  210.35
  74.23   14.25  773.50
  74.23   14.25  807.66
  74.30   14.25 3452.58
  74.51   14.25 5901.43
  74.60   14.24 *******
  74.62   14.24 *******
  74.64   14.24 *******
  74.64   14.24 *******
  74.69   14.24 *******
  74.73   14.24 *******
  74.89   14.24 9250.76
  74.97   14.24 *******
  75.00   14.24 *******
  75.13   14.23 *******
  75.15   14.23 7537.82
  81.69   14.11  955.76
  74.09   14.64  543.75
  75.44   14.66  600.73
  75.57   14.66 2469.80
  75.59   14.66 *******
  75.61   14.66 *******
  75.64   14.67 *******
  75.66   14.67 *******
  75.66   14.67 *******
  75.76   14.67 *******
  75.77   14.67 *******
  75.85   14.67 2244.60
  75.87   14.67 2803.22
  75.96   14.67 1332.14
  75.98   14.67 1244.25
  76.00   14.67  707.43
  76.01   14.67  236.09
  76.01   14.67  236.09
  76.22   14.67 3160.13
  79.14   12.92  574.02
  79.15   12.92  497.26
  79.17   12.92  497.26
  79.20   12.92  625.97
  79.21   12.92  462.95
  79.21   12.92  643.47
  79.21   12.92  643.47
  79.41   12.91 1826.47
  79.44   12.91 2020.43
  79.47   12.91 2451.48
  79.50   12.91 2303.45
  79.51   12.91 1236.48
  79.51   12.91 1236.48
  79.53   12.91 1236.48
  79.63   12.91  573.81
  79.63   12.91  573.81
  79.63   12.91  573.81
  79.65   12.90  573.81
  79.65   12.90 3720.59
  79.66   12.90 3511.72
  79.68   12.90  221.36
  79.68   12.90  221.36
  79.69   12.90  419.16
  79.87   12.90 1828.22
  79.93   12.89  866.86
  80.01   12.89  322.93
  77.21   13.25 5435.69
  77.62   13.25 1472.79
  79.60   13.24   65.58
  79.66   13.24  299.04
  80.05   13.24  211.09
  80.28   13.24  507.13
  80.28   13.24  507.13
  80.31   13.24  313.11
  80.33   13.24  341.47
  80.34   13.24  333.05
  80.36   13.24  512.59
  80.36   13.24  512.59
  80.39   13.24  652.46
  80.39   13.24  652.46
  80.48   13.24  326.60
  80.49   13.24  531.78
  80.52   13.24  153.76
  80.57   13.24 1260.26
  80.57   13.24 1260.26
  80.58   13.24  498.02
  80.58   13.24  498.02
  80.84   13.24  290.29
  80.98   13.24 2749.27
  80.99   13.24 1754.47
  81.01   13.24 4044.86
  77.21   13.83   94.35
  81.12   12.73  176.92
  81.28   12.73  291.80
  81.60   12.71  177.53
  81.71   12.71  279.12
  81.75   12.71  268.20
  73.13   14.69  402.39
  73.23   14.70  167.93
  73.24   14.71 1650.55
  73.44   14.73   92.42
  73.48   14.74  305.22
  73.50   14.74  371.70
  74.32   13.24 *******
  76.08   13.86  203.70
  76.31   13.88  705.91
  76.32   13.88  428.72
  76.32   13.88   81.50
  76.32   13.88   81.50
  76.43   13.88   66.99
  76.53   13.89   90.88
  76.63   13.90  192.68
  77.01   13.93   90.02
  77.16   13.95  158.90
  77.28   13.96 1918.52
  77.31   13.96  283.65
  74.87   12.60   29.13
  74.93   12.60  171.03
  75.01   12.60   92.72
  75.28   12.59   39.83
  75.73   12.59 8281.16
  75.78   12.59 1826.55
  75.79   12.59 4901.55
  75.96   12.59 1290.24
  75.98   12.59  469.34
  76.06   12.59 1094.56
  76.16   12.58 1249.21
  76.24   12.58  553.64
  76.30   12.58  981.27
  76.31   12.58  885.58
  76.33   12.58 1322.29
  76.35   12.58 2556.47
  76.37   12.58  464.73
  77.16   12.57  332.29
  77.25   12.57  229.95
  77.30   12.57 1569.12
  77.31   12.57  323.47
  77.32   12.57  242.77
  77.33   12.57  204.53
  77.52   12.57  378.53
  77.53   12.57  421.52
  77.55   12.57  602.38
  77.55   12.57  225.39
  77.55   12.57  603.92
  77.57   12.57 2395.99
  77.61   12.57  354.98
  77.64   12.57  323.58
  76.92   12.19  974.72
  77.03   12.19 2655.54
  77.03   12.19 1146.79
  77.18   12.19  693.73
  74.00   15.15 4004.97
  73.92   11.90 3119.02
  74.08   11.90 2053.19
  74.32   11.90  465.52
  74.33   11.90  380.91
  74.42   11.89  631.80
  74.42   11.89  631.80
  74.48   11.89  469.69
  74.48   11.89  469.69
  74.49   11.89   79.27
  74.50   11.89 1133.71
  74.70   11.89  249.70
  77.97   11.27 *******
  78.71   11.25 1087.76
  78.92   11.24 5566.37
  78.33   10.64 1783.97
  74.56   10.98  492.00
  75.28   10.98  190.99
  75.33   10.98  186.31
  75.35   10.98  323.72
  75.40   10.98  449.63
  75.41   10.98  138.73
  75.46   10.98  216.67
  75.49   10.98  226.99
  75.49   10.98  406.17
  75.57   10.98  186.33
  75.58   10.98  186.33
  75.61   10.98  246.72
  75.68   10.98  342.12
  75.69   10.98  564.03
  75.69   10.98  564.03
  75.70   10.98  726.13
  75.71   10.98  985.41
  75.72   10.98  985.41
  75.73   10.98 1037.95
  75.74   10.98 1238.35
  75.74   10.98  576.84
  75.75   10.98  757.59
  75.75   10.98  757.59
  75.76   10.98  590.72
  75.85   10.98  264.33
  75.85   10.98  264.33
  75.96   10.98  444.14
  75.96   10.98  444.14
  75.96   10.98  415.83
  75.97   10.98  319.38
  75.97   10.98  319.38
  76.03   10.98  237.70
  76.07   10.99  291.24
  76.07   10.99  318.42
  76.08   10.99  375.77
  76.09   10.99  458.95
  76.10   10.99  434.63
  76.18   10.99  378.10
  76.18   10.99  378.94
  76.21   10.99  160.26
  76.22   10.99  186.15
  76.24   10.99  374.29
  76.26   10.99  224.63
  76.27   10.99  287.70
  76.31   10.99  320.51
  76.34   10.99  486.80
  76.35   10.99  205.66
  76.38   10.99  291.73
  76.43   10.99  298.91
  76.43   10.99  262.07
  76.45   10.99  653.04
  78.14   12.57  151.27
  78.15   12.57 5038.44
  78.20   12.58  780.26
  78.22   12.58  338.89
  78.25   12.59  540.64
  78.27   12.59 1412.97
  78.27   12.59 1281.83
  78.28   12.59 1678.72
  78.29   12.60 2821.95
  78.32   12.60 4337.55
  78.39   12.62 1549.40
  78.40   12.62 1341.29
  78.48   12.63 2912.43
  74.92   12.98 *******
  77.36   13.95  108.19
  75.56    9.53 1005.23
  75.57    9.53  312.93
  75.91    9.53  303.36
  76.27    9.52  472.34
  76.36    9.52  457.06
  76.82    9.51  507.81
  76.89    9.51  419.68
  76.91    9.51  460.59
  76.98    9.50  379.08
  77.09    9.50 1469.71
  77.10    9.50 1469.71
  77.22    9.50  276.33
  77.34    9.50  666.69
  77.39    9.49  447.05
  77.44    9.49 1617.74
  77.44    9.49 1137.06
  77.47    9.49 3444.41
  77.51    9.49  886.93
  77.51    9.49  886.93
  77.52    9.49  976.13
  77.53    9.49 1993.03
  77.55    9.49  757.15
  77.56    9.49  709.51
  77.60    9.49  368.56
  77.63    9.49  658.43
  77.65    9.49 2187.73
  77.65    9.49  579.43
  77.70    9.49  496.07
  77.71    9.49  470.04
  77.72    9.49  433.16
  77.74    9.49  280.03
  77.76    9.49  739.87
  77.77    9.48  756.14
  77.82    9.48 7824.44
  77.83    9.48 3959.73
  77.84    9.48  670.74
  77.85    9.48  530.86
  77.86    9.48  530.86
  77.90    9.48  878.33
  77.91    9.48 1863.10
  77.93    9.48 1050.44
  77.96    9.48  725.86
  77.99    9.48  806.27
  77.99    9.48  590.54
  78.01    9.48 1100.97
  78.01    9.48 1100.97
  78.04    9.48  477.91
  78.04    9.48  477.91
  78.05    9.48  436.96
  78.05    9.48  509.85
  78.06    9.48  997.01
  78.07    9.48  758.61
  78.08    9.48  895.24
  78.09    9.48 1038.69
  78.09    9.48 1038.69
  78.10    9.48 1038.69
  78.11    9.48  397.39
  78.12    9.48  637.05
  78.19    9.47  150.36
  78.20    9.47   93.29
  78.30    9.47  242.59
  78.54    9.46  216.94
  78.56    9.46  320.61
  78.57    9.46  555.09
  78.57    9.46  825.32
  78.57    9.46  451.68
  78.59    9.46  422.42
  78.61    9.46  218.61
  78.64    9.46 1107.69
  78.69    9.46  906.41
  78.71    9.46  906.41
  78.71    9.46  595.77
  78.71    9.46  323.79
  78.75    9.46  220.68
  78.75    9.46  220.68
  78.75    9.46  311.16
  78.77    9.46  327.62
  78.79    9.46  347.10
  78.84    9.46   82.07
  78.84    9.45   64.06
  79.28    9.44  132.78
  79.30    9.44  569.44
  79.31    9.44  101.64
  79.43    9.44   83.51
  79.43    9.44  374.93
  79.47    9.43  774.04
  79.48    9.43 3371.96
  79.50    9.43  299.98
  79.53    9.43  443.23
  79.54    9.43  134.59
  79.68    9.43  114.75
  79.85    9.42   91.40
  80.07    9.41  132.15
  80.07    9.41  132.15
  80.07    9.41  166.43
  80.09    9.41   53.70
  73.69   10.68  974.78
  73.71   10.68 2372.92
  73.73   10.68 3180.37
  76.32    9.94  858.10
  76.33    9.94  768.46
  76.33    9.94  286.57
  76.88    9.97 5425.56
  76.94    9.97 5705.12
  76.97    9.98 *******
  75.23   12.46  520.63
  75.38   12.51 7797.63
  75.40   12.51   87.57
  75.40   12.51  184.99
  75.55   12.56  344.67
  73.10    9.24 1225.33
  73.10    9.24 1941.04
  73.25    9.24  663.00
  73.35    9.24  140.28
  73.38    9.24  230.09
  73.45    9.24  270.02
  73.48    9.24  189.71
  73.49    9.24  189.71
  73.61    9.24  704.64
  73.69    9.24 2084.75
  73.79    9.24  148.21
  73.86    9.24  121.22
  73.96    9.24   62.63
  73.97    9.24  102.30
  74.01    9.24  240.95
  74.01    9.24  240.95
  74.02    9.24  186.07
  74.27    9.24  318.47
  74.29    9.24 2761.55
  74.32    9.24 2583.33
  74.84    8.22 1573.37
  74.89    8.22 3383.36
  74.99    8.22 *******
  75.12    8.23 *******
  75.14    8.23 *******
  75.17    8.23 9705.45
  75.19    8.23 3602.61
  75.19    8.23 3602.61
  75.24    8.23 2061.88
  75.44    8.23 2021.51
  75.44    8.23 2021.51
  75.49    8.23 5115.34
  75.49    8.23 2922.57
  75.49    8.23 2922.57
  75.52    8.23 1782.85
  75.54    8.23  756.32
  75.60    8.23 *******
  75.62    8.23 4396.16
  75.62    8.23 4396.16
  75.67    8.23 1643.28
  75.72    8.23 2286.91
  75.77    8.23  521.86
  75.80    8.24  633.82
  76.00    8.24  326.20
  76.18    8.24 1157.23
  76.20    8.24 1576.71
  76.40    8.24  806.79
  76.45    8.25  469.52
  76.53    8.25  441.47
  76.53    8.25 1893.99
  76.56    8.25 1893.99
  76.71    8.25 6833.47
  76.86    8.25  747.68
  76.86    8.25  747.68
  76.96    8.25  810.07
  76.99    8.25 1802.06
  76.99    8.25 1802.06
  77.02    8.26 6288.73
  77.04    8.26 6288.73
  77.04    8.26 5070.01
  77.04    8.26 5070.01
  77.09    8.26 3244.82
  77.12    8.26 2250.34
  77.17    8.26  504.17
  77.19    8.26 1009.15
  77.22    8.26 2666.62
  77.22    8.26 2031.20
  77.25    8.26 2031.20
  77.27    8.26 2031.20
  77.27    8.26 3584.38
  77.30    8.26 3584.38
  77.32    8.26 1250.37
  77.32    8.26  631.06
  77.40    8.26  384.28
  77.43    8.26  384.28
  77.48    8.26 8771.21
  77.48    8.26 8771.21
  77.50    8.26 8771.21
  77.50    8.26 2012.92
  77.50    8.26 2012.92
  77.53    8.26  674.82
  77.55    8.27  903.28
  77.55    8.27  903.28
  77.55    8.27  903.28
  77.58    8.27 1418.76
  77.58    8.27 1418.76
  74.48   11.81 4484.45
  74.90   11.98  198.36
  74.95   12.00  323.81
  74.96   12.01  480.67
  75.01   12.03 2024.63
  75.11   12.07  116.12
  75.11   12.07 1475.37
  75.12   12.08 1317.22
  75.15   12.09  328.33
  75.16   12.10  816.70
  75.17   12.10  368.57
  75.18   12.11  157.15
  75.18   12.11  157.15
  75.39   12.20  588.32
  75.43   12.22  161.76
  75.48   12.25  338.33
  73.01    7.88  269.50
  73.24    7.88  972.13
  73.55    7.87 2459.85
  73.55    7.87 2459.85
  73.55    7.87 2459.85
  73.57    7.87  943.73
  73.60    7.87  263.41
  73.62    7.87  263.41
  73.64    7.87  829.84
  73.67    7.87  829.84
  73.67    7.87  688.93
  73.67    7.87  688.93
  73.69    7.87  872.60
  73.71    7.87  712.19
  73.74    7.87  439.36
  73.76    7.87 1088.67
  73.76    7.87 1088.67
  73.76    7.87 1088.67
  73.79    7.87 1062.33
  73.79    7.87 1062.33
  73.81    7.87  659.57
  73.83    7.87  736.88
  73.83    7.87  736.88
  73.86    7.87  736.88
  73.86    7.87 1039.73
  73.91    7.87 6150.09
  73.98    7.87 4971.82
  73.98    7.87 4971.82
  74.00    7.87 4178.62
  74.00    7.87 4178.62
  74.03    7.87 1824.27
  74.03    7.87 1824.27
  74.22    7.87  430.18
  75.01    7.86  919.86
  75.06    7.86  633.48
  75.35    7.85   85.86
  75.60    7.85  547.78
  75.96    7.85  793.96
  71.23    7.91 3133.43
  71.26    7.91 1765.03
  71.26    7.91 3009.75
  71.32    7.91 1510.17
  71.34    7.91 1430.72
  71.43    7.91  638.52
  71.43    7.91 1262.08
  71.45    7.91 1262.08
  71.45    7.91 1377.29
  71.45    7.91 1377.29
  71.48    7.91 2086.00
  71.48    7.91 2086.00
  71.50    7.91 2086.00
  71.59    7.91 1344.57
  71.63    7.91 1103.90
  71.65    7.91  708.12
  71.65    7.91  708.12
  71.72    7.91 1160.73
  71.72    7.91 5334.88
  73.24   11.21  234.68
  73.32   11.23  157.82
  73.36   11.24  154.15
  73.51   11.28  548.08
  73.64   11.32  424.87
  71.16   17.76 *******
  70.92   17.79 9562.56
  70.57   17.84 *******
  70.51   17.85 *******
  70.32   17.87 *******
  70.06   17.90 3303.81
  72.16    9.16 4413.66
  72.33    9.18  356.86
  72.50    9.20  173.66
  72.65    9.21  381.83
  72.75    9.23  541.78
  72.80    9.23  547.82
  72.83    9.23  411.98
  72.93    9.24  542.07
  72.95    9.25  507.60
  73.03    9.26  887.38
  73.03    9.26  887.38
  73.03    9.26  887.38
  73.05    9.26 1097.87
  73.05    9.26 1097.87
  73.08    9.26  995.33
  73.10    9.26  995.33
  73.15    9.27  576.55
  73.15    9.27 2548.79
  73.17    9.27 2548.79
  73.17    9.27 1785.84
  73.20    9.28 1409.41
  73.20    9.28 1409.41
  73.22    9.28 1409.41
  73.22    9.28 1740.80
  73.22    9.28 1740.80
  73.25    9.28 1736.24
  73.25    9.28 1736.24
  73.27    9.28 1143.70
  73.27    9.28 1143.70
  73.27    9.28 1143.70
  73.27    9.28 1143.70
  73.30    9.29 1453.94
  73.30    9.29 1453.94
  73.32    9.29 1453.94
  73.32    9.29 1227.85
  73.32    9.29 1227.85
  73.32    9.29 1227.85
  73.32    9.29 1227.85
  73.35    9.29 3171.77
  73.35    9.29 3171.77
  73.35    9.29 3171.77
  73.35    9.29 3171.77
  73.37    9.30 2166.34
  73.37    9.30 2166.34
  73.40    9.30 2371.56
  73.40    9.30 2371.56
  73.42    9.30 2534.34
  73.45    9.30 1516.15
  73.45    9.30 1516.15
  73.47    9.31 1516.15
  73.50    9.31 2933.83
  73.50    9.31 6029.12
  73.50    9.31 6029.12
  73.50    9.31 6029.12
  73.50    9.31 6029.12
  73.52    9.31 3634.43
  73.52    9.31 3634.43
  73.52    9.31 3634.43
  73.52    9.31 3634.43
  73.55    9.32 2358.18
  73.55    9.32 2358.18
  73.55    9.32 2358.18
  73.57    9.32 4647.10
  73.57    9.32 4647.10
  73.60    9.32  229.18
  73.62    9.33  229.18
  73.65    9.33  333.23
  73.67    9.33  333.23
  73.70    9.33  461.53
  73.72    9.34 1144.12
  73.72    9.34 1144.12
  73.75    9.34 2467.47
  73.75    9.34 2467.47
  73.77    9.34 1325.10
  73.77    9.34 1325.10
  73.77    9.34 1325.10
  73.77    9.34 1325.10
  73.80    9.35 1844.68
  73.82    9.35  244.20
  73.85    9.35  209.02
  73.90    9.36  137.04
  73.97    9.37  302.81
  73.97    9.37  152.87
  74.02    9.38  102.67
  74.12    9.39  581.48
  74.15    9.39  581.48
  74.15    9.39  376.62
  74.17    9.39  808.32
  74.17    9.39  808.32
  74.17    9.39  808.32
  74.17    9.39  808.32
  74.17    9.39  808.32
  74.20    9.40  808.32
  74.20    9.40  465.56
  74.20    9.40  465.56
  74.22    9.40  465.56
  74.25    9.40 1612.06
  74.27    9.41  970.61
  74.27    9.41  970.61
  74.30    9.41 2123.49
  74.30    9.41 2123.49
  74.30    9.41 2123.49
  74.30    9.41 2123.49
  74.32    9.41 2649.13
  74.35    9.42 2649.13
  74.35    9.42 3635.31
  74.35    9.42 3635.31
  74.37    9.42 3635.31
  74.37    9.42 9201.73
  74.37    9.42 9201.73
  74.40    9.42 3856.56
  74.40    9.42 3856.56
  74.40    9.42 3856.56
  74.40    9.42 3856.56
  74.42    9.43 3856.56
  74.42    9.43 2699.61
  74.45    9.43 1964.38
  74.47    9.43 1964.38
  74.47    9.43 3334.14
  74.47    9.43 3334.14
  74.50    9.44 3321.83
  74.50    9.44 3321.83
  74.55    9.44  218.55
  74.55    9.44  218.55
  74.57    9.45  218.55
  74.57    9.45  225.24
  74.57    9.45  225.24
  74.62    9.45  338.85
  74.62    9.45  338.85
  74.65    9.46  338.85
  74.65    9.46  865.53
  74.67    9.46  865.53
  74.67    9.46  453.15
  74.67    9.46  453.15
  74.67    9.46  453.15
  74.70    9.47  272.14
  74.70    9.47  272.14
  74.72    9.47  272.14
  74.75    9.47  105.23
  74.75    9.47  105.23
  74.77    9.48  200.28
  74.77    9.48  200.28
  74.79    9.48  237.27
  74.82    9.48  237.27
  74.82    9.48  214.57
  74.84    9.49  640.35
  74.84    9.49  640.35
  74.87    9.49  157.36
  74.87    9.49  157.36
  74.89    9.49  157.36
  74.92    9.50  595.77
  74.92    9.50  595.77
  74.94    9.50  346.69
  74.94    9.50  346.69
  74.97    9.50  346.69
  74.99    9.51  252.52
  75.02    9.51  243.90
  75.04    9.52  362.26
  75.04    9.52  362.26
  75.07    9.52  190.36
  75.09    9.52  190.36
  75.09    9.52  128.27
  75.12    9.53  145.04
  75.14    9.53  412.79
  75.14    9.53  412.79
  75.14    9.53  412.79
  75.17    9.53  813.48
  75.17    9.53  813.48
  75.17    9.53  813.48
  75.19    9.54  813.48
  75.19    9.54 4189.66
  75.19    9.54 4189.66
  75.19    9.54 4189.66
  75.19    9.54 4189.66
  75.22    9.54 1319.14
  75.22    9.54 1319.14
  75.22    9.54 1319.14
  75.22    9.54 1319.14
  75.24    9.54  770.26
  75.24    9.54  770.26
  75.27    9.55  536.10
  75.32    9.56  651.15
  75.32    9.56  651.15
  75.32    9.56  651.15
  75.34    9.56  651.15
  75.34    9.56 1040.55
  75.34    9.56 1040.55
  75.34    9.56 1040.55
  75.34    9.56 1040.55
  75.37    9.56 1040.55
  75.37    9.56  341.62
  75.37    9.56  341.62
  75.39    9.57 1095.58
  75.42    9.57  727.78
  75.42    9.57  727.78
  75.44    9.58 1759.71
  75.47    9.58  733.72
  75.49    9.58  733.72
  75.49    9.58 1617.36
  75.49    9.58 1617.36
  75.52    9.59 1617.36
  75.52    9.59  592.37
  75.52    9.59  592.37
  75.52    9.59  592.37
  75.52    9.59  592.37
  75.54    9.59  833.85
  75.57    9.59  833.85
  75.57    9.59  559.36
  75.57    9.59  559.36
  75.57    9.59  559.36
  75.59    9.60  938.12
  75.59    9.60  938.12
  75.59    9.60  938.12
  75.59    9.60  938.12
  75.61    9.60  938.12
  75.61    9.60 1649.68
  75.64    9.61 1649.68
  75.64    9.61 3544.49
  75.64    9.61 3544.49
  75.66    9.61 3544.49
  75.66    9.61 1984.85
  75.66    9.61 1984.85
  75.71    9.62 1895.17
  75.71    9.62 1933.72
  75.71    9.62 1933.72
  75.74    9.62 3383.66
  75.74    9.62 3383.66
  75.74    9.62 3383.66
  75.76    9.63 3383.66
  75.76    9.63 1722.53
  75.79    9.63 1722.53
  75.81    9.64  561.01
  75.81    9.64  735.99
  75.81    9.64  735.99
  75.84    9.64 1665.28
  75.86    9.64 4271.07
  75.86    9.64 4271.07
  75.86    9.64 4271.07
  75.89    9.65 4271.07
  75.89    9.65 1567.41
  75.89    9.65 1567.41
  75.91    9.65 1281.99
  75.91    9.65 1281.99
  75.94    9.66  664.08
  75.94    9.66  664.08
  75.94    9.66  664.08
  75.96    9.66  664.08
  75.96    9.66  793.98
  75.96    9.66  793.98
  75.99    9.66  981.23
  76.01    9.67  944.89
  76.01    9.67  944.89
  76.04    9.67  908.13
  76.06    9.68 1261.71
  76.08    9.68  985.94
  76.11    9.69  334.10
  76.11    9.69  334.10
  76.13    9.69  901.29
  76.16    9.69 4501.48
  76.16    9.69 4501.48
  76.18    9.70  897.46
  76.18    9.70  897.46
  76.18    9.70  897.46
  76.23    9.71   91.09
  76.23    9.71   91.09
  76.26    9.71  182.63
  76.26    9.71  182.63
  76.28    9.72  249.48
  76.28    9.72  249.48
  76.28    9.72  249.48
  76.31    9.72  487.14
  76.33    9.72 1336.01
  76.33    9.72 1336.01
  76.36    9.73 1753.00
  76.43    9.74  491.61
  76.70    9.79  291.80
  76.82    9.82   96.03
  76.87    9.83   86.92
  77.11    9.88  169.38
  77.16    9.89  111.92
  77.28    9.91  399.93
  77.31    9.92 1858.15
  77.33    9.92 1182.62
  77.36    9.93  294.87
  77.48    9.95  354.09
  77.72   10.01  892.91
  77.72   10.01 1067.70
  72.94   10.65 7546.33
  72.95   10.65 7546.33
  72.95   10.65 1204.30
  72.95   10.65 1204.30
  72.95   10.65 1204.30
  72.97   10.66  919.94
  72.97   10.66  919.94
  72.97   10.66  919.94
  72.97   10.66  919.94
  72.99   10.66  919.94
  73.03   10.67  818.98
  73.05   10.68  818.98
  73.06   10.68  774.21
  73.06   10.68  774.21
  73.06   10.68  774.21
  73.10   10.69 4221.04
  73.10   10.69 3353.83
  73.10   10.69 3353.83
  73.12   10.70 3353.83
  73.12   10.70 2253.46
  73.12   10.70 2253.46
  73.14   10.71 2588.93
  73.14   10.71 2588.93
  73.16   10.71 2588.93
  73.16   10.71 1552.21
  73.16   10.71 1552.21
  73.17   10.72  954.75
  73.19   10.72 3736.39
  73.21   10.73 1628.91
  73.21   10.73 1628.91
  73.23   10.73 2183.74
  73.25   10.74 2183.74
  73.25   10.74 2603.99
  73.25   10.74 2603.99
  73.25   10.74 2603.99
  73.27   10.74  333.25
  73.28   10.75  581.94
  73.30   10.75  581.94
  73.30   10.75 1019.71
  73.30   10.75 1019.71
  73.32   10.76 1019.71
  73.32   10.76 2253.81
  73.34   10.77 2253.81
  73.34   10.77 2647.31
  73.34   10.77 2647.31
  73.34   10.77 2647.31
  73.34   10.77 2647.31
  73.36   10.77 4431.69
  73.36   10.77 4431.69
  73.37   10.78 4431.69
  73.37   10.78 1266.29
  73.37   10.78 1266.29
  73.39   10.78 1266.29
  73.41   10.79 1488.96
  73.41   10.79 1488.96
  73.41   10.79 1488.96
  73.41   10.79 1488.96
  73.41   10.79 1488.96
  73.44   10.80 2845.96
  73.46   10.81 1973.51
  73.46   10.81 1973.51
  73.48   10.81 1158.72
  73.50   10.82 1215.34
  73.52   10.82 1677.56
  73.52   10.82 1677.56
  73.52   10.82 1677.56
  73.52   10.82 1677.56
  73.52   10.82 1677.56
  73.53   10.83 3951.28
  73.53   10.83 3951.28
  73.53   10.83 3951.28
  73.55   10.83 2762.05
  73.57   10.84 1878.39
  73.59   10.85 1288.68
  73.60   10.85 1091.83
  73.62   10.86 1434.38
  73.62   10.86 1434.38
  73.64   10.86  950.02
  73.66   10.87  980.07
  73.66   10.87  980.07
  73.67   10.87  823.57
  73.67   10.87  823.57
  73.69   10.88  743.68
  73.73   10.89  981.76
  73.74   10.90 1359.54
  73.80   10.92 1281.87
  73.80   10.92 1281.87
  73.80   10.92 1281.87
  73.81   10.92 1281.87
  73.95   10.97 1253.83
  73.95   10.97 1253.83
  73.97   10.98 1615.60
  74.00   10.99  875.45
  74.02   10.99  979.00
  74.02   10.99  979.00
  74.19   11.06 2002.79
  74.19   11.06 2002.79
  74.20   11.06 4691.75
  74.22   11.07 4691.75
  74.22   11.07 8946.24
  74.24   11.07 3955.31
  74.25   11.08 3955.31
  74.25   11.08 2498.06
  74.29   11.09 1672.85
  74.32   11.11 1120.08
  74.32   11.11 1120.08
  74.34   11.11 1120.08
  74.34   11.11 4709.01
  74.34   11.11 4709.01
  74.35   11.12 4968.66
  74.35   11.12 4968.66
  74.37   11.13 3992.32
  74.39   11.13 1927.76
  74.42   11.14 4519.37
  74.42   11.14 4519.37
  74.43   11.15 4639.87
  74.43   11.15 4639.87
  74.47   11.16 2285.73
  74.47   11.16 2285.73
  74.47   11.16 2285.73
  74.51   11.18 7097.33
  74.53   11.19 4928.80
  74.56   11.20 1323.77
  74.56   11.20 1323.77
  74.56   11.20 1323.77
  74.58   11.21  994.35
  74.58   11.21  994.35
  74.59   11.22 1699.48
  74.59   11.22 1699.48
  74.59   11.22 1699.48
  74.61   11.22  593.94
  74.64   11.24  394.80
  74.86   11.33 9581.27
  74.87   11.34 2156.57
  74.89   11.35 2156.57
  74.89   11.35 4225.80
  74.89   11.35 4225.80
  74.90   11.35 4225.80
  74.90   11.35 7121.84
  74.92   11.36 1900.21
  74.93   11.37  816.36
  74.93   11.37  816.36
  74.95   11.37 2154.32
  74.95   11.37 2154.32
  74.96   11.38  886.53
  74.96   11.38  886.53
  74.99   11.40  818.26
  74.99   11.40  818.26
  75.02   11.41  548.80
  75.02   11.41  548.80
  75.04   11.42  812.89
  75.04   11.42  812.89
  75.08   11.44 2044.93
  75.14   11.47 1599.18
  75.15   11.47 7401.09
  75.15   11.47 7401.09
  75.17   11.48 2463.57
  75.17   11.48 2463.57
  75.18   11.49  825.50
  75.18   11.49  825.50
  75.20   11.50  811.30
  75.20   11.50  811.30
  75.20   11.50  811.30
  75.21   11.50  656.33
  75.21   11.50  656.33
  75.22   11.51 3209.49
  75.22   11.51 3209.49
  75.24   11.52 3209.49
  75.25   11.53 3305.24
  75.25   11.53  643.70
  75.25   11.53  643.70
  75.25   11.53  643.70
  75.27   11.53 1524.19
  75.29   11.55 2147.16
  75.29   11.55 2147.16
  75.31   11.56  754.28
  75.31   11.56  754.28
  75.32   11.56  754.28
  75.32   11.56  645.18
  75.34   11.57  645.18
  75.34   11.57  828.49
  75.34   11.57  828.49
  75.35   11.58  828.49
  75.35   11.58  916.17
  75.36   11.58  916.17
  75.36   11.58 1338.51
  75.36   11.58 1338.51
  75.36   11.58 1338.51
  75.38   11.59 1338.51
  75.38   11.59 1267.35
  75.38   11.59 1267.35
  75.39   11.60 2554.97
  75.40   11.61 2554.97
  75.40   11.61 1310.35
  75.40   11.61 1310.35
  75.40   11.61 1310.35
  75.43   11.62  806.20
  75.43   11.62  806.20
  75.43   11.62  806.20
  75.45   11.63 1181.04
  75.45   11.63 1181.04
  75.46   11.64 2148.82
  75.47   11.65 2148.82
  75.47   11.65 2462.24
  75.47   11.65 2462.24
  75.47   11.65 2462.24
  75.47   11.65 2462.24
  75.47   11.65 2462.24
  75.49   11.65 1316.35
  75.49   11.65 1316.35
  75.49   11.65 1316.35
  75.49   11.65 1316.35
  75.50   11.66 1464.13
  75.50   11.66 1464.13
  75.51   11.67 1528.81
  75.51   11.67 1528.81
  75.52   11.68 1159.90
  75.52   11.68 1159.90
  75.54   11.68 1062.50
  75.54   11.68 1062.50
  75.55   11.69  933.13
  75.58   11.71  894.79
  75.59   11.71 1401.70
  75.59   11.71 1401.70
  75.59   11.71 1401.70
  75.60   11.72 1277.16
  75.62   11.73 1277.16
  75.62   11.73 1426.70
  75.63   11.74 1209.80
  75.64   11.75 1370.82
  75.64   11.75 1370.82
  75.65   11.75 1583.77
  75.67   11.76 1568.66
  75.67   11.76 1568.66
  75.67   11.76 1568.66
  75.68   11.77 1643.22
  75.68   11.77 1643.22
  75.68   11.77 1643.22
  75.70   11.79 1568.11
  75.73   11.80 1886.06
  75.74   11.81 3031.79
  75.79   11.84 2942.42
  75.79   11.84 2942.42
  75.80   11.85 3165.84
  75.80   11.85 3165.84
  75.81   11.86 3165.84
  75.81   11.86  714.93
  75.81   11.86  714.93
  75.83   11.87  459.21
  75.83   11.87  459.21
  75.84   11.87  676.56
  75.84   11.87  676.56
  75.84   11.87  676.56
  75.85   11.88  596.55
  75.85   11.88  596.55
  75.85   11.88  596.55
  75.86   11.89 1325.99
  75.87   11.90  639.41
  75.88   11.91  829.78
  75.90   11.91  983.76
  75.90   11.91  983.76
  75.91   11.92  983.76
  75.91   11.92 1906.91
  75.91   11.92 1906.91
  75.92   11.93 1323.78
  75.92   11.93 1323.78
  75.94   11.95  227.94
  75.96   11.96  254.05
  75.98   11.97  254.05
  75.98   11.97  226.54
  76.02   12.01  381.13
  76.03   12.01  530.16
  76.03   12.01  530.16
  76.20   12.15 1072.89
  76.20   12.15 1072.89
  76.26   12.20 1215.56
  76.26   12.20 1215.56
  76.27   12.21 1215.56
  76.27   12.21  211.94
  76.33   12.27 1686.70
  76.43   12.37  152.72
  76.45   12.40 3534.65
  76.46   12.41  653.53
  76.54   12.50  655.82
  76.60   12.58  300.34
  76.82   13.02  845.73
  76.82   13.02  845.73
  76.83   13.04  210.21
  76.87   13.18 3426.63
  76.86   13.69  296.70
  76.82   13.81 1960.97
  76.82   13.81  333.42
  72.00    8.70  273.98
  72.04    8.70 3179.25
  72.04    8.70 3179.25
  72.04    8.70 3179.25
  72.06    8.71 4365.09
  72.06    8.71 4365.09
  72.10    8.71 2586.90
  72.13    8.71  893.41
  72.15    8.71 3031.39
  72.17    8.72 9190.31
  72.17    8.72 9190.31
  72.17    8.72 9190.31
  72.17    8.72 9190.31
  72.19    8.72 7064.23
  72.19    8.72 7064.23
  72.19    8.72 7064.23
  72.19    8.72 7064.23
  72.21    8.72 *******
  72.21    8.72 *******
  72.21    8.72 *******
  72.23    8.72 3577.33
  72.23    8.72 3577.33
  72.36    8.74  537.24
  72.43    8.74 4166.23
  72.43    8.74 4166.23
  72.45    8.74 1635.95
  72.47    8.75 3003.59
  73.76    8.88 5871.17
  73.25    8.30 6291.12
  73.31    8.31 3599.61
  73.31    8.31 3599.61
  73.31    8.31 5343.19
  73.37    8.32 2068.69
  73.37    8.32 2068.69
  73.43    8.33 1873.83
  73.43    8.33 1873.83
  73.49    8.34 1600.53
  73.49    8.34 1600.53
  73.52    8.34 1375.37
  73.54    8.34 1375.37
  73.54    8.34  988.68
  73.54    8.34  988.68
  73.57    8.35  979.32
  73.60    8.35  473.15
  73.63    8.36  787.13
  73.66    8.36 1372.90
  73.66    8.36 1372.90
  73.69    8.37 1372.90
  73.69    8.37  674.63
  73.72    8.37  532.85
  73.72    8.37  532.85
  73.75    8.37  532.85
  73.84    8.39  938.12
  73.90    8.40  512.85
  73.96    8.40  722.91
  73.96    8.40  624.71
  74.31    8.46  125.19
  74.31    8.46  125.19
  74.46    8.48  209.96
  74.52    8.49  338.03
  74.55    8.50  568.58
  74.55    8.50  568.58
  74.58    8.50  568.58
  74.58    8.50 1267.10
  74.61    8.51  974.74
  74.61    8.51  974.74
  74.69    8.52  492.96
  74.78    8.53  103.11
  74.93    8.56  283.65
  74.99    8.57  535.09
  75.10    8.59  686.34
  75.13    8.60  686.34
  75.71    8.70  659.52
  75.77    8.71  402.75
  76.00    8.76 1670.41
  76.00    8.76  351.94
  76.00    8.76  351.94
  76.00    8.76  351.94
  76.02    8.77  339.36
  76.02    8.77  339.36
  76.02    8.77  339.36
  76.17    8.80  109.11
  76.22    8.81  189.78
  76.22    8.81  197.25
  76.34    8.83  502.71
  76.36    8.84 3690.08
  76.39    8.85 3690.08
  76.42    8.85 9036.84
  76.48    8.86 4896.10
  76.51    8.87 4896.10
  76.51    8.87 4769.62
  76.53    8.88 4769.62
  76.53    8.88 *******
  76.53    8.88 *******
  76.53    8.88 *******
  76.56    8.88 5595.15
  76.59    8.89 6155.49
  76.70    8.92 2784.66
  76.73    8.92  491.12
  76.76    8.93 2600.23
  76.76    8.93 2600.23
  76.90    8.96 2950.84
  77.04    9.00  639.43
  77.06    9.00  401.56
  77.06    9.00  401.56
  77.09    9.01  488.94
  77.15    9.02  257.66
  77.15    9.02  257.66
  77.17    9.03  257.66
  77.20    9.04  260.22
  77.20    9.04  332.36
  77.53    9.13  360.20
  77.53    9.13  360.20
  77.58    9.14  181.28
  78.27    9.35  234.04
  78.45    9.41  121.65
  78.47    9.42  372.24
  78.47    9.42  372.24
  78.53    9.44  139.19
  78.53    9.44  139.19
  78.53    9.44  139.19
  79.47    9.82  142.75
  80.21   10.21  135.53
  73.87    8.28 3720.16
  73.87    8.28 3720.16
  74.99    8.41 8734.60
  78.19    8.97  537.80
  74.00    7.41 1021.12
  74.17    7.43  578.91
  75.39    7.53 1077.86
  75.39    7.53 1077.86
  75.89    7.58  427.58
  75.89    7.58  427.58
  75.93    7.59 7361.69
  75.93    7.59 7361.69
  75.93    7.59 7361.69
  75.96    7.59 7361.69
  76.09    7.60  350.34
  76.12    7.61  172.48
  76.16    7.61  172.48
  76.26    7.62 1213.58
  76.26    7.62 1213.58
  76.29    7.63 *******
  76.29    7.63 *******
  76.32    7.63 4422.11
  76.32    7.63 4422.11
  76.36    7.63 4422.11
  76.36    7.63 3893.76
  76.39    7.64 6503.24
  76.49    7.65 6619.98
  76.49    7.65 6619.98
  76.52    7.65 2358.87
  76.52    7.65 2358.87
  76.56    7.65 2358.87
  76.56    7.65 1058.95
  76.66    7.67 9334.63
  76.82    7.68 1155.05
  76.82    7.68  576.00
  76.82    7.68  576.00
  76.96    7.70 1369.28
  76.96    7.70 1369.28
  76.99    7.70  742.14
  76.99    7.70  742.14
  76.99    7.70  742.14
  72.90    9.60  782.76
  72.94    9.62 2481.85
  73.00    9.64  732.74
  73.14    9.69  767.91
  73.16    9.69  905.40
  73.18    9.70 1315.79
  73.18    9.70 1315.79
  73.20    9.71  716.12
  73.22    9.71 1048.04
  73.22    9.71 1048.04
  73.24    9.72 3812.97
  73.27    9.73 4890.61
  73.29    9.73  229.99
  73.29    9.73  229.99
  73.46    9.80  393.07
  73.54    9.83 1291.17
  73.54    9.83 1291.17
  73.54    9.83 1291.17
  73.56    9.83 3127.59
  73.58    9.84 7984.24
  73.60    9.85 3632.14
  73.60    9.85 3632.14
  73.62    9.85 3632.14
  73.62    9.85 3214.73
  73.62    9.85 3214.73
  73.64    9.86 3778.34
  73.64    9.86 3778.34
  73.68    9.88 1050.64
  73.68    9.88 1144.20
  73.98   10.00 1090.67
  73.98   10.00 1090.67
  74.00   10.00 1090.67
  74.00   10.00  464.60
  74.00   10.00  464.60
  74.00   10.00  464.60
  74.02   10.01  464.60
  74.02   10.01  947.42
  74.03   10.02  915.17
  74.03   10.02  915.17
  74.03   10.02  915.17
  74.03   10.02  915.17
  74.05   10.03 1469.68
  74.05   10.03 1469.68
  74.05   10.03 1469.68
  74.07   10.04 1836.27
  74.07   10.04 1836.27
  74.07   10.04 1836.27
  74.09   10.04 3593.52
  74.09   10.04 3593.52
  74.11   10.05 1428.72
  74.16   10.07  465.15
  74.20   10.09 2340.55
  74.21   10.10 *******
  74.25   10.11 *******
  74.25   10.11 *******
  74.34   10.15  659.82
  74.36   10.16  527.42
  74.37   10.17 1732.35
  74.42   10.19  942.45
  74.42   10.19  942.45
  74.44   10.20  942.45
  74.44   10.20 1446.33
  74.44   10.20 1446.33
  74.46   10.21 2740.02
  74.46   10.21 2740.02
  74.49   10.23 1154.48
  74.49   10.23 1154.48
  74.49   10.23 1154.48
  74.51   10.24 4391.27
  74.51   10.24 4391.27
  74.54   10.25 1625.03
  74.54   10.25 1625.03
  74.56   10.26 1625.03
  74.56   10.26 5507.77
  74.56   10.26 5507.77
  74.58   10.27 1535.13
  74.58   10.27 1535.13
  74.58   10.27 1535.13
  74.59   10.28 2991.88
  74.59   10.28 2991.88
  74.59   10.28 2991.88
  74.61   10.29 2991.88
  74.61   10.29 5436.99
  74.61   10.29 5436.99
  74.62   10.29 4320.52
  74.62   10.29 4320.52
  74.62   10.29 4320.52
  74.64   10.30 8546.02
  74.64   10.30 8546.02
  74.66   10.31 5717.39
  74.66   10.31 5717.39
  74.69   10.33 2972.92
  74.71   10.34  934.98
  74.71   10.34  934.98
  74.72   10.35  934.98
  74.72   10.35  228.44
  74.74   10.35 2852.40
  74.74   10.35 2852.40
  74.74   10.35 2852.40
  74.74   10.35 2852.40
  74.74   10.35 2852.40
  74.75   10.36  635.07
  74.77   10.37  635.07
  74.78   10.38 *******
  75.24   10.66 6734.10
  75.25   10.67 6659.72
  75.27   10.68 *******
  75.29   10.69 9772.15
  75.29   10.69 2558.58
  75.31   10.70  372.51
  71.20    7.53 1255.41
  71.33    7.55 1682.34
  71.52    7.57  297.01
  73.03    7.76  868.68
  73.10    7.77 1094.46
  73.10    7.77 1094.46
  73.13    7.78 1094.46
  73.13    7.78  382.07
  73.25    7.80  117.19
  78.01    6.91 1666.63
  78.01    6.91 1666.63
  78.04    6.91 2335.56
  78.04    6.91 2335.56
  78.08    6.92 1637.61
  78.52    7.00 1479.26
  78.56    7.01  835.84
  78.60    7.02  571.82
  78.74    7.04  139.79
  78.74    7.04  139.79
  78.78    7.05  288.64
  78.85    7.07  214.13
  79.61    7.24  256.23
  79.64    7.24  199.65
  79.68    7.25  199.65
  79.71    7.26  284.33
  79.71    7.26  824.76
  79.71    7.26  824.76
  79.75    7.27  334.93
  79.82    7.29  252.73
  79.89    7.31 4000.70
  80.00    7.33 7518.21
  81.29    7.74  490.27
  81.38    7.78  324.23
  81.48    7.82  603.49
  82.75   13.69  318.29
  79.47   14.96  266.20
  79.40   14.97  133.29
  79.40   14.97  133.29
  79.25   15.01  149.98
  80.30    6.00 5660.24
  80.30    6.00 5660.24
  80.34    6.01 2281.32
  80.38    6.01 8995.13
  80.38    6.01 8995.13
  80.42    6.02 1090.23
  80.42    6.02 1090.23
  80.50    6.03  149.40
  80.54    6.03  149.40
  80.54    6.03  120.04
  80.67    6.04  223.10
  80.71    6.05 2434.99
  80.71    6.05 2434.99
  80.71    6.05 2434.99
  80.75    6.05 4710.71
  80.75    6.05 4710.71
  80.87    6.07 7143.40
  80.91    6.07 7143.40
  80.91    6.07 3493.57
  80.91    6.07 3493.57
  80.91    6.07 3493.57
  80.95    6.08 6283.74
  80.99    6.08 2677.37
  81.07    6.09 2288.95
  81.12    6.10 5985.97
  81.24    6.11  415.14
  81.40    6.14 1605.05
  81.44    6.14 6250.39
  81.48    6.15 6250.39
  81.56    6.16 4454.15
  81.56    6.16 2614.83
  82.17    6.25 2583.14
  72.97    8.71  798.17
  73.01    8.72  119.59
  73.08    8.75  472.23
  73.10    8.75 3376.61
  73.16    8.78 1072.70
  73.16    8.78 1072.70
  73.18    8.78 2351.84
  73.18    8.78 2351.84
  73.18    8.78 2351.84
  73.22    8.80 3281.89
  73.22    8.80 3281.89
  73.22    8.80 3281.89
  73.24    8.81  403.48
  75.01    9.73 2113.34
  75.04    9.75  244.31
  75.04    9.75  244.31
  75.05    9.76  179.32
  75.06    9.77 1054.38
  75.06    9.77 1054.38
  75.06    9.77 1054.38
  75.14    9.83  174.09
  75.15    9.84  174.09
  75.15    9.84  171.76
  75.17    9.86  170.48
  75.27    9.95  225.91
  75.27    9.95  225.91
  75.31    9.99  269.51
  75.34   10.02  445.36
  75.39   10.07  592.82
  75.42   10.10  772.09
  75.44   10.12  465.50
  75.44   10.12  465.50
  75.47   10.17  825.13
  75.53   10.24  566.44
  75.54   10.25  566.44
  75.54   10.25 1417.31
  75.54   10.25 1417.31
  75.55   10.27 1131.33
  75.55   10.27 1131.33
  75.55   10.27 1131.33
  75.56   10.28  578.54
  75.56   10.29  578.54
  75.57   10.30  772.51
  75.58   10.31 1190.83
  75.58   10.31 1190.83
  75.60   10.34 1277.61
  75.60   10.34 1277.61
  75.61   10.35 1015.79
  75.61   10.35 1015.79
  75.62   10.38  314.83
  75.63   10.39  314.83
  75.63   10.40  580.72
  75.63   10.40  711.51
  75.64   10.41  956.13
  75.64   10.41  956.13
  75.66   10.44  712.54
  75.68   10.49  564.50
  75.68   10.49  564.50
  75.69   10.50  261.48
  75.72   10.56  163.64
  75.72   10.56  163.64
  75.50    8.55 7090.46
  75.54    8.57 5236.61
  75.54    8.57 5723.20
  75.54    8.57 5723.20
  75.56    8.58 2093.93
  75.69    8.64  375.70
  75.71    8.65  937.03
  75.73    8.66 2059.76
  75.73    8.66 2059.76
  75.75    8.67 4789.51
  75.77    8.68 9506.28
  75.79    8.69 9506.28
  75.79    8.69 5182.60
  75.79    8.69 5182.60
  75.79    8.69 5182.60
  75.82    8.70 4745.88
  75.82    8.70 4745.88
  75.84    8.71 3006.26
  75.86    8.73 3006.26
  71.13    6.45  322.80
  71.28    6.47  332.36
  71.28    6.47  332.36
  71.35    6.48  737.22
  71.35    6.48  737.22
  71.93    6.55 *******
  71.93    6.55 *******
  71.97    6.56 6135.32
  71.97    6.56 6135.32
  72.07    6.57 1927.77
  72.14    6.58 1208.18
  72.14    6.58 1208.18
  74.53    6.99 1746.05
  74.67    7.01 2000.19
  74.67    7.01 2000.19
  74.67    7.01 2000.19
  74.70    7.02 2000.19
  74.87    7.06 4293.23
  75.04    7.09 1127.92
  75.04    7.09 1127.92
  75.57    7.22  655.36
  75.57    7.22  655.36
  77.13    7.66  224.91
  80.42   10.08  649.98
  80.14   11.55  178.06
  80.14   11.55  178.06
  79.42   12.29  892.43
  79.42   12.29  892.43
  79.38   12.32  742.89
  79.38   12.32 1156.27
  79.38   12.32 1156.27
  79.15   12.48  404.18
  79.15   12.48  893.00
  79.15   12.48  893.00
  79.15   12.48  893.00
  79.13   12.49  893.00
  79.13   12.49 1712.20
  79.13   12.49 1712.20
  79.13   12.49 1712.20
  79.11   12.51  460.28
  79.11   12.51  460.28
  79.11   12.51  460.28
  79.02   12.56  212.63
  78.99   12.58  473.38
  78.99   12.58  473.38
  78.83   12.68  400.38
  78.78   12.70  419.35
  78.76   12.72 2524.61
  78.63   12.78 1145.49
  78.61   12.80 1145.49
  78.61   12.80 1146.08
  78.58   12.81 2306.50
  78.48   12.86  777.58
  78.43   12.89 1194.77
  78.43   12.89  743.00
  78.43   12.89  743.00
  78.40   12.90  743.00
  78.40   12.90  641.47
  78.40   12.90  641.47
  78.40   12.90  641.47
  78.35   12.92  553.73
  78.32   12.94  553.73
  78.30   12.95  528.33
  78.30   12.95  413.83
  78.30   12.95  413.83
  78.27   12.96 1004.14
  78.11   13.04 3196.33
  78.08   13.05 1372.79
  78.05   13.06 1372.79
  78.05   13.06 2106.10
  78.05   13.06  200.56
  76.12    7.63 *******
  76.29    7.68 1925.97
  76.29    7.68 1925.97
  76.34    7.69 1814.27
  76.37    7.70 1814.27
  76.40    7.71 2266.28
  76.81    7.83 1549.93
  76.83    7.83 1549.93
  76.83    7.83 2438.64
  77.05    7.90 *******
  77.07    7.91 *******
  77.07    7.91 *******
  77.15    7.94 1285.38
  77.15    7.94 1285.38
  77.15    7.94 1285.38
  77.20    7.95 2773.50
  77.20    7.95  375.70
  77.69    8.13  292.81
  77.71    8.14 2978.33
  77.76    8.16 1420.67
  77.98    8.24  173.69
  78.08    8.28  352.36
  78.15    8.32  510.53
  78.15    8.32  510.53
  78.54    8.50  164.65
  78.63    8.54  242.12
  78.63    8.54  172.83
  78.63    8.54  172.83
  78.65    8.56  264.42
  78.78    8.62  243.01
  78.85    8.66  448.71
  78.85    8.66  448.71
  78.91    8.70  254.32
  79.28    8.93  957.95
  79.28    8.93  957.95
  79.28    8.93  957.95
  73.77    8.22 3511.68
  74.49    8.60  702.41
  77.13    9.22  841.38
  76.91    9.25  221.37
  76.79    9.27  559.54
  76.43    9.33 3047.24
  76.35    9.34 4505.33
  76.32    9.34 4505.33
  76.12    9.37  984.76
  75.56    9.45 4942.94
  75.02   10.08 2681.88
  74.95   10.08  989.18
  74.76   10.09 1036.54
  74.71   10.09 1512.89
  74.60   10.10  953.95
  74.50   10.10  717.83
  74.47   10.10  666.38
  74.47   10.10  666.38
  74.45   10.10  396.38
  73.74   10.13  826.36
  73.72   10.13 *******
  73.72   10.13 *******
  73.69   10.13 4568.52
  73.61   10.14  860.37
  73.59   10.14 1516.43
  73.59   10.14 1516.43
  73.51   10.14  421.67
  73.33   10.15  410.51
  73.33   10.15  410.51
  73.33   10.15  410.51
  73.12   10.15  906.47
  73.12   10.15  906.47
  73.07   10.16 4243.80
  73.02   10.16 2020.29
  73.02   10.16 2020.29
  73.02   10.16 2020.29
  72.79   10.17  334.53
  72.79   10.17  334.53
  75.63   10.26  468.49
  75.33   10.26  280.90
  75.26   10.26  499.31
  74.82   10.26 1137.37
  74.73   10.26 1324.87
  74.69   10.26 4807.94
  74.69   10.26 4807.94
  74.66   10.26 1415.07
  74.66   10.26 1415.07
  74.48   10.26 2650.91
  74.37   10.26 1623.35
  74.32   10.26 1186.18
  74.32   10.26 1186.18
  74.32   10.26 1186.18
  74.30   10.26  717.29
  74.28   10.26  679.54
  74.28   10.26  679.54
  74.26   10.26  367.60
  74.23   10.26  357.54
  74.23   10.26  357.54
  74.10   10.26 1070.48
  74.05   10.26 6792.73
  74.05   10.26 1246.46
  74.03   10.26 1301.52
  73.65   10.26 3408.42
  73.63   10.26 3408.42
  73.63   10.26 1268.88
  73.50   10.26  440.14
  73.47   10.26  436.30
  73.45   10.26  436.30
  73.43   10.26  599.42
  73.41   10.26  280.33
  80.14    7.77 4008.45
  80.14    7.77 4008.45
  80.12    7.77 4008.45
  80.12    7.77 1914.75
  80.12    7.77 1914.75
  80.09    7.78 1914.75
  80.09    7.78 2034.07
  80.05    7.79 1353.30
  79.27    7.96 2053.22
  79.27    7.96 2053.22
  78.60    8.09  897.07
  77.28    8.30  433.91
  76.88    8.35 *******
  76.81    8.36 *******
  76.07    8.45 *******
  76.02    8.45 *******
  75.93    8.46 2792.72
  75.88    8.47 1289.61
  75.72    8.49 4298.69
  75.65    8.50 1335.84
  75.63    8.50  204.31
  75.63    8.50  204.31
  75.16    8.55 3367.68
  75.07    8.55 2594.49
  74.88    8.57  294.52
  74.86    8.58  171.57
  74.70    8.59  180.65
  77.35    6.89 1592.17
  77.35    6.89 1592.17
  77.29    6.91 1565.18
  77.29    6.91 1887.79
  77.21    6.93 3746.55
  77.19    6.94  251.39
  77.09    6.96  319.63
  77.07    6.97  319.63
  76.52    7.11  384.49
  76.50    7.11  384.49
  76.38    7.14  749.52
  77.44    6.50 2510.81
  74.63    6.06 *******
  77.53    9.10  103.72
  75.88    9.16  319.61
  74.98    9.15 1850.31
  74.87    9.15  128.20
  74.78    9.15  351.76
  74.51    9.14 1023.61
  74.51    9.14 1023.61
  73.79    9.14 4322.94
  73.77    9.14 4322.94
  76.29    8.50 1952.47
  76.25    8.51  109.30
  76.23    8.51  110.14
  76.19    8.51 2277.78
  74.08    8.56  101.97
  77.28    7.81  691.08
  77.28    7.81 6800.46
  77.28    7.81 4458.66
  77.26    7.81 4458.66
  77.24    7.81 1318.69
  77.02    7.83 2591.82
  76.89    7.84  279.24
  76.24    7.89 5454.09
  76.17    7.89 2715.86
  76.16    7.89 2598.80
  76.14    7.89  473.14
  76.14    7.89  473.14
  76.11    7.89  333.38
  76.09    7.90  281.56
  76.01    7.90  459.56
  75.98    7.90 4397.39
  75.97    7.90 1255.58
  75.97    7.90 1255.58
  75.63    7.92   85.65
  75.57    7.93 2666.22
  75.57    7.93 1710.03
  75.51    7.93  982.57
  75.51    7.93  982.57
  81.11    8.41  530.01
  78.69    8.46   91.37
  78.52    8.46  333.38
  78.49    8.46 1028.39
  78.47    8.46 1028.39
  78.47    8.46  845.41
  78.47    8.46  845.41
