  74.48   10.06  840.16
  74.93   10.08 9960.25
  75.01   10.08 8016.64
  75.27   10.09  680.30
  75.58   10.10  372.17
  75.60   10.10  576.67
  75.60   10.10  576.67
  75.61   10.10  546.94
  75.61   10.10  546.94
  75.97   10.12 2943.06
  71.43    8.12  771.85
  72.63    8.10 1412.77
  72.69    8.10  951.14
  72.76    8.09  398.66
  72.86    8.09 1666.40
  72.91    8.09  952.39
  74.93    8.43  711.30
  76.28    8.49  542.98
  75.26   16.21  440.51
  75.24   16.22  440.51
  79.12   10.45 1830.46
  79.12   10.45 1830.46
  77.22    6.62 8345.12
  72.95   16.31 *******
  72.92   16.31 *******
  72.83   16.31 *******
  72.40   16.32 1936.33
  72.34   16.32 1993.80
  72.34   16.32 1993.80
  72.34   16.32 1993.80
  72.03   16.32 6847.37
  71.91   16.32 1040.15
  71.39   16.32 8048.77
  74.13    6.74 1829.56
  74.52    6.83  664.89
  74.56    6.84  698.53
  74.56    6.84  698.53
  74.59    6.85 1326.60
  74.59    6.85 1461.26
  74.59    6.85 1461.26
  74.61    6.85 1272.76
  74.61    6.85 1272.76
  74.65    6.86 2116.01
  74.72    6.88  523.84
  74.72    6.88  523.84
  74.77    6.89  712.48
  74.81    6.90  684.35
  74.83    6.90  495.95
  74.90    6.92  671.23
  74.90    6.92 1137.11
  74.90    6.92 1137.11
  74.92    6.92 2978.86
  74.95    6.93  813.60
  74.99    6.94 1348.91
  74.99    6.94 1310.01
  75.00    6.95  645.39
  75.00    6.95  645.39
  75.02    6.95  480.22
  75.07    6.96 3147.09
  75.07    6.96 3147.09
  75.09    6.97 1677.57
  75.11    6.97 1085.87
  75.13    6.98  747.48
  75.14    6.98  747.48
  75.14    6.98 1890.08
  75.16    6.99 1890.08
  75.16    6.99 1946.61
  75.16    6.99 1946.61
  75.20    7.00  713.02
  75.21    7.00 1684.68
  75.25    7.01 2715.75
  75.28    7.02 1457.18
  75.30    7.02 1076.80
  75.30    7.02 1076.80
  75.32    7.03  621.88
  75.35    7.04  487.65
  75.35    7.04  487.65
  75.37    7.04  487.65
  75.37    7.04  416.87
  75.41    7.05  240.79
  75.41    7.05  240.79
  75.42    7.06  344.27
  75.42    7.06  344.27
  75.49    7.08 1150.89
  75.51    7.08  853.62
  75.53    7.09  853.62
  75.53    7.09 1403.54
  75.56    7.10 1013.09
  75.56    7.10 1746.00
  75.58    7.10 2075.15
  75.58    7.10 2075.15
  75.60    7.11 1092.72
  75.61    7.11 2699.37
  75.63    7.11 2113.66
  75.63    7.11 2113.66
  75.67    7.12 2234.36
  75.72    7.14  887.31
  75.72    7.14 1965.42
  75.77    7.15 5995.53
  75.79    7.16 *******
  75.82    7.17 7531.54
  75.82    7.17 7531.54
  75.84    7.17 2513.09
  75.85    7.18 1715.69
  75.85    7.18 1715.69
  75.87    7.18 2662.01
  75.90    7.19 1425.02
  75.90    7.19 2274.28
  75.90    7.19 2274.28
  75.92    7.20 2927.06
  75.94    7.21 2927.06
  75.94    7.21 2573.30
  75.96    7.21 1678.78
  75.96    7.21 1678.78
  75.97    7.22 1605.57
  75.97    7.22 1605.57
  75.97    7.22 1605.57
  75.99    7.22 1605.57
  75.99    7.22 4373.99
  75.99    7.22 4373.99
  76.01    7.23 5941.68
  76.02    7.23 5941.68
  76.02    7.23 6976.38
  76.02    7.23 6976.38
  76.04    7.24 4157.69
  76.04    7.24 4157.69
  76.06    7.24 3007.14
  76.07    7.25 3592.19
  76.09    7.25 1048.02
  76.09    7.25 1048.02
  76.11    7.26  953.97
  76.12    7.26 1143.29
  76.12    7.26 1143.29
  76.12    7.26 1143.29
  76.14    7.27 1717.45
  76.16    7.27 1717.45
  76.16    7.27  723.05
  76.16    7.27  723.05
  76.17    7.28  535.00
  76.19    7.28 1240.45
  76.19    7.28 1240.45
  76.21    7.29 3135.48
  76.22    7.29 3135.48
  76.22    7.29 3105.56
  76.22    7.29 4037.57
  76.24    7.30 4037.57
  76.26    7.31 4037.57
  76.26    7.31 1657.88
  76.26    7.31 1657.88
  76.27    7.31  999.34
  76.29    7.32 2004.20
  76.29    7.32 2004.20
  76.31    7.32 2004.20
  76.31    7.32 2307.37
  76.31    7.32 2307.37
  79.67   10.53 7368.82
  79.66   10.57  379.14
  79.65   10.59  504.82
  79.65   10.59  446.51
  79.65   10.61  222.92
  79.64   10.63  447.82
  79.64   10.64  447.82
  79.64   10.64  390.61
  79.63   10.65  364.16
  79.63   10.65  364.16
  79.62   10.69  219.22
  79.61   10.71  190.57
  79.61   10.71  190.57
  79.61   10.71  190.57
  79.61   10.71  190.57
  79.61   10.72  190.57
  79.61   10.72  378.70
  79.61   10.72  378.70
  79.61   10.72  378.70
  79.60   10.73  698.10
  79.60   10.73  698.10
  79.60   10.74  698.10
  79.60   10.74  397.40
  79.60   10.74  397.40
  79.60   10.74  397.40
  79.60   10.74  397.40
  79.59   10.75  280.96
  79.59   10.75  280.96
  79.59   10.75  280.96
  79.59   10.76  280.96
  79.59   10.76  249.03
  79.59   10.76  249.03
  79.59   10.78  249.03
  79.59   10.78 2773.61
  79.59   10.78 2773.61
  79.59   10.78 2773.61
  79.59   10.78 2773.61
  79.58   10.79 2773.61
  79.58   10.79 2219.24
  79.58   10.79 2219.24
  79.58   10.79 2219.24
  79.58   10.80 2219.24
  79.58   10.80 4945.44
  79.58   10.80 4945.44
  79.57   10.81 4945.44
  79.57   10.81 3585.74
  79.57   10.81 3585.74
  79.57   10.82 3585.74
  79.57   10.82 2611.28
  79.57   10.82 2611.28
  79.56   10.83 2611.28
  79.56   10.83 1756.47
  79.56   10.83 1756.47
  79.56   10.83 1756.47
  79.56   10.84 1756.47
  79.56   10.84 1703.99
  79.56   10.84 1703.99
  79.56   10.84 1703.99
  79.55   10.85 1392.36
  79.55   10.85 1392.36
  79.55   10.86 1213.23
  79.54   10.87 1213.23
  79.54   10.87 1692.28
  79.54   10.87 1692.28
  79.54   10.88 1692.28
  79.54   10.88 2534.56
  79.53   10.89 2534.56
  79.53   10.89 1523.17
  79.52   10.90 2903.11
  79.52   10.91 2903.11
  79.52   10.91 1278.55
  79.51   10.92 1278.55
  79.51   10.92 1092.13
  79.50   10.95 1111.50
  79.50   10.95 2000.90
  79.50   10.95 2000.90
  79.50   10.95 2000.90
  79.50   10.96 2000.90
  79.50   10.96 1302.22
  79.50   10.96 1302.22
  79.49   10.97 1302.22
  79.49   10.97  986.60
  79.49   10.97  986.60
  79.48   10.98  986.60
  79.48   10.98 4289.01
  79.48   10.98 4289.01
  79.48   10.99 4289.01
  79.48   10.99 3662.22
  79.48   10.99 3662.22
  79.48   10.99 3662.22
  79.47   11.00 1536.06
  79.47   11.01 1536.06
  79.47   11.01 1359.81
  79.47   11.01 1359.81
  79.44   11.05 2429.72
  79.39   11.12 2019.84
  79.38   11.13 3534.12
  79.38   11.13 3534.12
  79.38   11.13 3534.12
  79.38   11.13 3534.12
  79.36   11.17 2669.78
  79.35   11.19 2423.20
  79.31   11.24 1653.44
  79.26   11.30 1998.79
  79.25   11.31 1676.35
  79.23   11.33 1701.70
  79.23   11.33 1857.00
  79.21   11.35 1782.80
  79.21   11.35 1782.80
  79.21   11.36 1481.23
  79.21   11.36 1481.23
  79.21   11.36 1481.23
  79.20   11.37 1706.20
  79.20   11.37 1706.20
  79.20   11.37 1706.20
  79.20   11.37 1706.20
  79.19   11.38 1726.17
  79.19   11.38 1726.17
  79.18   11.39 1726.17
  79.18   11.39 1401.59
  79.18   11.39 1401.59
  79.18   11.39 1401.59
  79.17   11.40 1621.40
  79.17   11.40 1621.40
  79.17   11.40 1621.40
  79.17   11.40 1621.40
  79.16   11.41 2050.80
  79.15   11.42  986.62
  79.15   11.42  986.62
  79.14   11.43  986.62
  79.13   11.44  528.62
  79.11   11.46  670.06
  79.11   11.46  670.06
  79.09   11.48  634.92
  79.09   11.48  640.90
  79.08   11.49  944.79
  79.07   11.50  582.71
  79.03   11.54  413.08
  79.03   11.54  413.08
  79.01   11.56  649.52
  78.98   11.59  710.78
  78.98   11.59  710.78
  78.98   11.59  710.78
  78.96   11.61  706.11
  78.96   11.61  706.11
  78.96   11.61  706.11
  78.96   11.61  706.11
  78.95   11.62  632.85
  78.95   11.62  632.85
  78.94   11.63  549.28
  78.91   11.65  490.26
  78.88   11.68  633.84
  78.88   11.68 1767.05
  78.88   11.68 1767.05
  78.87   11.69 1767.05
  78.87   11.69 1509.84
  78.86   11.70 1509.84
  78.86   11.70 4067.93
  78.86   11.70 4067.93
  78.86   11.70 4067.93
  78.85   11.71 4067.93
  78.85   11.71 2767.96
  78.85   11.71 2767.96
  78.85   11.71 2767.96
  78.85   11.71 2767.96
  78.82   11.73  874.80
  78.81   11.74 1914.38
  78.81   11.74 1395.09
  78.80   11.75  840.44
  78.79   11.76  344.07
  78.79   11.76  344.07
  78.78   11.76  433.77
  78.76   11.77  433.77
  78.75   11.78  383.04
  78.75   11.78  383.04
  78.75   11.78  383.04
  78.74   11.79  383.04
  78.74   11.79  414.90
  78.73   11.80  414.90
  78.73   11.80  253.38
  78.71   11.81  253.38
  78.71   11.81  534.86
  78.71   11.81  534.86
  78.70   11.82  534.86
  78.70   11.82  641.33
  78.69   11.83  171.88
  78.68   11.84  300.88
  78.68   11.84  300.88
  78.68   11.84  300.88
  78.66   11.85  300.88
  78.66   11.85  568.12
  78.66   11.85  568.12
  78.66   11.85  568.12
  78.65   11.86  568.12
  78.65   11.86 3250.98
  78.65   11.86 3250.98
  78.64   11.87 3250.98
  78.64   11.87 2658.73
  78.63   11.88 2658.73
  78.63   11.88 1164.80
  78.63   11.88 1164.80
  78.61   11.89 1164.80
  78.61   11.89  837.39
  78.60   11.90  837.39
  78.60   11.90  516.41
  78.60   11.90  516.41
  78.60   11.90  516.41
  78.59   11.91  516.41
  78.59   11.91  592.90
  78.59   11.91  592.90
  78.59   11.91  592.90
  78.57   11.92 1303.32
  78.56   11.92 1303.32
  78.56   11.92  641.92
  78.56   11.92  641.92
  78.56   11.92  641.92
  78.55   11.93  401.66
  78.55   11.93  401.66
  78.55   11.93  401.66
  78.52   11.95  630.72
  78.51   11.96  925.19
  78.51   11.96  925.19
  78.48   11.98  343.00
  78.48   11.98  343.00
  78.48   11.98  343.00
  78.47   11.99  345.05
  78.47   11.99  345.05
  78.45   12.00  723.18
  78.45   12.00  723.18
  78.45   12.00  723.18
  78.45   12.00  723.18
  78.44   12.01  554.84
  78.44   12.01  554.84
  78.44   12.01  554.84
  78.43   12.02  554.84
  78.43   12.02  300.35
  78.41   12.03  463.27
  78.41   12.03  463.27
  78.40   12.03  526.01
  78.40   12.03  526.01
  78.38   12.04 1032.55
  78.38   12.04 1032.55
  78.38   12.04 1032.55
  78.37   12.05 1032.55
  78.36   12.06 1484.61
  78.36   12.06  845.74
  78.36   12.06  845.74
  78.34   12.07  455.69
  78.33   12.08  613.08
  78.33   12.08  613.08
  78.31   12.09 1206.86
  78.30   12.10 2605.34
  78.30   12.10 2605.34
  78.28   12.11 2020.07
  78.28   12.11 2020.07
  78.27   12.12 1417.80
  78.27   12.12 1417.80
  78.27   12.12 1417.80
  78.26   12.12 1417.80
  78.26   12.12 1380.34
  78.26   12.12 1380.34
  78.26   12.12 1380.34
  78.24   12.13 1380.34
  78.24   12.13 1930.10
  78.23   12.14 1930.10
  78.23   12.14 1124.60
  78.23   12.14 1124.60
  78.23   12.14 1124.60
  78.23   12.14 1124.60
  78.21   12.15 1124.60
  78.21   12.15  579.50
  78.21   12.15  579.50
  78.18   12.17 1094.57
  78.18   12.17 1094.57
  78.17   12.18 1094.57
  78.17   12.18 1821.93
  78.17   12.18 1821.93
  78.15   12.19 1301.54
  78.15   12.19 1301.54
  78.14   12.19  486.97
  78.14   12.19  486.97
  78.14   12.19  486.97
  78.14   12.19  486.97
  78.12   12.20  486.97
  78.12   12.20  624.70
  78.12   12.20  624.70
  78.11   12.21  624.70
  78.11   12.21  355.51
  78.11   12.21  355.51
  78.09   12.22  468.89
  78.09   12.22  468.89
  78.08   12.23  468.89
  78.06   12.24  505.31
  78.04   12.25  505.31
  78.04   12.25  298.26
  78.04   12.25  298.26
  78.04   12.25  298.26
  78.03   12.25  175.14
  78.03   12.25  175.14
  78.01   12.26  115.20
  78.00   12.27  167.93
  78.00   12.27  167.93
  78.00   12.27  167.93
  77.98   12.28  161.96
  77.98   12.28  161.96
  77.98   12.28  161.96
  77.97   12.29  250.03
  77.97   12.29  250.03
  77.95   12.30  250.03
  77.95   12.30  689.50
  77.95   12.30  689.50
  77.92   12.31  581.76
  77.92   12.31 1374.47
  77.92   12.31 1374.47
  77.90   12.32 1374.47
  77.90   12.32 1209.80
  77.90   12.32 1209.80
  77.90   12.32 1209.80
  77.89   12.33 1209.80
  77.89   12.33  566.99
  77.84   12.36  204.13
  77.84   12.36  447.33
  77.84   12.36  447.33
  77.84   12.36  447.33
  77.82   12.36  447.33
  77.82   12.36   98.15
  77.82   12.36   98.15
  77.80   12.37  232.54
  77.80   12.37  232.54
  77.79   12.38  392.96
  77.79   12.38  392.96
  77.79   12.38  392.96
  77.79   12.38  392.96
  77.77   12.39  227.82
  77.60   12.47  163.55
  77.59   12.48  457.96
  77.57   12.49  457.96
  77.57   12.49  480.70
  77.57   12.49  480.70
  77.57   12.49  480.70
  77.55   12.50  505.41
  77.55   12.50  505.41
  77.53   12.50  136.93
  77.52   12.51  205.11
  77.52   12.51  205.11
  77.50   12.52  287.53
  77.50   12.52  287.53
  77.50   12.52  287.53
  77.50   12.52  287.53
  77.46   12.54  315.76
  77.46   12.54  315.76
  77.45   12.54  315.76
  77.45   12.54  370.01
  77.45   12.54  370.01
  77.43   12.55  370.01
  77.43   12.55  552.59
  77.43   12.55  552.59
  77.41   12.56  552.59
  77.41   12.56 3067.07
  77.41   12.56 3067.07
  77.41   12.56 3067.07
  77.39   12.57  316.63
  77.39   12.57  316.63
  77.39   12.57  316.63
  77.39   12.57  316.63
  77.38   12.57  316.63
  77.38   12.57  382.33
  77.38   12.57  382.33
  77.38   12.57  382.33
  77.36   12.58  382.33
  77.36   12.58  461.07
  77.36   12.58  461.07
  77.34   12.59  854.10
  77.34   12.59  854.10
  77.34   12.59  854.10
  77.34   12.59  854.10
  77.34   12.59  854.10
  77.32   12.60 1153.46
  77.32   12.60 1153.46
  77.32   12.60 1153.46
  77.30   12.61  839.98
  77.30   12.61  839.98
  77.29   12.61  785.05
  77.29   12.61  785.05
  77.27   12.62  224.48
  77.25   12.63  224.48
  77.25   12.63  130.07
  77.23   12.64  109.64
  77.23   12.64  109.64
  77.18   12.66  102.97
  77.16   12.67  102.97
  77.16   12.67  157.73
  77.16   12.67  157.73
  77.14   12.68  157.73
  77.12   12.68   91.06
  77.01   12.73  209.06
  76.99   12.74  209.06
  76.99   12.74  535.91
  76.99   12.74  535.91
  76.97   12.74  776.21
  76.97   12.74  776.21
  76.97   12.74  776.21
  76.95   12.75  776.21
  76.95   12.75  716.40
  76.93   12.76 1324.66
  76.93   12.76 1324.66
  76.91   12.77  346.06
  76.91   12.77  346.06
  76.91   12.77  346.06
  76.91   12.77  346.06
  76.87   12.78  103.35
  76.85   12.79  103.35
  76.85   12.79  230.29
  76.81   12.80  258.87
  76.68   12.85  168.50
  76.66   12.86   96.06
  76.64   12.87   96.06
  76.46   12.93  593.05
  76.46   12.93  593.05
  76.46   12.93  593.05
  76.43   12.94  721.27
  76.39   12.95  648.50
  76.37   12.96  648.50
  76.37   12.96  406.42
  76.35   12.96  406.42
  76.35   12.96  626.99
  76.25   13.00  217.32
  76.19   13.02   91.64
  72.18    6.37 5738.34
  72.18    6.37 2253.06
  73.80    6.77  352.02
  73.83    6.78  724.99
  73.93    6.81 1146.02
  73.93    6.81 1146.02
  74.31    6.93 3339.55
  74.45    6.97 1664.63
  74.52    7.00 1973.35
  74.53    7.00  980.23
  74.54    7.00  868.15
  74.58    7.02 1779.19
  74.64    7.04  516.45
  74.73    7.07  102.96
  74.82    7.10  543.35
  76.74    8.07  244.19
  76.78    8.10  490.46
  76.84    8.15  220.04
  76.84    8.15  220.04
  76.12    6.90  826.26
  76.15    6.92  174.14
  76.45    7.07 *******
  76.46    7.08 2746.90
  76.46    7.08 2746.90
  77.41   10.22  141.26
  77.25   10.36 1676.93
  77.23   10.38  735.60
  77.21   10.38  749.39
  77.20   10.39  594.47
  77.20   10.39  594.47
  77.20   10.39  594.47
  77.18   10.41  466.75
  77.18   10.41  708.59
  77.13   10.45  573.15
  77.13   10.45  573.15
  77.10   10.47  151.83
  77.08   10.49  432.42
  77.07   10.50  248.04
  77.06   10.51  168.95
  77.06   10.51  168.95
  77.05   10.52  168.95
  77.05   10.52  221.20
  77.03   10.52  182.98
  77.03   10.52  182.98
  77.03   10.52  182.98
  76.45   10.89  112.30
  76.29   10.97  717.10
  76.28   10.98  683.54
  76.28   10.98  683.54
  75.75   11.22  562.29
  75.74   11.23 1285.68
  75.74   11.23 1285.68
  75.72   11.24  212.51
  75.70   11.24  121.17
  75.68   11.25  108.21
  75.67   11.26  108.21
  75.67   11.26  590.29
  75.67   11.26  590.29
  75.67   11.26  590.29
  75.54   11.31   99.91
  75.54   11.31   99.91
  75.52   11.32   99.91
  75.43   11.35  190.66
  75.43   11.35  190.66
  75.36   11.38  583.69
  75.36   11.38  583.69
  75.28   11.41  413.83
  75.28   11.41  413.83
  75.24   11.42  208.21
  75.24   11.42  208.21
  75.22   11.43  358.24
  75.17   11.45  894.23
  75.15   11.46  894.23
  75.15   11.46  867.97
  75.13   11.47  282.76
  75.13   11.47  282.76
  75.11   11.47  282.76
  75.11   11.47  139.35
  75.11   11.47  139.35
  75.09   11.48  139.35
  75.09   11.48  151.82
  75.07   11.49  234.26
  75.07   11.49  234.26
  75.01   11.51   98.82
  75.01   11.51   98.82
  74.97   11.52  197.54
  74.85   11.56  145.57
  74.83   11.57 1036.16
  74.81   11.57 1729.29
  74.81   11.57 1729.29
  74.81   11.57 1729.29
  74.81   11.57 1729.29
  74.79   11.58 1729.29
  74.79   11.58  602.84
  74.79   11.58  602.84
  74.77   11.59 1153.66
  74.69   11.61  124.18
  74.67   11.62  146.82
  74.63   11.63  357.02
  74.61   11.64  151.71
  74.61   11.64  151.71
  74.59   11.65  250.35
  74.59   11.65  250.35
  74.59   11.65  250.35
  74.57   11.65  172.94
  74.52   11.67  237.00
  74.36   11.72  392.53
  74.36   11.72  392.53
  74.36   11.72  392.53
  74.33   11.72  676.04
  74.31   11.73 4474.14
  74.29   11.74 1287.83
  74.29   11.74 1287.83
  74.27   11.74 3627.73
  74.27   11.74 3627.73
  74.25   11.75 1973.09
  74.25   11.75 1973.09
  74.23   11.76 1763.40
  74.23   11.76 1763.40
  74.23   11.76 1763.40
  74.20   11.76 2259.20
  74.18   11.77 2660.20
  74.18   11.77 2660.20
  74.18   11.77 2660.20
  74.16   11.77 3590.21
  74.16   11.77 3590.21
  74.14   11.78 2872.44
  74.10   11.79 2245.79
  74.10   11.79 3773.59
  74.10   11.79 3773.59
  74.07   11.80 4719.10
  74.07   11.80 4719.10
  74.05   11.81 2371.30
  74.05   11.81 2371.30
  74.01   11.82 2526.46
  73.99   11.82 1103.55
  73.99   11.82 1103.55
  73.96   11.83  659.94
  73.96   11.83  659.94
  73.94   11.84  649.90
  73.92   11.84  676.76
  73.92   11.84  676.76
  73.92   11.84  676.76
  73.92   11.84  676.76
  73.90   11.85  941.46
  73.90   11.85  941.46
  73.90   11.85  941.46
  73.87   11.85  540.95
  73.87   11.85  540.95
  73.83   11.87  387.95
  73.81   11.87  387.95
  73.78   11.88 1063.50
  73.78   11.88 1063.50
  73.76   11.88 1857.13
  73.69   11.90  658.25
  73.69   11.90  658.25
  73.67   11.91  502.90
  73.65   11.91  502.90
  73.65   11.91  148.68
  73.62   11.92  292.21
  73.62   11.92  292.21
  73.60   11.93  191.22
  73.56   11.94  403.07
  73.56   11.94  549.54
  73.53   11.94  549.54
  73.53   11.94  852.64
  73.51   11.95  113.37
  73.49   11.96  113.37
  73.49   11.96  340.76
  73.49   11.96  340.76
  73.44   11.97  462.71
  73.44   11.97  462.71
  73.44   11.97  462.71
  71.57    6.00  230.75
  71.68    6.03  224.72
  71.72    6.04  312.00
  71.75    6.05  701.11
  71.78    6.06  486.40
  71.83    6.07  965.07
  71.96    6.10  499.35
  71.96    6.10  499.35
  72.16    6.15  259.69
  72.29    6.19  620.40
  72.78    6.33  409.08
  72.80    6.33  566.22
  75.06   10.69  134.10
  74.81   10.83  584.19
  74.79   10.83  584.19
  74.79   10.83  914.13
  74.78   10.84  141.80
  74.76   10.85  227.07
  74.76   10.85  227.07
  74.75   10.86  218.47
  74.73   10.87  218.47
  74.72   10.87  462.74
  74.57   10.94  197.25
  74.51   10.97  223.55
  74.51   10.97  223.55
  74.48   10.99  752.46
  74.41   11.02  240.71
  74.24   11.09  259.92
  74.24   11.09  259.92
  74.22   11.10  638.48
  74.19   11.11  249.10
  74.17   11.12  271.12
  74.17   11.12  271.12
  74.15   11.13  271.12
  74.08   11.16  560.81
  74.08   11.16  954.10
  74.06   11.16  364.65
  74.03   11.18 2780.11
  73.99   11.19  910.79
  73.99   11.19  910.79
  73.97   11.20 1571.99
  73.95   11.21 2820.23
  73.88   11.23 1697.40
  73.84   11.25 1818.16
  73.84   11.25 1818.16
  73.84   11.25 1818.16
  73.82   11.25 1818.16
  73.82   11.25 2079.18
  73.82   11.25 2079.18
  73.82   11.25 2079.18
  73.81   11.26 2079.18
  73.81   11.26 2412.20
  73.81   11.26 2412.20
  73.81   11.26 2412.20
  73.81   11.26 2412.20
  73.79   11.27 2222.96
  73.79   11.27 2222.96
  73.79   11.27 2222.96
  73.77   11.28 1711.42
  73.77   11.28 1711.42
  73.75   11.28 1999.40
  73.73   11.29 1999.40
  73.71   11.30 1110.59
  73.69   11.30 1013.32
  73.69   11.30 1013.32
  73.67   11.31 2141.80
  73.67   11.31 2141.80
  73.65   11.32 1899.33
  73.63   11.32 3088.37
  73.61   11.33 4927.66
  73.61   11.33 1838.69
  73.60   11.34  554.71
  73.60   11.34  554.71
  73.58   11.34  545.37
  73.58   11.34  545.37
  73.56   11.35 1460.63
  73.52   11.37  228.88
  73.50   11.37  926.48
  73.50   11.37  926.48
  73.50   11.37  926.48
  73.50   11.37  926.48
  73.48   11.38  926.48
  73.48   11.38  301.59
  73.48   11.38  301.59
  73.48   11.38  301.59
  73.44   11.39  701.51
  73.44   11.39  701.51
  73.44   11.39  701.51
  73.42   11.40 4371.03
  73.42   11.40 4371.03
  73.42   11.40 4371.03
  73.40   11.41  327.43
  73.38   11.41  327.43
  73.38   11.41 1068.82
  73.38   11.41 1068.82
  73.36   11.42  913.58
  73.36   11.42  913.58
  73.36   11.42  913.58
  73.34   11.43  913.58
  73.34   11.43  282.10
  73.34   11.43  282.10
  74.68   13.22  236.77
  74.68   13.22  236.77
  76.73    9.60 1178.36
  76.56    9.76  441.62
  76.56    9.76  532.72
  76.56    9.76  532.72
  80.72   12.02  335.57
  80.69   12.02  314.37
  80.60   12.05  558.27
  80.57   12.05  270.22
  78.46   12.03 *******
  78.46   12.03 *******
  78.46   12.03 *******
  78.46   12.03 *******
  77.87   12.17  134.98
  77.87   12.17  134.98
  77.84   12.18  143.73
  77.84   12.18  143.73
  77.81   12.18  145.35
  77.41   12.27  322.20
  77.34   12.28  124.37
  76.93   12.37  123.32
  76.90   12.37  123.32
  76.90   12.37  158.05
  76.90   12.37  158.05
  76.90   12.37  158.05
  76.90   12.37  158.05
  76.87   12.38  158.05
  76.87   12.38  325.09
  76.87   12.38  325.09
  76.87   12.38  325.09
  76.83   12.38  377.72
  76.83   12.38  377.72
  76.83   12.38  377.72
  76.80   12.39  377.72
  76.80   12.39  240.04
  76.76   12.40  199.64
  76.76   12.40  199.64
  76.73   12.40  199.64
  76.73   12.40  255.89
  76.69   12.41  195.78
  76.69   12.41  195.78
  76.69   12.41  195.78
  76.69   12.41  195.78
  76.66   12.42  206.68
  76.66   12.42  206.68
  76.62   12.42  206.68
  76.62   12.42  168.53
  76.59   12.43  168.53
  76.59   12.43  332.97
  76.56   12.44  351.04
  76.56   12.44  351.04
  76.56   12.44  351.04
  76.52   12.44  226.23
  76.45   12.45  637.14
  76.45   12.45  637.14
  76.45   12.45  637.14
  76.42   12.46  508.55
  76.42   12.46  508.55
  76.38   12.47  670.92
  76.35   12.47 1271.98
  76.28   12.48  449.93
  76.28   12.48  449.93
  76.24   12.49  449.93
  76.21   12.50 1057.06
  76.21   12.50  817.40
  76.21   12.50  817.40
  76.21   12.50  817.40
  76.17   12.50  817.40
  76.17   12.50  516.68
  76.14   12.51  891.15
  76.14   12.51  891.15
  76.10   12.51 1850.89
  76.07   12.52 1850.89
  76.07   12.52 1080.37
  76.07   12.52 1080.37
  76.03   12.52 1080.37
  76.03   12.52 1380.44
  76.03   12.52 1380.44
  76.03   12.52 1380.44
  76.00   12.53 1105.46
  76.00   12.53 1105.46
  76.00   12.53 1105.46
  76.00   12.53 1105.46
  76.00   12.53 1105.46
  75.96   12.54  432.76
  75.96   12.54  432.76
  75.96   12.54  432.76
  75.93   12.54  432.76
  75.93   12.54  867.54
  75.82   12.56  864.09
  75.82   12.56  864.09
  75.82   12.56  864.09
  75.79   12.56  317.39
  75.75   12.57  260.51
  75.68   12.58  471.18
  75.68   12.58  471.18
  75.68   12.58  471.18
  75.64   12.59  797.45
  75.64   12.59  797.45
  75.64   12.59  797.45
  75.61   12.59  797.45
  75.61   12.59  437.77
  75.61   12.59  437.77
  75.61   12.59  437.77
  75.57   12.60  259.38
  75.57   12.60  259.38
  75.54   12.60  208.87
  75.50   12.61  315.63
  75.47   12.61  219.73
  75.47   12.61  219.73
  75.47   12.61  219.73
  75.43   12.62  365.38
  75.43   12.62  365.38
  75.43   12.62  365.38
  75.39   12.62  146.76
  75.36   12.63  146.76
  76.63   13.25 1561.78
  76.63   13.25 1561.78
  76.59   13.25 1546.70
  76.59   13.25 1546.70
  76.59   13.25 1546.70
  76.59   13.25 1546.70
  76.59   13.25 1546.70
  76.55   13.26  789.67
  76.55   13.26  789.67
  76.51   13.26  789.67
  76.51   13.26 1327.33
  76.51   13.26 1327.33
  76.43   13.27 1541.30
  76.43   13.27 1541.30
  76.39   13.27 1541.30
  76.39   13.27 1198.09
  76.39   13.27 1198.09
  76.39   13.27 1198.09
  76.35   13.27 1156.49
  76.32   13.28  880.50
  76.24   13.28 1043.24
  76.24   13.28 1043.24
  76.16   13.29 1566.98
  76.16   13.29 1566.98
  76.12   13.29  876.33
  76.12   13.29  876.33
  76.12   13.29  876.33
  76.08   13.29  797.79
  76.04   13.30  609.98
  76.04   13.30  609.98
  76.00   13.30  379.97
  76.00   13.30  379.97
  75.97   13.30  749.37
  75.97   13.30  749.37
  75.97   13.30  749.37
  75.97   13.30  749.37
  75.93   13.31 1001.79
  75.93   13.31 1001.79
  75.89   13.31  512.25
  75.89   13.31  512.25
  75.85   13.31  512.25
  75.85   13.31  514.47
  75.85   13.31  514.47
  75.85   13.31  514.47
  75.81   13.32 1754.46
  75.81   13.32 1754.46
  75.81   13.32 1754.46
  75.77   13.32 1754.46
  75.38   13.35  586.40
  75.34   13.35  586.40
  75.34   13.35  171.35
  75.22   13.36  118.06
  75.22   13.36  118.06
  75.11   13.37  146.75
  75.11   13.37  313.77
  75.11   13.37  313.77
  75.07   13.37  534.41
  75.03   13.37  936.71
  75.03   13.37  936.71
  75.03   13.37  936.71
  74.99   13.37  936.71
  74.99   13.37  470.01
  74.99   13.37  470.01
  74.99   13.37  470.01
  74.91   13.38  300.36
  74.48   13.41  853.68
  74.48   13.41  853.68
  78.30   13.23 2791.64
  76.30   13.23 2678.42
  75.59   13.23 *******
  75.59   13.23 *******
  75.47   13.23 *******
  75.43   13.23 *******
  75.43   13.23 *******
  75.38   13.23 *******
  75.30   13.23  833.08
  75.30   13.23  833.08
  75.09   13.23 1547.71
  74.84   13.23  748.38
  75.55   12.70  336.72
  75.55   12.70  336.72
  75.51   12.70  741.27
  75.22   12.70 2887.84
  75.18   12.70 2887.84
  75.18   12.70 1360.07
  75.18   12.70 1360.07
  75.13   12.70 1360.07
  75.13   12.70 1082.41
  75.13   12.70 1082.41
  75.09   12.71  704.29
  75.09   12.71  704.29
  75.09   12.71  704.29
  75.09   12.71  704.29
  75.05   12.71 1025.51
  75.05   12.71 1025.51
  75.05   12.71 1025.51
  75.01   12.71 2427.48
  75.01   12.71 2427.48
  75.01   12.71 2427.48
  75.01   12.71 2427.48
  75.01   12.71 2427.48
  74.96   12.71 1158.67
  74.92   12.71 1561.02
  74.92   12.71 1561.02
  74.88   12.71 3923.04
  74.88   12.71 3923.04
  74.88   12.71 3923.04
  74.88   12.71 3923.04
  74.84   12.71 8505.80
  74.84   12.71 8505.80
  74.84   12.71 8505.80
  74.84   12.71 8505.80
  74.80   12.71 8505.80
  74.80   12.71 4933.34
  74.80   12.71 4933.34
  74.80   12.71 4933.34
  74.75   12.71 2340.33
  74.75   12.71 2340.33
  74.75   12.71 2340.33
  74.71   12.71  759.28
  74.71   12.71  759.28
  74.71   12.71 2551.67
  74.71   12.71  759.28
  74.67   12.71  759.28
  74.67   12.71 1530.15
  74.67   12.71 1530.15
  74.67   12.71 1530.15
  74.67   12.71 1530.15
  74.63   12.71 5035.35
  74.63   12.71 5035.35
  74.63   12.71 5035.35
  74.58   12.71 8588.87
  74.58   12.71 8588.87
  74.58   12.71 8588.87
  74.58   12.71 8588.87
  74.54   12.71 8588.87
  74.54   12.71 *******
  74.54   12.71 *******
  74.54   12.71 *******
  74.54   12.71 *******
  74.54   12.71 *******
  74.50   12.71 *******
  74.50   12.71 *******
  74.50   12.71 *******
  74.50   12.71 *******
  74.50   12.71 *******
  74.46   12.71 *******
  74.46   12.71 4863.60
  74.41   12.71  969.46
  74.33   12.71 7849.30
  74.33   12.71 7849.30
  74.33   12.71 7849.30
  74.25   12.72 5301.59
  74.16   12.72 4808.25
  74.08   12.72 2891.25
  74.08   12.72 2891.25
  74.08   12.72 2891.25
  74.08   12.72 2891.25
  74.03   12.72 2891.25
  74.03   12.72  803.52
  73.82   12.72 1613.08
  73.78   12.72 1173.56
  73.78   12.72 1173.56
  73.74   12.72 2209.08
  73.65   12.72 2313.34
  73.65   12.72 2313.34
  73.61   12.72 1235.55
  73.61   12.72 1235.55
  73.61   12.72 1235.55
  73.57   12.72 1156.33
  73.57   12.72 1156.33
  73.52   12.72 1156.33
  73.52   12.72  603.18
  73.48   12.72  603.18
  73.48   12.72  869.84
  73.48   12.72  869.84
  73.48   12.72  869.84
  73.44   12.72  869.84
  73.44   12.72 1019.48
  73.44   12.72 1019.48
  73.40   12.72 1019.48
  73.40   12.72 1292.10
  73.40   12.72 1292.10
  73.36   12.72 1416.19
  73.36   12.72 1416.19
  73.36   12.72 1416.19
  73.31   12.72 1416.19
  73.31   12.72 1634.60
  73.31   12.72 1634.60
  73.31   12.72 1634.60
  73.27   12.72 1043.50
  73.27   12.72 1043.50
  73.23   12.73  326.45
  76.32    9.42 2724.69
  76.32    9.42 2724.69
  76.30    9.43 2724.69
  76.30    9.43 4794.77
  76.30    9.43 4794.77
  76.30    9.43 4794.77
  76.30    9.43 4794.77
  76.28    9.44 9393.55
  76.28    9.44 9393.55
  76.28    9.44 9393.55
  76.26    9.45 9389.38
  76.26    9.45 9389.38
  76.23    9.46 9389.38
  76.21    9.47 *******
  76.21    9.47 *******
  76.19    9.49 *******
  76.15    9.51 9213.02
  76.15    9.51 1884.25
  76.15    9.51 1884.25
  76.15    9.51 1884.25
  76.12    9.52 1626.77
  76.08    9.54 2650.99
  76.08    9.54 2650.99
  76.06    9.55 2490.14
  76.06    9.55 2490.14
  76.03    9.56 1507.83
  76.03    9.56 1507.83
  76.01    9.57 2670.11
  76.01    9.57 2670.11
  76.01    9.57 2670.11
  76.01    9.57 2670.11
  76.01    9.57 2670.11
  75.99    9.58 2649.90
  75.99    9.58 2649.90
  75.99    9.58 2649.90
  75.99    9.58 2649.90
  75.99    9.58 2649.90
  75.96    9.59  908.37
  75.96    9.59  908.37
  75.94    9.60  908.37
  75.89    9.62  427.99
  75.89    9.62  427.99
  75.89    9.62  427.99
  75.87    9.63 2108.85
  75.87    9.63 2108.85
  75.85    9.64 1127.01
  75.85    9.64 1127.01
  75.85    9.64 1127.01
  75.82    9.65 1127.01
  75.82    9.65 2931.60
  75.80    9.67 2931.60
  75.80    9.67 5555.99
  75.78    9.68 4811.58
  75.78    9.68 4811.58
  75.75    9.69 4811.58
  75.75    9.69 5497.82
  75.75    9.69 5497.82
  75.75    9.69 5497.82
  75.73    9.70 6256.77
  75.73    9.70 6256.77
  75.73    9.70 6256.77
  75.70    9.71 2145.04
  75.70    9.71 2145.04
  75.70    9.71 2145.04
  75.68    9.72 2145.04
  75.68    9.72 4297.19
  75.68    9.72 4297.19
  75.68    9.72 4297.19
  75.68    9.72 4297.19
  75.66    9.73 6674.70
  75.66    9.73 6674.70
  75.56    9.77 5229.15
  75.53    9.78 7171.07
  75.53    9.78 7171.07
  75.51    9.79 *******
  75.51    9.79 *******
  75.51    9.79 *******
  75.48    9.80 *******
  75.48    9.80 *******
  75.43    9.82 *******
  75.43    9.82 5062.83
  75.41    9.83 4177.79
  75.33    9.85 3711.72
  73.85   12.08 1208.62
  73.81   12.08  313.96
  73.77   12.08  313.96
  73.77   12.08  479.34
  73.73   12.09  606.80
  73.73   12.09  606.80
  73.68   12.09 1185.55
  73.60   12.09  202.28
  73.39   12.10  201.70
  79.04   10.41  664.67
  79.00   10.42  477.31
  79.00   10.42  477.31
  79.00   10.42  477.31
  78.97   10.42  317.72
  78.42   10.55  372.04
  78.39   10.56  181.24
  78.35   10.57  765.58
  78.35   10.57  765.58
  78.18   10.61  476.53
  78.18   10.61  476.53
  78.11   10.62 4412.21
  78.07   10.63 5159.45
  77.89   10.67  708.21
  77.89   10.67  677.33
  77.89   10.67  677.33
  77.86   10.67 2582.25
  76.79    9.59  258.79
  76.36    9.73  768.88
  76.36    9.73  768.88
  76.36    9.73  768.88
  76.33    9.74 1333.49
  76.33    9.74 1333.49
  76.30    9.75 1333.49
  76.21    9.77  163.95
  76.15    9.79  467.74
  76.15    9.79  467.74
  76.15    9.79  467.74
  76.12    9.80  531.27
  76.12    9.80  531.27
  76.12    9.80  531.27
  76.09    9.80  322.18
  76.09    9.80  322.18
  76.06    9.81  213.87
  75.88    9.86 1562.83
  75.81    9.88 2761.81
  75.69    9.91 1959.92
  75.66    9.92  882.58
  75.63    9.93  882.58
  75.63    9.93  752.31
  75.59    9.93  617.07
  75.59    9.93  617.07
  75.56    9.94  669.14
  75.53    9.95 2365.40
  75.50    9.96 1953.30
  74.98   10.08 1271.10
  74.98   10.08 1271.10
  74.95   10.08 1271.10
  74.95   10.08 1283.46
  74.95   10.08 1283.46
  74.95   10.08 1283.46
  74.95   10.08 1283.46
  74.92   10.09 5317.82
  74.92   10.09 5317.82
  74.92   10.09 5317.82
  74.89   10.10 3626.60
  74.89   10.10 1752.76
  74.85   10.11 1752.76
  74.82   10.11 2001.06
  74.82   10.11 2001.06
  76.80   10.20  589.60
  76.80   10.20  589.60
  76.72   10.21 1554.06
  76.42   10.25  258.99
  76.34   10.25  319.05
  76.26   10.26  339.20
  76.09   10.28  421.72
  76.09   10.28 2632.57
  76.09   10.28 2632.57
  76.04   10.29 2034.09
  76.04   10.29 2034.09
  76.00   10.29 2034.09
  75.96   10.30  787.97
  75.96   10.30  787.97
  75.92   10.30  492.81
  75.87   10.30  492.81
  75.87   10.30  318.10
  75.83   10.31  366.45
  75.79   10.31  498.84
  75.75   10.32  498.84
  75.75   10.32  321.02
  75.75   10.32  321.02
  75.62   10.33  345.25
  75.53   10.34  269.60
  75.53   10.34  269.60
  75.53   10.34  269.60
  75.49   10.34  325.88
  75.36   10.35  689.59
  75.36   10.35  689.59
  75.32   10.36  689.59
  75.32   10.36  565.02
  75.32   10.36  565.02
  75.28   10.36  505.45
  75.28   10.36  505.45
  75.28   10.36  505.45
  75.28   10.36  505.45
  75.23   10.37 1010.84
  75.23   10.37 1010.84
  75.23   10.37 1010.84
  75.23   10.37 1010.84
  75.23   10.37 1010.84
  75.19   10.37  456.58
  75.15   10.37  456.58
  75.15   10.37 1249.14
  75.15   10.37 1249.14
  75.15   10.37 1249.14
  75.10   10.38  752.95
  75.10   10.38  752.95
  75.10   10.38  752.95
  75.06   10.38  752.95
  75.06   10.38  852.82
  75.02   10.39  852.82
  75.02   10.39  299.91
  74.97   10.39  333.03
  74.89   10.40  536.33
  74.85   10.40  690.61
  74.85   10.40  690.61
  74.85   10.40  690.61
  74.80   10.40  690.61
  74.80   10.40 3350.60
  74.80   10.40 3350.60
  74.80   10.40 3350.60
  74.76   10.41 1748.29
  74.76   10.41 1748.29
  74.72   10.41 1748.29
  74.72   10.41 1367.47
  74.72   10.41 1367.47
  74.67   10.42  931.73
  74.67   10.42  931.73
  74.63   10.42  386.30
  74.63   10.42  386.30
  74.59   10.42 3953.73
  74.59   10.42 3953.73
  74.59   10.42 3953.73
  74.59   10.42 3953.73
  74.54   10.43 3953.73
  74.54   10.43 1339.95
  74.50   10.43 3895.71
  74.50   10.43 3895.71
  74.50   10.43 3895.71
  74.46   10.43 3895.71
  74.28   10.45  849.48
  74.28   10.45  849.48
  74.24   10.45 1171.26
  74.20   10.46 2019.22
  74.20   10.46 2019.22
  74.15   10.46 1569.34
  74.15   10.46 1569.34
  74.11   10.46  720.60
  74.07   10.47  720.60
  74.07   10.47 1001.07
  73.89   10.48  897.02
  73.89   10.48  897.02
  73.85   10.48  897.02
  73.85   10.48  569.80
  73.81   10.49  569.80
  73.72   10.49 1153.84
  73.72   10.49 1153.84
  73.59   10.50  842.30
  73.55   10.51  634.38
  73.55   10.51  634.38
  73.50   10.51  795.10
  73.46   10.51 1668.90
  73.46   10.51 1668.90
  73.46   10.51 1668.90
  73.41   10.52 1236.01
  73.41   10.52 1236.01
  73.20   10.53 1031.98
  73.20   10.53 1687.08
  73.20   10.53 1687.08
  73.20   10.53 1687.08
  73.20   10.53 1687.08
  73.15   10.53 2898.36
  73.15   10.53 2898.36
  73.15   10.53 2898.36
  73.11   10.54 2619.25
  73.11   10.54 2619.25
  73.11   10.54 2619.25
  73.07   10.54 2619.25
  73.07   10.54 2185.36
  73.07   10.54 2185.36
  73.02   10.54 2303.64
  72.98   10.55 3511.74
  72.98   10.55 3511.74
  72.98   10.55 3511.74
  72.93   10.55 4426.92
  72.93   10.55 4426.92
  72.93   10.55 4426.92
  72.93   10.55 4426.92
  72.89   10.55 4426.92
  72.89   10.55 6560.40
  72.89   10.55 6560.40
  75.81    8.82 *******
  71.91   17.38 *******
  71.96   17.38 *******
  70.23   17.54 1643.06
  72.19   17.71 *******
  79.02   14.73 2415.92
  79.04   14.73 3210.95
  79.07   14.73 1086.11
  79.07   14.73 1086.11
  79.09   14.73 1111.45
  79.09   14.73 1111.45
  79.11   14.73 1016.58
  79.13   14.73 *******
  79.13   14.73 *******
  79.14   14.74 *******
  79.14   14.74 *******
  79.16   14.74 8727.56
  79.18   14.74 8727.56
  79.18   14.74 5981.06
  79.18   14.74 5981.06
  79.20   14.74 2642.16
  79.21   14.74 1506.58
  79.29   14.74 2744.02
  79.34   14.74  518.75
  79.68   14.75  351.15
  79.91   14.76  510.58
  79.96   14.76  599.70
  76.78   14.14 1272.80
  76.78   14.14 1272.80
  76.80   14.14  425.01
  76.88   14.14  360.40
  77.28   14.15 1187.81
  77.30   14.15  392.53
  77.32   14.15  392.53
  78.06   14.17 1551.38
  78.60   14.18  516.67
  78.95   14.18 1096.15
  78.95   14.18 1096.15
  72.43   14.84  316.83
  72.45   14.84  566.23
  72.48   14.85  788.07
  72.56   14.85 *******
  72.56   14.85 *******
  72.62   14.86 *******
  72.62   14.86 *******
  72.62   14.86 *******
  72.67   14.86 *******
  72.73   14.87 *******
  72.75   14.87 *******
  72.75   14.87 *******
  78.07   12.96  674.38
  75.43   13.03  271.99
  76.02   13.04 1464.81
  76.02   13.04 1499.72
  75.27   11.88   59.03
  78.39   10.64  536.12
  78.42   10.64  284.79
  78.45   10.64  664.11
  78.46   10.64  384.54
  78.46   10.64  384.54
  78.47   10.64  303.90
  78.47   10.64  303.90
  78.49   10.64  288.99
  78.50   10.64  172.01
  78.52   10.64  870.53
  78.55   10.64  161.08
  78.59   10.63  149.25
  78.60   10.63 *******
  78.65   10.63  440.73
  79.06   10.62 7890.86
  79.06   10.62 *******
  79.16   10.62  465.82
  79.18   10.62  202.28
  79.29   10.61  169.40
  79.48   10.61  249.50
  76.35   11.60   64.67
  76.48   11.61 1625.71
  76.78   11.65 1759.66
  77.26   11.72 5369.28
  77.28   11.72 5003.58
  77.28   11.72 5003.58
  77.29   11.72 3041.49
  77.31   11.72  781.49
  77.33   11.73 4590.80
  77.33   11.73 4590.80
  77.35   11.73 *******
  77.35   11.73 1464.04
  77.36   11.73 1464.04
  77.36   11.73  525.83
  77.36   11.73  525.83
  77.43   11.74  136.47
  77.76   11.79  506.73
  78.11   11.85  166.14
  78.16   11.85  404.60
  78.16   11.85  404.60
  78.35   11.89  358.73
  78.40   11.90  973.09
  78.55   11.92  825.38
  78.61   11.93  591.65
  78.72   11.95  637.87
  78.73   11.96  996.36
  78.93   11.99  947.33
  79.19   12.05  541.88
  79.39   12.09 2693.42
  79.48   12.11  637.48
  79.57   12.13 1012.41
  79.59   12.13 1097.66
  79.59   12.13 1215.45
  79.65   12.14  414.65
  79.68   12.15 1684.80
  79.70   12.16 1110.52
  79.70   12.16 1110.52
  79.75   12.17 *******
  79.76   12.17  783.39
  79.82   12.18  308.38
  79.82   12.18  367.75
  79.82   12.18  367.75
  79.84   12.19   34.56
  73.43   13.08 1637.57
  73.83   13.20 8995.86
  73.89   13.22  416.29
  72.72   10.09 1266.10
  75.44    8.48 1136.47
  75.60    8.47  802.00
  75.75    8.47  251.15
  75.84    8.47  171.56
  75.97    8.47   75.07
  76.04    8.47 2346.47
  76.05    8.47 1563.10
  76.22    8.47 1197.40
  76.23    8.47 1754.52
  76.23    8.47 1754.52
  76.25    8.47 3218.95
  76.30    8.47 *******
  76.31    8.47 1454.30
  76.34    8.47 1708.19
  76.34    8.47 1272.69
  76.52    8.47  277.37
  76.64    8.47  749.42
  74.47    8.92 1270.99
  74.83    8.94  739.07
  74.86    8.94  698.27
  74.90    8.94  480.37
  75.84    9.00  696.24
  75.85    9.01  696.24
  77.38   12.02 3956.86
  73.85    8.28  630.17
  70.71    6.15  748.64
  71.54    6.14  769.76
  73.31    9.46 5015.82
  73.39    9.49 2669.37
  73.44    9.51 1058.62
  73.44    9.51 1058.62
  73.46    9.52 1058.62
  73.46    9.52 2203.40
  73.48    9.53 2203.40
  73.48    9.53 2014.50
  73.48    9.53 2014.50
  73.50    9.53 2014.50
  73.52    9.54  108.68
  73.52    9.54  140.07
  73.61    9.58  256.13
  73.65    9.59  158.21
  73.65    9.59  158.21
  73.68    9.61  151.55
  74.17    9.83 2812.60
  74.19    9.84 1017.66
  74.22    9.86  949.36
  74.22    9.86 2494.68
  74.22    9.86 2494.68
  74.24    9.87 2494.68
  74.24    9.87 3770.13
  74.25    9.88 3770.13
  74.25    9.88 3301.29
  74.25    9.88 3301.29
  74.25    9.88 3301.29
  74.27    9.88 2077.97
  74.27    9.88 2077.97
  74.35    9.93  641.77
  74.36    9.93  611.80
  74.36    9.93  660.19
  74.43    9.97 8854.10
  74.43    9.97 8854.10
  74.43    9.97 8854.10
  74.44    9.98 *******
  74.67   10.11  191.92
  74.77   10.17  168.07
  74.81   10.20  305.21
  74.81   10.20  305.21
  74.82   10.21  574.99
  74.82   10.21  574.99
  74.84   10.22  574.99
  74.84   10.22  236.03
  74.84   10.22  236.03
  74.86   10.24 1167.61
  74.88   10.24 1550.96
  74.93   10.28  935.21
  74.93   10.28  935.21
  74.95   10.30  740.12
  75.26   10.55 1877.38
  75.47   10.76  333.08
  75.50   10.80  124.61
  75.55   10.86  190.11
  75.79   11.30 1322.23
  75.82   11.38  549.68
  75.86   11.70 2152.02
  74.57   13.30 4283.72
  72.70   14.10 *******
  75.75   15.24 1663.55
  75.71   15.24 1663.55
  73.71   15.46  220.60
  73.71   15.46  220.60
  73.67   15.47  378.59
  73.63   15.47  378.59
  73.50   15.48 3351.45
  76.32    6.08 2105.66
  75.21    6.55 3142.22
  74.30    6.85 1551.32
  74.30    6.85 1551.32
  74.14    6.90 2132.25
  73.86    6.98 3975.65
  73.31    7.12 *******
  73.30    7.12 *******
  73.75    8.61  635.58
  73.73    8.62  509.26
  73.57    8.63  213.29
  73.52    8.64 1698.37
  73.50    8.64 3115.64
  73.50    8.64 3115.64
  73.48    8.64 1673.75
  73.48    8.64 1673.75
  73.46    8.64 1673.75
  73.46    8.64 1188.23
  73.44    8.64 1188.23
  73.44    8.64  290.16
  73.12    8.67 2413.76
  73.08    8.68  827.60
  73.07    8.68 1466.27
  73.07    8.68 1466.27
  73.05    8.68 1466.27
  73.05    8.68  571.66
  73.01    8.68 5065.89
  73.01    8.68 5065.89
  72.99    8.68 5065.89
  72.99    8.68 3627.62
  72.97    8.69 6865.59
  72.97    8.69 6865.59
  72.97    8.69 6865.59
  72.96    8.69 7351.21
  72.96    8.69 7351.21
  72.94    8.69 4039.46
  72.94    8.69 4039.46
  72.94    8.69 4039.46
  72.94    8.69 4039.46
  72.92    8.69 1407.52
  72.92    8.69 1407.52
  72.90    8.69 1446.11
  72.85    8.70  898.55
  72.85    8.70  898.55
  72.83    8.70  949.63
  72.81    8.70 1206.15
  72.78    8.70 1177.47
  72.78    8.70 1212.55
  72.74    8.71 2714.31
  72.74    8.71 3155.48
  72.72    8.71 1295.96
  72.72    8.71 1295.96
  72.69    8.71 3332.21
  72.69    8.71 3332.21
  72.10    8.76  428.77
  72.08    8.76  529.27
  72.06    8.76  454.91
  72.05    8.76  536.28
  72.03    8.76  410.36
  71.99    8.77 1200.69
  71.97    8.77 2708.49
  71.94    8.77 2955.66
  71.94    8.77 3639.20
  71.94    8.77 3639.20
  71.94    8.77 3639.20
  71.94    8.77 3639.20
  71.92    8.77 5190.48
  71.92    8.77 5190.48
  71.92    8.77 5190.48
  71.90    8.77 5236.74
  71.90    8.77 5236.74
  71.90    8.77 5236.74
  71.89    8.78 5236.74
  71.89    8.78 5236.74
  71.87    8.78 5236.74
  70.51    6.36 3164.34
