  65.50    6.25    0.00
  66.50    6.25    0.00
  67.50    6.25    0.00
  68.50    6.25    0.00
  69.50    6.25    0.00
  70.50    6.25 *******
  71.50    6.25 *******
  72.50    6.25    0.00
  73.50    6.25    0.00
  74.50    6.25 8969.31
  75.50    6.25    0.00
  76.50    6.25    0.00
  77.50    6.25 3403.68
  78.50    6.25 3403.66
  79.50    6.25    0.00
  80.50    6.25    0.00
  81.50    6.25    0.00
  82.50    6.25    0.00
  83.50    6.25 1283.88
  84.50    6.25    0.00
  85.50    6.25    0.00
  65.50    6.75    0.00
  66.50    6.75    0.00
  67.50    6.75    0.00
  68.50    6.75    0.00
  69.50    6.75    0.00
  70.50    6.75    0.00
  71.50    6.75  958.59
  72.50    6.75 2154.82
  73.50    6.75    0.00
  74.50    6.75 *******
  75.50    6.75 1401.35
  76.50    6.75 *******
  77.50    6.75 9341.29
  78.50    6.75    0.00
  79.50    6.75    0.00
  80.50    6.75    0.00
  81.50    6.75  177.84
  82.50    6.75    0.00
  83.50    6.75    0.00
  84.50    6.75    0.00
  85.50    6.75    0.00
  65.50    7.25    0.00
  66.50    7.25    0.00
  67.50    7.25    0.00
  68.50    7.25    0.00
  69.50    7.25    0.00
  70.50    7.25    0.00
  71.50    7.25 4329.90
  72.50    7.25    0.00
  73.50    7.25  960.17
  74.50    7.25 2503.98
  75.50    7.25    0.00
  76.50    7.25  474.39
  77.50    7.25 1787.27
  78.50    7.25    0.00
  79.50    7.25 *******
  80.50    7.25    0.00
  81.50    7.25    0.00
  82.50    7.25    0.00
  83.50    7.25    0.00
  84.50    7.25    0.00
  85.50    7.25    0.00
  65.50    7.75    0.00
  66.50    7.75    0.00
  67.50    7.75    0.00
  68.50    7.75    0.00
  69.50    7.75    0.00
  70.50    7.75    0.00
  71.50    7.75  214.41
  72.50    7.75    0.00
  73.50    7.75    0.00
  74.50    7.75 5032.37
  75.50    7.75    0.00
  76.50    7.75 1044.85
  77.50    7.75  842.97
  78.50    7.75 4972.56
  79.50    7.75    0.00
  80.50    7.75    0.00
  81.50    7.75    0.00
  82.50    7.75    0.00
  83.50    7.75    0.00
  84.50    7.75    0.00
  85.50    7.75    0.00
  65.50    8.25    0.00
  66.50    8.25    0.00
  67.50    8.25    0.00
  68.50    8.25    0.00
  69.50    8.25    0.00
  70.50    8.25    0.00
  71.50    8.25    0.00
  72.50    8.25    0.00
  73.50    8.25 4293.71
  74.50    8.25 *******
  75.50    8.25 5245.50
  76.50    8.25  939.13
  77.50    8.25 6163.90
  78.50    8.25    0.00
  79.50    8.25    0.00
  80.50    8.25    0.00
  81.50    8.25    0.00
  82.50    8.25    0.00
  83.50    8.25    0.00
  84.50    8.25    0.00
  85.50    8.25    0.00
  65.50    8.75    0.00
  66.50    8.75    0.00
  67.50    8.75    0.00
  68.50    8.75    0.00
  69.50    8.75    0.00
  70.50    8.75    0.00
  71.50    8.75    0.00
  72.50    8.75 *******
  73.50    8.75 1181.39
  74.50    8.75  240.71
  75.50    8.75  277.56
  76.50    8.75  453.20
  77.50    8.75 1258.23
  78.50    8.75 1367.33
  79.50    8.75    0.00
  80.50    8.75    0.00
  81.50    8.75  567.97
  82.50    8.75    0.00
  83.50    8.75    0.00
  84.50    8.75    0.00
  85.50    8.75    0.00
  65.50    9.25    0.00
  66.50    9.25    0.00
  67.50    9.25    0.00
  68.50    9.25    0.00
  69.50    9.25    0.00
  70.50    9.25    0.00
  71.50    9.25    0.00
  72.50    9.25    0.00
  73.50    9.25  254.38
  74.50    9.25  748.08
  75.50    9.25  468.65
  76.50    9.25 1315.73
  77.50    9.25 1150.56
  78.50    9.25 *******
  79.50    9.25    0.00
  80.50    9.25    0.00
  81.50    9.25    0.00
  82.50    9.25    0.00
  83.50    9.25    0.00
  84.50    9.25    0.00
  85.50    9.25    0.00
  65.50    9.75    0.00
  66.50    9.75    0.00
  67.50    9.75    0.00
  68.50    9.75    0.00
  69.50    9.75    0.00
  70.50    9.75    0.00
  71.50    9.75    0.00
  72.50    9.75    0.00
  73.50    9.75    0.00
  74.50    9.75 1249.12
  75.50    9.75 1278.15
  76.50    9.75  709.66
  77.50    9.75 1640.84
  78.50    9.75 1044.13
  79.50    9.75 1676.93
  80.50    9.75  296.58
  81.50    9.75  357.58
  82.50    9.75    0.00
  83.50    9.75    0.00
  84.50    9.75    0.00
  85.50    9.75    0.00
  65.50   10.25    0.00
  66.50   10.25    0.00
  67.50   10.25    0.00
  68.50   10.25    0.00
  69.50   10.25    0.00
  70.50   10.25    0.00
  71.50   10.25    0.00
  72.50   10.25    0.00
  73.50   10.25    0.00
  74.50   10.25  428.88
  75.50   10.25  295.08
  76.50   10.25  593.08
  77.50   10.25  487.63
  78.50   10.25  518.13
  79.50   10.25 1124.13
  80.50   10.25 1582.82
  81.50   10.25    0.00
  82.50   10.25    0.00
  83.50   10.25    0.00
  84.50   10.25    0.00
  85.50   10.25    0.00
  65.50   10.75    0.00
  66.50   10.75    0.00
  67.50   10.75    0.00
  68.50   10.75    0.00
  69.50   10.75    0.00
  70.50   10.75    0.00
  71.50   10.75    0.00
  72.50   10.75 *******
  73.50   10.75 1429.30
  74.50   10.75 1106.96
  75.50   10.75  977.75
  76.50   10.75 1871.76
  77.50   10.75 1670.15
  78.50   10.75 2200.93
  79.50   10.75  527.11
  80.50   10.75  248.15
  81.50   10.75  310.91
  82.50   10.75   76.18
  83.50   10.75    0.00
  84.50   10.75    0.00
  85.50   10.75    0.00
  65.50   11.25    0.00
  66.50   11.25    0.00
  67.50   11.25    0.00
  68.50   11.25    0.00
  69.50   11.25    0.00
  70.50   11.25    0.00
  71.50   11.25    0.00
  72.50   11.25    0.00
  73.50   11.25 3159.64
  74.50   11.25 3162.21
  75.50   11.25  865.44
  76.50   11.25 1418.58
  77.50   11.25  849.73
  78.50   11.25  491.21
  79.50   11.25  312.44
  80.50   11.25    0.00
  81.50   11.25    0.00
  82.50   11.25    0.00
  83.50   11.25    0.00
  84.50   11.25    0.00
  85.50   11.25    0.00
  65.50   11.75    0.00
  66.50   11.75    0.00
  67.50   11.75    0.00
  68.50   11.75    0.00
  69.50   11.75    0.00
  70.50   11.75    0.00
  71.50   11.75    0.00
  72.50   11.75    0.00
  73.50   11.75 1512.42
  74.50   11.75 1943.37
  75.50   11.75 1635.03
  76.50   11.75 1508.06
  77.50   11.75 1752.84
  78.50   11.75 1033.68
  79.50   11.75  412.41
  80.50   11.75  575.00
  81.50   11.75    0.00
  82.50   11.75    0.00
  83.50   11.75    0.00
  84.50   11.75    0.00
  85.50   11.75    0.00
  65.50   12.25    0.00
  66.50   12.25    0.00
  67.50   12.25    0.00
  68.50   12.25    0.00
  69.50   12.25    0.00
  70.50   12.25    0.00
  71.50   12.25    0.00
  72.50   12.25    0.00
  73.50   12.25  455.51
  74.50   12.25 1296.92
  75.50   12.25 2252.13
  76.50   12.25 1145.98
  77.50   12.25  599.61
  78.50   12.25  370.48
  79.50   12.25    0.00
  80.50   12.25  162.72
  81.50   12.25    0.00
  82.50   12.25    0.00
  83.50   12.25    0.00
  84.50   12.25    0.00
  85.50   12.25    0.00
  65.50   12.75    0.00
  66.50   12.75    0.00
  67.50   12.75    0.00
  68.50   12.75    0.00
  69.50   12.75    0.00
  70.50   12.75    0.00
  71.50   12.75    0.00
  72.50   12.75    0.00
  73.50   12.75    0.00
  74.50   12.75    0.00
  75.50   12.75  372.18
  76.50   12.75  805.97
  77.50   12.75  873.92
  78.50   12.75  579.46
  79.50   12.75  190.01
  80.50   12.75 3817.70
  81.50   12.75    0.00
  82.50   12.75    0.00
  83.50   12.75    0.00
  84.50   12.75    0.00
  85.50   12.75    0.00
  65.50   13.25    0.00
  66.50   13.25    0.00
  67.50   13.25    0.00
  68.50   13.25    0.00
  69.50   13.25    0.00
  70.50   13.25    0.00
  71.50   13.25    0.00
  72.50   13.25    0.00
  73.50   13.25  487.28
  74.50   13.25    0.00
  75.50   13.25  447.33
  76.50   13.25  472.88
  77.50   13.25    0.00
  78.50   13.25  556.31
  79.50   13.25  294.62
  80.50   13.25    0.00
  81.50   13.25    0.00
  82.50   13.25    0.00
  83.50   13.25    0.00
  84.50   13.25    0.00
  85.50   13.25    0.00
  65.50   13.75    0.00
  66.50   13.75    0.00
  67.50   13.75    0.00
  68.50   13.75    0.00
  69.50   13.75    0.00
  70.50   13.75    0.00
  71.50   13.75    0.00
  72.50   13.75    0.00
  73.50   13.75    0.00
  74.50   13.75  825.65
  75.50   13.75 1604.83
  76.50   13.75 1384.42
  77.50   13.75  113.03
  78.50   13.75    0.00
  79.50   13.75    0.00
  80.50   13.75    0.00
  81.50   13.75    0.00
  82.50   13.75    0.00
  83.50   13.75    0.00
  84.50   13.75    0.00
  85.50   13.75    0.00
  65.50   14.25    0.00
  66.50   14.25    0.00
  67.50   14.25    0.00
  68.50   14.25    0.00
  69.50   14.25    0.00
  70.50   14.25    0.00
  71.50   14.25    0.00
  72.50   14.25    0.00
  73.50   14.25 2929.05
  74.50   14.25  879.63
  75.50   14.25  406.09
  76.50   14.25 *******
  77.50   14.25    0.00
  78.50   14.25    0.00
  79.50   14.25    0.00
  80.50   14.25    0.00
  81.50   14.25    0.00
  82.50   14.25    0.00
  83.50   14.25    0.00
  84.50   14.25    0.00
  85.50   14.25    0.00
  65.50   14.75    0.00
  66.50   14.75    0.00
  67.50   14.75    0.00
  68.50   14.75    0.00
  69.50   14.75    0.00
  70.50   14.75    0.00
  71.50   14.75    0.00
  72.50   14.75 4576.21
  73.50   14.75    0.00
  74.50   14.75  739.44
  75.50   14.75    0.00
  76.50   14.75    0.00
  77.50   14.75    0.00
  78.50   14.75 4482.66
  79.50   14.75    0.00
  80.50   14.75    0.00
  81.50   14.75    0.00
  82.50   14.75    0.00
  83.50   14.75    0.00
  84.50   14.75    0.00
  85.50   14.75    0.00
  65.50   15.25    0.00
  66.50   15.25    0.00
  67.50   15.25    0.00
  68.50   15.25    0.00
  69.50   15.25    0.00
  70.50   15.25    0.00
  71.50   15.25    0.00
  72.50   15.25    0.00
  73.50   15.25    0.00
  74.50   15.25 4066.81
  75.50   15.25    0.00
  76.50   15.25    0.00
  77.50   15.25  554.92
  78.50   15.25    0.00
  79.50   15.25    0.00
  80.50   15.25    0.00
  81.50   15.25    0.00
  82.50   15.25    0.00
  83.50   15.25    0.00
  84.50   15.25    0.00
  85.50   15.25    0.00
  65.50   15.75    0.00
  66.50   15.75    0.00
  67.50   15.75    0.00
  68.50   15.75    0.00
  69.50   15.75    0.00
  70.50   15.75    0.00
  71.50   15.75    0.00
  72.50   15.75 1016.87
  73.50   15.75 6154.70
  74.50   15.75 2089.84
  75.50   15.75 2502.64
  76.50   15.75 1093.08
  77.50   15.75  956.71
  78.50   15.75  363.72
  79.50   15.75 2886.13
  80.50   15.75    0.00
  81.50   15.75    0.00
  82.50   15.75    0.00
  83.50   15.75    0.00
  84.50   15.75    0.00
  85.50   15.75    0.00
  65.50   16.25    0.00
  66.50   16.25    0.00
  67.50   16.25    0.00
  68.50   16.25    0.00
  69.50   16.25    0.00
  70.50   16.25    0.00
  71.50   16.25    0.00
  72.50   16.25  712.30
  73.50   16.25 *******
  74.50   16.25 *******
  75.50   16.25  783.90
  76.50   16.25   64.97
  77.50   16.25  581.70
  78.50   16.25    0.00
  79.50   16.25    0.00
  80.50   16.25    0.00
  81.50   16.25    0.00
  82.50   16.25    0.00
  83.50   16.25    0.00
  84.50   16.25    0.00
  85.50   16.25    0.00
  65.50   16.75    0.00
  66.50   16.75    0.00
  67.50   16.75    0.00
  68.50   16.75    0.00
  69.50   16.75 2367.77
  70.50   16.75    0.00
  71.50   16.75    0.00
  72.50   16.75    0.00
  73.50   16.75    0.00
  74.50   16.75  225.91
  75.50   16.75 1459.40
  76.50   16.75  810.88
  77.50   16.75  553.32
  78.50   16.75  274.54
  79.50   16.75 1465.59
  80.50   16.75    0.00
  81.50   16.75    0.00
  82.50   16.75    0.00
  83.50   16.75    0.00
  84.50   16.75    0.00
  85.50   16.75    0.00
  65.50   17.25    0.00
  66.50   17.25    0.00
  67.50   17.25    0.00
  68.50   17.25    0.00
  69.50   17.25    0.00
  70.50   17.25 *******
  71.50   17.25  758.58
  72.50   17.25    0.00
  73.50   17.25  881.82
  74.50   17.25 1044.35
  75.50   17.25  255.68
  76.50   17.25 *******
  77.50   17.25 1069.19
  78.50   17.25  834.81
  79.50   17.25   60.44
  80.50   17.25    0.00
  81.50   17.25    0.00
  82.50   17.25    0.00
  83.50   17.25    0.00
  84.50   17.25    0.00
  85.50   17.25    0.00
  65.50   17.75    0.00
  66.50   17.75    0.00
  67.50   17.75    0.00
  68.50   17.75 1790.12
  69.50   17.75    0.00
  70.50   17.75    0.00
  71.50   17.75  810.88
  72.50   17.75    0.00
  73.50   17.75 3387.49
  74.50   17.75 *******
  75.50   17.75  153.25
  76.50   17.75 5446.83
  77.50   17.75  318.90
  78.50   17.75  527.33
  79.50   17.75  175.47
  80.50   17.75    0.00
  81.50   17.75    0.00
  82.50   17.75    0.00
  83.50   17.75    0.00
  84.50   17.75    0.00
  85.50   17.75    0.00
  65.50   18.25    0.00
  66.50   18.25    0.00
  67.50   18.25    0.00
  68.50   18.25    0.00
  69.50   18.25    0.00
  70.50   18.25    0.00
  71.50   18.25    0.00
  72.50   18.25    0.00
  73.50   18.25    0.00
  74.50   18.25    0.00
  75.50   18.25    0.00
  76.50   18.25    0.00
  77.50   18.25    0.00
  78.50   18.25    0.00
  79.50   18.25    0.00
  80.50   18.25    0.00
  81.50   18.25    0.00
  82.50   18.25    0.00
  83.50   18.25    0.00
  84.50   18.25    0.00
  85.50   18.25    0.00
