  65.50    6.25    0.00
  66.50    6.25    0.00
  67.50    6.25    0.00
  68.50    6.25    0.00
  69.50    6.25    0.00
  70.50    6.25    5.00
  71.50    6.25    6.00
  72.50    6.25    0.00
  73.50    6.25    0.00
  74.50    6.25   12.00
  75.50    6.25    0.00
  76.50    6.25    0.00
  77.50    6.25    1.00
  78.50    6.25    1.00
  79.50    6.25    0.00
  80.50    6.25    0.00
  81.50    6.25    0.00
  82.50    6.25    0.00
  83.50    6.25    6.00
  84.50    6.25    0.00
  85.50    6.25    0.00
  65.50    6.75    0.00
  66.50    6.75    0.00
  67.50    6.75    0.00
  68.50    6.75    0.00
  69.50    6.75    0.00
  70.50    6.75    0.00
  71.50    6.75    1.00
  72.50    6.75    9.00
  73.50    6.75    0.00
  74.50    6.75    2.00
  75.50    6.75    6.00
  76.50    6.75    2.00
  77.50    6.75    3.00
  78.50    6.75    0.00
  79.50    6.75    0.00
  80.50    6.75    0.00
  81.50    6.75    1.00
  82.50    6.75    0.00
  83.50    6.75    0.00
  84.50    6.75    0.00
  85.50    6.75    0.00
  65.50    7.25    0.00
  66.50    7.25    0.00
  67.50    7.25    0.00
  68.50    7.25    0.00
  69.50    7.25    0.00
  70.50    7.25    0.00
  71.50    7.25   14.00
  72.50    7.25    0.00
  73.50    7.25    5.00
  74.50    7.25    2.00
  75.50    7.25    0.00
  76.50    7.25   13.00
  77.50    7.25    2.00
  78.50    7.25    0.00
  79.50    7.25    2.00
  80.50    7.25    0.00
  81.50    7.25    0.00
  82.50    7.25    0.00
  83.50    7.25    0.00
  84.50    7.25    0.00
  85.50    7.25    0.00
  65.50    7.75    0.00
  66.50    7.75    0.00
  67.50    7.75    0.00
  68.50    7.75    0.00
  69.50    7.75    0.00
  70.50    7.75    0.00
  71.50    7.75    1.00
  72.50    7.75    0.00
  73.50    7.75    0.00
  74.50    7.75    3.00
  75.50    7.75    0.00
  76.50    7.75   16.00
  77.50    7.75    3.00
  78.50    7.75    1.00
  79.50    7.75    0.00
  80.50    7.75    0.00
  81.50    7.75    0.00
  82.50    7.75    0.00
  83.50    7.75    0.00
  84.50    7.75    0.00
  85.50    7.75    0.00
  65.50    8.25    0.00
  66.50    8.25    0.00
  67.50    8.25    0.00
  68.50    8.25    0.00
  69.50    8.25    0.00
  70.50    8.25    0.00
  71.50    8.25    0.00
  72.50    8.25    0.00
  73.50    8.25    3.00
  74.50    8.25    4.00
  75.50    8.25    2.00
  76.50    8.25    6.00
  77.50    8.25   12.00
  78.50    8.25    0.00
  79.50    8.25    0.00
  80.50    8.25    0.00
  81.50    8.25    0.00
  82.50    8.25    0.00
  83.50    8.25    0.00
  84.50    8.25    0.00
  85.50    8.25    0.00
  65.50    8.75    0.00
  66.50    8.75    0.00
  67.50    8.75    0.00
  68.50    8.75    0.00
  69.50    8.75    0.00
  70.50    8.75    0.00
  71.50    8.75    0.00
  72.50    8.75    3.00
  73.50    8.75    8.00
  74.50    8.75    9.00
  75.50    8.75   12.00
  76.50    8.75   39.00
  77.50    8.75   35.00
  78.50    8.75   12.00
  79.50    8.75    0.00
  80.50    8.75    0.00
  81.50    8.75    1.00
  82.50    8.75    0.00
  83.50    8.75    0.00
  84.50    8.75    0.00
  85.50    8.75    0.00
  65.50    9.25    0.00
  66.50    9.25    0.00
  67.50    9.25    0.00
  68.50    9.25    0.00
  69.50    9.25    0.00
  70.50    9.25    0.00
  71.50    9.25    0.00
  72.50    9.25    0.00
  73.50    9.25    1.00
  74.50    9.25    7.00
  75.50    9.25   67.00
  76.50    9.25  137.00
  77.50    9.25   19.00
  78.50    9.25   15.00
  79.50    9.25    0.00
  80.50    9.25    0.00
  81.50    9.25    0.00
  82.50    9.25    0.00
  83.50    9.25    0.00
  84.50    9.25    0.00
  85.50    9.25    0.00
  65.50    9.75    0.00
  66.50    9.75    0.00
  67.50    9.75    0.00
  68.50    9.75    0.00
  69.50    9.75    0.00
  70.50    9.75    0.00
  71.50    9.75    0.00
  72.50    9.75    0.00
  73.50    9.75    0.00
  74.50    9.75    7.00
  75.50    9.75  107.00
  76.50    9.75  100.00
  77.50    9.75   49.00
  78.50    9.75    3.00
  79.50    9.75   24.00
  80.50    9.75   10.00
  81.50    9.75    3.00
  82.50    9.75    0.00
  83.50    9.75    0.00
  84.50    9.75    0.00
  85.50    9.75    0.00
  65.50   10.25    0.00
  66.50   10.25    0.00
  67.50   10.25    0.00
  68.50   10.25    0.00
  69.50   10.25    0.00
  70.50   10.25    0.00
  71.50   10.25    0.00
  72.50   10.25    0.00
  73.50   10.25    0.00
  74.50   10.25   37.00
  75.50   10.25   28.00
  76.50   10.25   39.00
  77.50   10.25   40.00
  78.50   10.25    3.00
  79.50   10.25    8.00
  80.50   10.25   19.00
  81.50   10.25    0.00
  82.50   10.25    0.00
  83.50   10.25    0.00
  84.50   10.25    0.00
  85.50   10.25    0.00
  65.50   10.75    0.00
  66.50   10.75    0.00
  67.50   10.75    0.00
  68.50   10.75    0.00
  69.50   10.75    0.00
  70.50   10.75    0.00
  71.50   10.75    0.00
  72.50   10.75    1.00
  73.50   10.75  137.00
  74.50   10.75   52.00
  75.50   10.75   56.00
  76.50   10.75  108.00
  77.50   10.75  131.00
  78.50   10.75   70.00
  79.50   10.75   46.00
  80.50   10.75   30.00
  81.50   10.75    7.00
  82.50   10.75    1.00
  83.50   10.75    0.00
  84.50   10.75    0.00
  85.50   10.75    0.00
  65.50   11.25    0.00
  66.50   11.25    0.00
  67.50   11.25    0.00
  68.50   11.25    0.00
  69.50   11.25    0.00
  70.50   11.25    0.00
  71.50   11.25    0.00
  72.50   11.25    0.00
  73.50   11.25   44.00
  74.50   11.25   84.00
  75.50   11.25   46.00
  76.50   11.25  138.00
  77.50   11.25   76.00
  78.50   11.25   33.00
  79.50   11.25    7.00
  80.50   11.25    0.00
  81.50   11.25    0.00
  82.50   11.25    0.00
  83.50   11.25    0.00
  84.50   11.25    0.00
  85.50   11.25    0.00
  65.50   11.75    0.00
  66.50   11.75    0.00
  67.50   11.75    0.00
  68.50   11.75    0.00
  69.50   11.75    0.00
  70.50   11.75    0.00
  71.50   11.75    0.00
  72.50   11.75    0.00
  73.50   11.75   21.00
  74.50   11.75   57.00
  75.50   11.75   91.00
  76.50   11.75  169.00
  77.50   11.75   97.00
  78.50   11.75   28.00
  79.50   11.75    9.00
  80.50   11.75    4.00
  81.50   11.75    0.00
  82.50   11.75    0.00
  83.50   11.75    0.00
  84.50   11.75    0.00
  85.50   11.75    0.00
  65.50   12.25    0.00
  66.50   12.25    0.00
  67.50   12.25    0.00
  68.50   12.25    0.00
  69.50   12.25    0.00
  70.50   12.25    0.00
  71.50   12.25    0.00
  72.50   12.25    0.00
  73.50   12.25    5.00
  74.50   12.25   71.00
  75.50   12.25   98.00
  76.50   12.25    1.00
  77.50   12.25    6.00
  78.50   12.25   13.00
  79.50   12.25    0.00
  80.50   12.25    3.00
  81.50   12.25    0.00
  82.50   12.25    0.00
  83.50   12.25    0.00
  84.50   12.25    0.00
  85.50   12.25    0.00
  65.50   12.75    0.00
  66.50   12.75    0.00
  67.50   12.75    0.00
  68.50   12.75    0.00
  69.50   12.75    0.00
  70.50   12.75    0.00
  71.50   12.75    0.00
  72.50   12.75    0.00
  73.50   12.75    0.00
  74.50   12.75    0.00
  75.50   12.75   15.00
  76.50   12.75   47.00
  77.50   12.75   37.00
  78.50   12.75    1.00
  79.50   12.75    9.00
  80.50   12.75    1.00
  81.50   12.75    0.00
  82.50   12.75    0.00
  83.50   12.75    0.00
  84.50   12.75    0.00
  85.50   12.75    0.00
  65.50   13.25    0.00
  66.50   13.25    0.00
  67.50   13.25    0.00
  68.50   13.25    0.00
  69.50   13.25    0.00
  70.50   13.25    0.00
  71.50   13.25    0.00
  72.50   13.25    0.00
  73.50   13.25   18.00
  74.50   13.25    0.00
  75.50   13.25   18.00
  76.50   13.25    1.00
  77.50   13.25    0.00
  78.50   13.25    4.00
  79.50   13.25    1.00
  80.50   13.25    0.00
  81.50   13.25    0.00
  82.50   13.25    0.00
  83.50   13.25    0.00
  84.50   13.25    0.00
  85.50   13.25    0.00
  65.50   13.75    0.00
  66.50   13.75    0.00
  67.50   13.75    0.00
  68.50   13.75    0.00
  69.50   13.75    0.00
  70.50   13.75    0.00
  71.50   13.75    0.00
  72.50   13.75    0.00
  73.50   13.75    0.00
  74.50   13.75   48.00
  75.50   13.75   27.00
  76.50   13.75   31.00
  77.50   13.75    4.00
  78.50   13.75    0.00
  79.50   13.75    0.00
  80.50   13.75    0.00
  81.50   13.75    0.00
  82.50   13.75    0.00
  83.50   13.75    0.00
  84.50   13.75    0.00
  85.50   13.75    0.00
  65.50   14.25    0.00
  66.50   14.25    0.00
  67.50   14.25    0.00
  68.50   14.25    0.00
  69.50   14.25    0.00
  70.50   14.25    0.00
  71.50   14.25    0.00
  72.50   14.25    0.00
  73.50   14.25   41.00
  74.50   14.25   13.00
  75.50   14.25   19.00
  76.50   14.25    3.00
  77.50   14.25    0.00
  78.50   14.25    0.00
  79.50   14.25    0.00
  80.50   14.25    0.00
  81.50   14.25    0.00
  82.50   14.25    0.00
  83.50   14.25    0.00
  84.50   14.25    0.00
  85.50   14.25    0.00
  65.50   14.75    0.00
  66.50   14.75    0.00
  67.50   14.75    0.00
  68.50   14.75    0.00
  69.50   14.75    0.00
  70.50   14.75    0.00
  71.50   14.75    0.00
  72.50   14.75    4.00
  73.50   14.75    0.00
  74.50   14.75    1.00
  75.50   14.75    0.00
  76.50   14.75    0.00
  77.50   14.75    0.00
  78.50   14.75    1.00
  79.50   14.75    0.00
  80.50   14.75    0.00
  81.50   14.75    0.00
  82.50   14.75    0.00
  83.50   14.75    0.00
  84.50   14.75    0.00
  85.50   14.75    0.00
  65.50   15.25    0.00
  66.50   15.25    0.00
  67.50   15.25    0.00
  68.50   15.25    0.00
  69.50   15.25    0.00
  70.50   15.25    0.00
  71.50   15.25    0.00
  72.50   15.25    0.00
  73.50   15.25    0.00
  74.50   15.25    1.00
  75.50   15.25    0.00
  76.50   15.25    0.00
  77.50   15.25    1.00
  78.50   15.25    0.00
  79.50   15.25    0.00
  80.50   15.25    0.00
  81.50   15.25    0.00
  82.50   15.25    0.00
  83.50   15.25    0.00
  84.50   15.25    0.00
  85.50   15.25    0.00
  65.50   15.75    0.00
  66.50   15.75    0.00
  67.50   15.75    0.00
  68.50   15.75    0.00
  69.50   15.75    0.00
  70.50   15.75    0.00
  71.50   15.75    0.00
  72.50   15.75    2.00
  73.50   15.75    1.00
  74.50   15.75    1.00
  75.50   15.75   10.00
  76.50   15.75   18.00
  77.50   15.75    2.00
  78.50   15.75    2.00
  79.50   15.75    2.00
  80.50   15.75    0.00
  81.50   15.75    0.00
  82.50   15.75    0.00
  83.50   15.75    0.00
  84.50   15.75    0.00
  85.50   15.75    0.00
  65.50   16.25    0.00
  66.50   16.25    0.00
  67.50   16.25    0.00
  68.50   16.25    0.00
  69.50   16.25    0.00
  70.50   16.25    0.00
  71.50   16.25    0.00
  72.50   16.25    9.00
  73.50   16.25    2.00
  74.50   16.25    5.00
  75.50   16.25    3.00
  76.50   16.25    1.00
  77.50   16.25    1.00
  78.50   16.25    0.00
  79.50   16.25    0.00
  80.50   16.25    0.00
  81.50   16.25    0.00
  82.50   16.25    0.00
  83.50   16.25    0.00
  84.50   16.25    0.00
  85.50   16.25    0.00
  65.50   16.75    0.00
  66.50   16.75    0.00
  67.50   16.75    0.00
  68.50   16.75    0.00
  69.50   16.75    1.00
  70.50   16.75    0.00
  71.50   16.75    0.00
  72.50   16.75    0.00
  73.50   16.75    0.00
  74.50   16.75    1.00
  75.50   16.75    3.00
  76.50   16.75   44.00
  77.50   16.75   38.00
  78.50   16.75   19.00
  79.50   16.75    5.00
  80.50   16.75    0.00
  81.50   16.75    0.00
  82.50   16.75    0.00
  83.50   16.75    0.00
  84.50   16.75    0.00
  85.50   16.75    0.00
  65.50   17.25    0.00
  66.50   17.25    0.00
  67.50   17.25    0.00
  68.50   17.25    0.00
  69.50   17.25    0.00
  70.50   17.25    1.00
  71.50   17.25    1.00
  72.50   17.25    0.00
  73.50   17.25   24.00
  74.50   17.25   15.00
  75.50   17.25   12.00
  76.50   17.25    2.00
  77.50   17.25    7.00
  78.50   17.25    3.00
  79.50   17.25    1.00
  80.50   17.25    0.00
  81.50   17.25    0.00
  82.50   17.25    0.00
  83.50   17.25    0.00
  84.50   17.25    0.00
  85.50   17.25    0.00
  65.50   17.75    0.00
  66.50   17.75    0.00
  67.50   17.75    0.00
  68.50   17.75    2.00
  69.50   17.75    0.00
  70.50   17.75    0.00
  71.50   17.75    1.00
  72.50   17.75    0.00
  73.50   17.75    8.00
  74.50   17.75    1.00
  75.50   17.75    9.00
  76.50   17.75    2.00
  77.50   17.75   18.00
  78.50   17.75   27.00
  79.50   17.75    1.00
  80.50   17.75    0.00
  81.50   17.75    0.00
  82.50   17.75    0.00
  83.50   17.75    0.00
  84.50   17.75    0.00
  85.50   17.75    0.00
  65.50   18.25    0.00
  66.50   18.25    0.00
  67.50   18.25    0.00
  68.50   18.25    0.00
  69.50   18.25    0.00
  70.50   18.25    0.00
  71.50   18.25    0.00
  72.50   18.25    0.00
  73.50   18.25    0.00
  74.50   18.25    0.00
  75.50   18.25    0.00
  76.50   18.25    0.00
  77.50   18.25    0.00
  78.50   18.25    0.00
  79.50   18.25    0.00
  80.50   18.25    0.00
  81.50   18.25    0.00
  82.50   18.25    0.00
  83.50   18.25    0.00
  84.50   18.25    0.00
  85.50   18.25    0.00
