  65.50    6.25    0.00
  66.50    6.25    0.00
  67.50    6.25    0.00
  68.50    6.25    0.00
  69.50    6.25    0.00
  70.50    6.25    0.00
  71.50    6.25    5.00
  72.50    6.25    1.00
  73.50    6.25    3.00
  74.50    6.25    6.00
  75.50    6.25    2.00
  76.50    6.25    0.00
  77.50    6.25    1.00
  78.50    6.25    1.00
  79.50    6.25    0.00
  80.50    6.25   23.00
  81.50    6.25    8.00
  82.50    6.25    1.00
  83.50    6.25    0.00
  84.50    6.25    0.00
  85.50    6.25    0.00
  65.50    6.75    0.00
  66.50    6.75    0.00
  67.50    6.75    0.00
  68.50    6.75    0.00
  69.50    6.75    0.00
  70.50    6.75    0.00
  71.50    6.75    4.00
  72.50    6.75    3.00
  73.50    6.75    3.00
  74.50    6.75   21.00
  75.50    6.75    2.00
  76.50    6.75    1.00
  77.50    6.75    8.00
  78.50    6.75   17.00
  79.50    6.75    0.00
  80.50    6.75    0.00
  81.50    6.75    0.00
  82.50    6.75    0.00
  83.50    6.75    0.00
  84.50    6.75    0.00
  85.50    6.75    0.00
  65.50    7.25    0.00
  66.50    7.25    0.00
  67.50    7.25    0.00
  68.50    7.25    0.00
  69.50    7.25    0.00
  70.50    7.25    0.00
  71.50    7.25    0.00
  72.50    7.25    0.00
  73.50    7.25    0.00
  74.50    7.25   15.00
  75.50    7.25   23.00
  76.50    7.25   86.00
  77.50    7.25    0.00
  78.50    7.25   10.00
  79.50    7.25   19.00
  80.50    7.25    0.00
  81.50    7.25    0.00
  82.50    7.25    0.00
  83.50    7.25    0.00
  84.50    7.25    0.00
  85.50    7.25    0.00
  65.50    7.75    0.00
  66.50    7.75    0.00
  67.50    7.75    0.00
  68.50    7.75    0.00
  69.50    7.75    0.00
  70.50    7.75    0.00
  71.50    7.75   23.00
  72.50    7.75    0.00
  73.50    7.75   34.00
  74.50    7.75    5.00
  75.50    7.75   35.00
  76.50    7.75   66.00
  77.50    7.75  115.00
  78.50    7.75    5.00
  79.50    7.75    8.00
  80.50    7.75   15.00
  81.50    7.75    3.00
  82.50    7.75    0.00
  83.50    7.75    0.00
  84.50    7.75    0.00
  85.50    7.75    0.00
  65.50    8.25    0.00
  66.50    8.25    0.00
  67.50    8.25    0.00
  68.50    8.25    0.00
  69.50    8.25    0.00
  70.50    8.25    0.00
  71.50    8.25    0.00
  72.50    8.25    3.00
  73.50    8.25   31.00
  74.50    8.25   13.00
  75.50    8.25   28.00
  76.50    8.25   17.00
  77.50    8.25   49.00
  78.50    8.25   62.00
  79.50    8.25    0.00
  80.50    8.25    0.00
  81.50    8.25    1.00
  82.50    8.25    0.00
  83.50    8.25    0.00
  84.50    8.25    0.00
  85.50    8.25    0.00
  65.50    8.75    0.00
  66.50    8.75    0.00
  67.50    8.75    0.00
  68.50    8.75    0.00
  69.50    8.75    0.00
  70.50    8.75    0.00
  71.50    8.75    1.00
  72.50    8.75   28.00
  73.50    8.75   17.00
  74.50    8.75   15.00
  75.50    8.75   43.00
  76.50    8.75   80.00
  77.50    8.75   14.00
  78.50    8.75   20.00
  79.50    8.75   16.00
  80.50    8.75    0.00
  81.50    8.75    0.00
  82.50    8.75    0.00
  83.50    8.75    0.00
  84.50    8.75    0.00
  85.50    8.75    0.00
  65.50    9.25    0.00
  66.50    9.25    0.00
  67.50    9.25    0.00
  68.50    9.25    0.00
  69.50    9.25    0.00
  70.50    9.25    0.00
  71.50    9.25    0.00
  72.50    9.25    9.00
  73.50    9.25   90.00
  74.50    9.25   87.00
  75.50    9.25    5.00
  76.50    9.25   48.00
  77.50    9.25   68.00
  78.50    9.25   45.00
  79.50    9.25   53.00
  80.50    9.25    8.00
  81.50    9.25    0.00
  82.50    9.25    0.00
  83.50    9.25    0.00
  84.50    9.25    0.00
  85.50    9.25    0.00
  65.50    9.75    0.00
  66.50    9.75    0.00
  67.50    9.75    0.00
  68.50    9.75    0.00
  69.50    9.75    0.00
  70.50    9.75    0.00
  71.50    9.75    0.00
  72.50    9.75    2.00
  73.50    9.75   29.00
  74.50    9.75    4.00
  75.50    9.75  111.00
  76.50    9.75   52.00
  77.50    9.75   13.00
  78.50    9.75    6.00
  79.50    9.75    1.00
  80.50    9.75    0.00
  81.50    9.75    0.00
  82.50    9.75    0.00
  83.50    9.75    0.00
  84.50    9.75    0.00
  85.50    9.75    0.00
  65.50   10.25    0.00
  66.50   10.25    0.00
  67.50   10.25    0.00
  68.50   10.25    0.00
  69.50   10.25    0.00
  70.50   10.25    0.00
  71.50   10.25    0.00
  72.50   10.25    2.00
  73.50   10.25   29.00
  74.50   10.25  100.00
  75.50   10.25   62.00
  76.50   10.25    1.00
  77.50   10.25    9.00
  78.50   10.25    0.00
  79.50   10.25    5.00
  80.50   10.25    2.00
  81.50   10.25    0.00
  82.50   10.25    0.00
  83.50   10.25    0.00
  84.50   10.25    0.00
  85.50   10.25    0.00
  65.50   10.75    0.00
  66.50   10.75    0.00
  67.50   10.75    0.00
  68.50   10.75    0.00
  69.50   10.75    0.00
  70.50   10.75    0.00
  71.50   10.75    0.00
  72.50   10.75   10.00
  73.50   10.75   85.00
  74.50   10.75    6.00
  75.50   10.75   39.00
  76.50   10.75   20.00
  77.50   10.75   14.00
  78.50   10.75    4.00
  79.50   10.75    0.00
  80.50   10.75    0.00
  81.50   10.75    0.00
  82.50   10.75    0.00
  83.50   10.75    0.00
  84.50   10.75    0.00
  85.50   10.75    0.00
  65.50   11.25    0.00
  66.50   11.25    0.00
  67.50   11.25    0.00
  68.50   11.25    0.00
  69.50   11.25    0.00
  70.50   11.25    0.00
  71.50   11.25    0.00
  72.50   11.25    0.00
  73.50   11.25    9.00
  74.50   11.25   55.00
  75.50   11.25   15.00
  76.50   11.25    0.00
  77.50   11.25    3.00
  78.50   11.25    2.00
  79.50   11.25    0.00
  80.50   11.25    8.00
  81.50   11.25    0.00
  82.50   11.25    2.00
  83.50   11.25    2.00
  84.50   11.25    0.00
  85.50   11.25    0.00
  65.50   11.75    0.00
  66.50   11.75    0.00
  67.50   11.75    0.00
  68.50   11.75    0.00
  69.50   11.75    0.00
  70.50   11.75    0.00
  71.50   11.75    0.00
  72.50   11.75    0.00
  73.50   11.75    5.00
  74.50   11.75   38.00
  75.50   11.75  108.00
  76.50   11.75    0.00
  77.50   11.75    2.00
  78.50   11.75   40.00
  79.50   11.75    0.00
  80.50   11.75   30.00
  81.50   11.75   13.00
  82.50   11.75    0.00
  83.50   11.75    0.00
  84.50   11.75    0.00
  85.50   11.75    0.00
  65.50   12.25    0.00
  66.50   12.25    0.00
  67.50   12.25    0.00
  68.50   12.25    0.00
  69.50   12.25    0.00
  70.50   12.25    0.00
  71.50   12.25    0.00
  72.50   12.25    0.00
  73.50   12.25    8.00
  74.50   12.25    2.00
  75.50   12.25   13.00
  76.50   12.25   15.00
  77.50   12.25   13.00
  78.50   12.25    3.00
  79.50   12.25   31.00
  80.50   12.25   34.00
  81.50   12.25    0.00
  82.50   12.25    8.00
  83.50   12.25    0.00
  84.50   12.25    0.00
  85.50   12.25    0.00
  65.50   12.75    0.00
  66.50   12.75    0.00
  67.50   12.75    0.00
  68.50   12.75    0.00
  69.50   12.75    0.00
  70.50   12.75    0.00
  71.50   12.75    0.00
  72.50   12.75    0.00
  73.50   12.75    0.00
  74.50   12.75    3.00
  75.50   12.75   15.00
  76.50   12.75   10.00
  77.50   12.75   17.00
  78.50   12.75   37.00
  79.50   12.75   80.00
  80.50   12.75   12.00
  81.50   12.75   13.00
  82.50   12.75    0.00
  83.50   12.75    0.00
  84.50   12.75    0.00
  85.50   12.75    0.00
  65.50   13.25    0.00
  66.50   13.25    0.00
  67.50   13.25    0.00
  68.50   13.25    0.00
  69.50   13.25    0.00
  70.50   13.25    0.00
  71.50   13.25    0.00
  72.50   13.25    0.00
  73.50   13.25    0.00
  74.50   13.25    1.00
  75.50   13.25    0.00
  76.50   13.25   27.00
  77.50   13.25   49.00
  78.50   13.25   53.00
  79.50   13.25   58.00
  80.50   13.25   21.00
  81.50   13.25    1.00
  82.50   13.25    0.00
  83.50   13.25    0.00
  84.50   13.25    0.00
  85.50   13.25    0.00
  65.50   13.75    0.00
  66.50   13.75    0.00
  67.50   13.75    0.00
  68.50   13.75    0.00
  69.50   13.75    0.00
  70.50   13.75    0.00
  71.50   13.75    0.00
  72.50   13.75    0.00
  73.50   13.75    0.00
  74.50   13.75    0.00
  75.50   13.75    2.00
  76.50   13.75   17.00
  77.50   13.75   15.00
  78.50   13.75   10.00
  79.50   13.75    8.00
  80.50   13.75    6.00
  81.50   13.75    0.00
  82.50   13.75    1.00
  83.50   13.75    0.00
  84.50   13.75    0.00
  85.50   13.75    0.00
  65.50   14.25    0.00
  66.50   14.25    0.00
  67.50   14.25    0.00
  68.50   14.25    0.00
  69.50   14.25    0.00
  70.50   14.25    0.00
  71.50   14.25    0.00
  72.50   14.25    0.00
  73.50   14.25   13.00
  74.50   14.25   20.00
  75.50   14.25   62.00
  76.50   14.25   45.00
  77.50   14.25    0.00
  78.50   14.25    0.00
  79.50   14.25    0.00
  80.50   14.25    0.00
  81.50   14.25    1.00
  82.50   14.25    0.00
  83.50   14.25    0.00
  84.50   14.25    0.00
  85.50   14.25    0.00
  65.50   14.75    0.00
  66.50   14.75    0.00
  67.50   14.75    0.00
  68.50   14.75    0.00
  69.50   14.75    0.00
  70.50   14.75    0.00
  71.50   14.75    0.00
  72.50   14.75   38.00
  73.50   14.75   53.00
  74.50   14.75   13.00
  75.50   14.75   14.00
  76.50   14.75    3.00
  77.50   14.75    4.00
  78.50   14.75    0.00
  79.50   14.75    3.00
  80.50   14.75    0.00
  81.50   14.75    0.00
  82.50   14.75    0.00
  83.50   14.75    0.00
  84.50   14.75    0.00
  85.50   14.75    0.00
  65.50   15.25    0.00
  66.50   15.25    0.00
  67.50   15.25    0.00
  68.50   15.25    0.00
  69.50   15.25    0.00
  70.50   15.25    0.00
  71.50   15.25    0.00
  72.50   15.25    0.00
  73.50   15.25    0.00
  74.50   15.25    4.00
  75.50   15.25    0.00
  76.50   15.25    3.00
  77.50   15.25   48.00
  78.50   15.25   31.00
  79.50   15.25    8.00
  80.50   15.25    1.00
  81.50   15.25    0.00
  82.50   15.25    0.00
  83.50   15.25    0.00
  84.50   15.25    0.00
  85.50   15.25    0.00
  65.50   15.75    0.00
  66.50   15.75    0.00
  67.50   15.75    0.00
  68.50   15.75    0.00
  69.50   15.75    0.00
  70.50   15.75    0.00
  71.50   15.75    3.00
  72.50   15.75    5.00
  73.50   15.75   12.00
  74.50   15.75    3.00
  75.50   15.75    0.00
  76.50   15.75    0.00
  77.50   15.75    0.00
  78.50   15.75    0.00
  79.50   15.75    0.00
  80.50   15.75    0.00
  81.50   15.75    0.00
  82.50   15.75    0.00
  83.50   15.75    0.00
  84.50   15.75    0.00
  85.50   15.75    0.00
  65.50   16.25    0.00
  66.50   16.25    0.00
  67.50   16.25    0.00
  68.50   16.25    0.00
  69.50   16.25    0.00
  70.50   16.25    0.00
  71.50   16.25    0.00
  72.50   16.25    0.00
  73.50   16.25    0.00
  74.50   16.25    7.00
  75.50   16.25    0.00
  76.50   16.25    0.00
  77.50   16.25   10.00
  78.50   16.25    0.00
  79.50   16.25    1.00
  80.50   16.25    0.00
  81.50   16.25    0.00
  82.50   16.25    0.00
  83.50   16.25    0.00
  84.50   16.25    0.00
  85.50   16.25    0.00
  65.50   16.75    0.00
  66.50   16.75    0.00
  67.50   16.75    0.00
  68.50   16.75    0.00
  69.50   16.75    0.00
  70.50   16.75    0.00
  71.50   16.75    0.00
  72.50   16.75   16.00
  73.50   16.75   10.00
  74.50   16.75   21.00
  75.50   16.75    0.00
  76.50   16.75    0.00
  77.50   16.75    0.00
  78.50   16.75    0.00
  79.50   16.75    1.00
  80.50   16.75    3.00
  81.50   16.75    3.00
  82.50   16.75    1.00
  83.50   16.75    0.00
  84.50   16.75    0.00
  85.50   16.75    0.00
  65.50   17.25    0.00
  66.50   17.25    0.00
  67.50   17.25    0.00
  68.50   17.25    0.00
  69.50   17.25    9.00
  70.50   17.25   24.00
  71.50   17.25   19.00
  72.50   17.25    0.00
  73.50   17.25    0.00
  74.50   17.25    0.00
  75.50   17.25    8.00
  76.50   17.25    0.00
  77.50   17.25    0.00
  78.50   17.25    0.00
  79.50   17.25    0.00
  80.50   17.25    0.00
  81.50   17.25    0.00
  82.50   17.25    0.00
  83.50   17.25    0.00
  84.50   17.25    0.00
  85.50   17.25    0.00
  65.50   17.75    0.00
  66.50   17.75    0.00
  67.50   17.75    0.00
  68.50   17.75    0.00
  69.50   17.75    0.00
  70.50   17.75   16.00
  71.50   17.75   51.00
  72.50   17.75   19.00
  73.50   17.75    1.00
  74.50   17.75    3.00
  75.50   17.75    0.00
  76.50   17.75    2.00
  77.50   17.75    0.00
  78.50   17.75    0.00
  79.50   17.75    0.00
  80.50   17.75    0.00
  81.50   17.75    0.00
  82.50   17.75    0.00
  83.50   17.75    0.00
  84.50   17.75    0.00
  85.50   17.75    0.00
  65.50   18.25    0.00
  66.50   18.25    0.00
  67.50   18.25    0.00
  68.50   18.25    0.00
  69.50   18.25    0.00
  70.50   18.25    0.00
  71.50   18.25    0.00
  72.50   18.25    0.00
  73.50   18.25    0.00
  74.50   18.25    0.00
  75.50   18.25    0.00
  76.50   18.25    0.00
  77.50   18.25    0.00
  78.50   18.25    0.00
  79.50   18.25    0.00
  80.50   18.25    0.00
  81.50   18.25    0.00
  82.50   18.25    0.00
  83.50   18.25    0.00
  84.50   18.25    0.00
  85.50   18.25    0.00
