  65.50    6.25    0.00
  66.50    6.25    0.00
  67.50    6.25    0.00
  68.50    6.25    0.00
  69.50    6.25    0.00
  70.50    6.25    0.00
  71.50    6.25    0.00
  72.50    6.25    0.00
  73.50    6.25 *******
  74.50    6.25 *******
  75.50    6.25  922.77
  76.50    6.25    0.00
  77.50    6.25    0.00
  78.50    6.25    0.00
  79.50    6.25    0.00
  80.50    6.25    0.00
  81.50    6.25    0.00
  82.50    6.25    0.00
  83.50    6.25    0.00
  84.50    6.25    0.00
  85.50    6.25    0.00
  65.50    6.75    0.00
  66.50    6.75    0.00
  67.50    6.75    0.00
  68.50    6.75    0.00
  69.50    6.75    0.00
  70.50    6.75    0.00
  71.50    6.75    0.00
  72.50    6.75 *******
  73.50    6.75 1270.40
  74.50    6.75    0.00
  75.50    6.75    0.00
  76.50    6.75   69.05
  77.50    6.75  946.12
  78.50    6.75  237.55
  79.50    6.75    0.00
  80.50    6.75    0.00
  81.50    6.75 *******
  82.50    6.75    0.00
  83.50    6.75    0.00
  84.50    6.75    0.00
  85.50    6.75    0.00
  65.50    7.25    0.00
  66.50    7.25    0.00
  67.50    7.25    0.00
  68.50    7.25    0.00
  69.50    7.25    0.00
  70.50    7.25    0.00
  71.50    7.25    0.00
  72.50    7.25    0.00
  73.50    7.25    0.00
  74.50    7.25 4319.08
  75.50    7.25 1558.94
  76.50    7.25  292.17
  77.50    7.25 1468.90
  78.50    7.25 1449.90
  79.50    7.25 3177.44
  80.50    7.25 1364.91
  81.50    7.25 2103.32
  82.50    7.25    0.00
  83.50    7.25    0.00
  84.50    7.25    0.00
  85.50    7.25    0.00
  65.50    7.75    0.00
  66.50    7.75    0.00
  67.50    7.75    0.00
  68.50    7.75    0.00
  69.50    7.75    0.00
  70.50    7.75    0.00
  71.50    7.75 1974.37
  72.50    7.75 1843.63
  73.50    7.75 1364.21
  74.50    7.75  480.44
  75.50    7.75  465.08
  76.50    7.75 3149.81
  77.50    7.75  390.32
  78.50    7.75 1000.59
  79.50    7.75 3963.14
  80.50    7.75  771.93
  81.50    7.75  666.53
  82.50    7.75    0.00
  83.50    7.75    0.00
  84.50    7.75    0.00
  85.50    7.75    0.00
  65.50    8.25    0.00
  66.50    8.25    0.00
  67.50    8.25    0.00
  68.50    8.25    0.00
  69.50    8.25    0.00
  70.50    8.25    0.00
  71.50    8.25    0.00
  72.50    8.25    0.00
  73.50    8.25    0.00
  74.50    8.25    0.00
  75.50    8.25    0.00
  76.50    8.25    0.00
  77.50    8.25  219.87
  78.50    8.25  335.02
  79.50    8.25  740.47
  80.50    8.25  121.50
  81.50    8.25    0.00
  82.50    8.25 6784.36
  83.50    8.25    0.00
  84.50    8.25    0.00
  85.50    8.25    0.00
  65.50    8.75    0.00
  66.50    8.75    0.00
  67.50    8.75    0.00
  68.50    8.75    0.00
  69.50    8.75    0.00
  70.50    8.75    0.00
  71.50    8.75    0.00
  72.50    8.75    0.00
  73.50    8.75 5425.93
  74.50    8.75 3642.65
  75.50    8.75 3190.91
  76.50    8.75 6189.72
  77.50    8.75 4815.51
  78.50    8.75  596.22
  79.50    8.75  160.85
  80.50    8.75  708.53
  81.50    8.75 2006.19
  82.50    8.75    0.00
  83.50    8.75    0.00
  84.50    8.75    0.00
  85.50    8.75    0.00
  65.50    9.25    0.00
  66.50    9.25    0.00
  67.50    9.25    0.00
  68.50    9.25    0.00
  69.50    9.25    0.00
  70.50    9.25    0.00
  71.50    9.25    0.00
  72.50    9.25 3591.77
  73.50    9.25 2372.91
  74.50    9.25  482.23
  75.50    9.25 1259.72
  76.50    9.25 1603.46
  77.50    9.25  827.30
  78.50    9.25  801.51
  79.50    9.25  778.34
  80.50    9.25  851.71
  81.50    9.25 1194.90
  82.50    9.25  196.35
  83.50    9.25  314.44
  84.50    9.25 7656.24
  85.50    9.25    0.00
  65.50    9.75    0.00
  66.50    9.75    0.00
  67.50    9.75    0.00
  68.50    9.75    0.00
  69.50    9.75    0.00
  70.50    9.75    0.00
  71.50    9.75    0.00
  72.50    9.75    0.00
  73.50    9.75    0.00
  74.50    9.75 3246.64
  75.50    9.75 1996.41
  76.50    9.75 1024.75
  77.50    9.75    0.00
  78.50    9.75 5985.46
  79.50    9.75  663.15
  80.50    9.75  641.42
  81.50    9.75 1453.74
  82.50    9.75    0.00
  83.50    9.75    0.00
  84.50    9.75 3158.76
  85.50    9.75    0.00
  65.50   10.25    0.00
  66.50   10.25    0.00
  67.50   10.25    0.00
  68.50   10.25    0.00
  69.50   10.25    0.00
  70.50   10.25    0.00
  71.50   10.25    0.00
  72.50   10.25    0.00
  73.50   10.25    0.00
  74.50   10.25 1146.14
  75.50   10.25  796.52
  76.50   10.25 1733.81
  77.50   10.25 3018.39
  78.50   10.25  683.51
  79.50   10.25  389.36
  80.50   10.25    0.00
  81.50   10.25  756.13
  82.50   10.25    0.00
  83.50   10.25 1220.22
  84.50   10.25 3075.42
  85.50   10.25    0.00
  65.50   10.75    0.00
  66.50   10.75    0.00
  67.50   10.75    0.00
  68.50   10.75    0.00
  69.50   10.75    0.00
  70.50   10.75    0.00
  71.50   10.75    0.00
  72.50   10.75    0.00
  73.50   10.75    0.00
  74.50   10.75  639.57
  75.50   10.75 1012.23
  76.50   10.75  892.33
  77.50   10.75  622.14
  78.50   10.75 1174.11
  79.50   10.75 2156.95
  80.50   10.75    0.00
  81.50   10.75  905.92
  82.50   10.75    0.00
  83.50   10.75 3112.29
  84.50   10.75    0.00
  85.50   10.75    0.00
  65.50   11.25    0.00
  66.50   11.25    0.00
  67.50   11.25    0.00
  68.50   11.25    0.00
  69.50   11.25    0.00
  70.50   11.25    0.00
  71.50   11.25    0.00
  72.50   11.25    0.00
  73.50   11.25    0.00
  74.50   11.25    0.00
  75.50   11.25 1549.58
  76.50   11.25 2016.20
  77.50   11.25 1334.69
  78.50   11.25  882.48
  79.50   11.25    0.00
  80.50   11.25    0.00
  81.50   11.25 2924.60
  82.50   11.25 4321.41
  83.50   11.25 1923.53
  84.50   11.25    0.00
  85.50   11.25    0.00
  65.50   11.75    0.00
  66.50   11.75    0.00
  67.50   11.75    0.00
  68.50   11.75    0.00
  69.50   11.75    0.00
  70.50   11.75    0.00
  71.50   11.75    0.00
  72.50   11.75    0.00
  73.50   11.75    0.00
  74.50   11.75    0.00
  75.50   11.75 1443.86
  76.50   11.75 1519.17
  77.50   11.75 2274.87
  78.50   11.75 1918.80
  79.50   11.75    0.00
  80.50   11.75 3061.95
  81.50   11.75 2242.89
  82.50   11.75 5536.36
  83.50   11.75  777.47
  84.50   11.75  385.32
  85.50   11.75    0.00
  65.50   12.25    0.00
  66.50   12.25    0.00
  67.50   12.25    0.00
  68.50   12.25    0.00
  69.50   12.25    0.00
  70.50   12.25    0.00
  71.50   12.25    0.00
  72.50   12.25    0.00
  73.50   12.25    0.00
  74.50   12.25    0.00
  75.50   12.25 1437.90
  76.50   12.25 1312.38
  77.50   12.25 2500.66
  78.50   12.25 1786.88
  79.50   12.25  944.38
  80.50   12.25  319.30
  81.50   12.25  690.43
  82.50   12.25    0.00
  83.50   12.25  189.76
  84.50   12.25    0.00
  85.50   12.25    0.00
  65.50   12.75    0.00
  66.50   12.75    0.00
  67.50   12.75    0.00
  68.50   12.75    0.00
  69.50   12.75    0.00
  70.50   12.75    0.00
  71.50   12.75    0.00
  72.50   12.75    0.00
  73.50   12.75    0.00
  74.50   12.75    0.00
  75.50   12.75    0.00
  76.50   12.75  729.70
  77.50   12.75 3687.41
  78.50   12.75 1720.80
  79.50   12.75  888.65
  80.50   12.75 4129.70
  81.50   12.75 1884.76
  82.50   12.75  684.52
  83.50   12.75 1500.41
  84.50   12.75    0.00
  85.50   12.75    0.00
  65.50   13.25    0.00
  66.50   13.25    0.00
  67.50   13.25    0.00
  68.50   13.25    0.00
  69.50   13.25    0.00
  70.50   13.25    0.00
  71.50   13.25    0.00
  72.50   13.25    0.00
  73.50   13.25    0.00
  74.50   13.25    0.00
  75.50   13.25 1037.76
  76.50   13.25  483.04
  77.50   13.25 1060.89
  78.50   13.25  331.09
  79.50   13.25  786.51
  80.50   13.25    0.00
  81.50   13.25  406.23
  82.50   13.25    0.00
  83.50   13.25    0.00
  84.50   13.25    0.00
  85.50   13.25    0.00
  65.50   13.75    0.00
  66.50   13.75    0.00
  67.50   13.75    0.00
  68.50   13.75    0.00
  69.50   13.75    0.00
  70.50   13.75    0.00
  71.50   13.75    0.00
  72.50   13.75    0.00
  73.50   13.75  636.14
  74.50   13.75 2739.94
  75.50   13.75    0.00
  76.50   13.75  157.83
  77.50   13.75    0.00
  78.50   13.75 2904.27
  79.50   13.75 1936.94
  80.50   13.75    0.00
  81.50   13.75    0.00
  82.50   13.75    0.00
  83.50   13.75 1468.51
  84.50   13.75    0.00
  85.50   13.75    0.00
  65.50   14.25    0.00
  66.50   14.25    0.00
  67.50   14.25    0.00
  68.50   14.25    0.00
  69.50   14.25    0.00
  70.50   14.25    0.00
  71.50   14.25    0.00
  72.50   14.25    0.00
  73.50   14.25  174.12
  74.50   14.25 8297.31
  75.50   14.25    0.00
  76.50   14.25 1161.74
  77.50   14.25 1557.95
  78.50   14.25    0.00
  79.50   14.25    0.00
  80.50   14.25    0.00
  81.50   14.25    0.00
  82.50   14.25    0.00
  83.50   14.25    0.00
  84.50   14.25    0.00
  85.50   14.25    0.00
  65.50   14.75    0.00
  66.50   14.75    0.00
  67.50   14.75    0.00
  68.50   14.75    0.00
  69.50   14.75    0.00
  70.50   14.75    0.00
  71.50   14.75    0.00
  72.50   14.75 1754.15
  73.50   14.75 5104.17
  74.50   14.75 1297.83
  75.50   14.75  488.85
  76.50   14.75 1855.65
  77.50   14.75 1633.75
  78.50   14.75    0.00
  79.50   14.75 *******
  80.50   14.75    0.00
  81.50   14.75    0.00
  82.50   14.75    0.00
  83.50   14.75    0.00
  84.50   14.75 2178.58
  85.50   14.75    0.00
  65.50   15.25    0.00
  66.50   15.25    0.00
  67.50   15.25    0.00
  68.50   15.25    0.00
  69.50   15.25    0.00
  70.50   15.25    0.00
  71.50   15.25    0.00
  72.50   15.25    0.00
  73.50   15.25    0.00
  74.50   15.25    0.00
  75.50   15.25 3507.04
  76.50   15.25    0.00
  77.50   15.25 2098.88
  78.50   15.25 1191.74
  79.50   15.25 3374.32
  80.50   15.25 6574.34
  81.50   15.25    0.00
  82.50   15.25  230.64
  83.50   15.25    0.00
  84.50   15.25    0.00
  85.50   15.25    0.00
  65.50   15.75    0.00
  66.50   15.75    0.00
  67.50   15.75    0.00
  68.50   15.75    0.00
  69.50   15.75    0.00
  70.50   15.75    0.00
  71.50   15.75    0.00
  72.50   15.75    0.00
  73.50   15.75    0.00
  74.50   15.75    0.00
  75.50   15.75 1268.99
  76.50   15.75  380.04
  77.50   15.75  326.37
  78.50   15.75  614.46
  79.50   15.75 3253.58
  80.50   15.75 2065.75
  81.50   15.75    0.00
  82.50   15.75    0.00
  83.50   15.75    0.00
  84.50   15.75    0.00
  85.50   15.75    0.00
  65.50   16.25    0.00
  66.50   16.25    0.00
  67.50   16.25    0.00
  68.50   16.25    0.00
  69.50   16.25    0.00
  70.50   16.25    0.00
  71.50   16.25    0.00
  72.50   16.25 3712.60
  73.50   16.25    0.00
  74.50   16.25    0.00
  75.50   16.25    0.00
  76.50   16.25 7777.44
  77.50   16.25 1693.12
  78.50   16.25 3247.72
  79.50   16.25 1618.97
  80.50   16.25 1315.97
  81.50   16.25 1621.59
  82.50   16.25  187.05
  83.50   16.25    0.00
  84.50   16.25    0.00
  85.50   16.25    0.00
  65.50   16.75    0.00
  66.50   16.75    0.00
  67.50   16.75    0.00
  68.50   16.75    0.00
  69.50   16.75    0.00
  70.50   16.75    0.00
  71.50   16.75    0.00
  72.50   16.75    0.00
  73.50   16.75    0.00
  74.50   16.75    0.00
  75.50   16.75  898.73
  76.50   16.75  377.25
  77.50   16.75  867.42
  78.50   16.75  984.13
  79.50   16.75    0.00
  80.50   16.75    0.00
  81.50   16.75    0.00
  82.50   16.75    0.00
  83.50   16.75    0.00
  84.50   16.75  927.87
  85.50   16.75    0.00
  65.50   17.25    0.00
  66.50   17.25    0.00
  67.50   17.25    0.00
  68.50   17.25    0.00
  69.50   17.25    0.00
  70.50   17.25    0.00
  71.50   17.25  681.91
  72.50   17.25    0.00
  73.50   17.25  715.28
  74.50   17.25 1537.78
  75.50   17.25  261.94
  76.50   17.25 4040.45
  77.50   17.25 1343.33
  78.50   17.25  133.56
  79.50   17.25  958.33
  80.50   17.25    0.00
  81.50   17.25 3036.58
  82.50   17.25  798.66
  83.50   17.25  459.11
  84.50   17.25    0.00
  85.50   17.25    0.00
  65.50   17.75    0.00
  66.50   17.75    0.00
  67.50   17.75    0.00
  68.50   17.75    0.00
  69.50   17.75    0.00
  70.50   17.75    0.00
  71.50   17.75  723.65
  72.50   17.75 3247.79
  73.50   17.75  961.86
  74.50   17.75  465.19
  75.50   17.75  538.68
  76.50   17.75  408.57
  77.50   17.75 1360.40
  78.50   17.75  592.23
  79.50   17.75    0.00
  80.50   17.75   73.12
  81.50   17.75 1502.27
  82.50   17.75  858.02
  83.50   17.75    0.00
  84.50   17.75    0.00
  85.50   17.75    0.00
  65.50   18.25    0.00
  66.50   18.25    0.00
  67.50   18.25    0.00
  68.50   18.25    0.00
  69.50   18.25    0.00
  70.50   18.25    0.00
  71.50   18.25    0.00
  72.50   18.25    0.00
  73.50   18.25    0.00
  74.50   18.25    0.00
  75.50   18.25    0.00
  76.50   18.25    0.00
  77.50   18.25    0.00
  78.50   18.25    0.00
  79.50   18.25    0.00
  80.50   18.25    0.00
  81.50   18.25    0.00
  82.50   18.25    0.00
  83.50   18.25    0.00
  84.50   18.25    0.00
  85.50   18.25    0.00
