  65.50    6.25    0.00
  66.50    6.25    0.00
  67.50    6.25    0.00
  68.50    6.25    0.00
  69.50    6.25    0.00
  70.50    6.25    0.00
  71.50    6.25  332.36
  72.50    6.25 2898.92
  73.50    6.25  799.56
  74.50    6.25 1098.58
  75.50    6.25  543.34
  76.50    6.25    0.00
  77.50    6.25 2510.81
  78.50    6.25  638.25
  79.50    6.25    0.00
  80.50    6.25 3493.57
  81.50    6.25 4454.15
  82.50    6.25 2583.14
  83.50    6.25    0.00
  84.50    6.25    0.00
  85.50    6.25    0.00
  65.50    6.75    0.00
  66.50    6.75    0.00
  67.50    6.75    0.00
  68.50    6.75    0.00
  69.50    6.75    0.00
  70.50    6.75    0.00
  71.50    6.75 *******
  72.50    6.75 1208.18
  73.50    6.75  249.31
  74.50    6.75 1932.46
  75.50    6.75 1917.04
  76.50    6.75 1676.12
  77.50    6.75 1592.17
  78.50    6.75 1637.61
  79.50    6.75    0.00
  80.50    6.75    0.00
  81.50    6.75    0.00
  82.50    6.75    0.00
  83.50    6.75    0.00
  84.50    6.75    0.00
  85.50    6.75    0.00
  65.50    7.25    0.00
  66.50    7.25    0.00
  67.50    7.25    0.00
  68.50    7.25    0.00
  69.50    7.25    0.00
  70.50    7.25    0.00
  71.50    7.25    0.00
  72.50    7.25    0.00
  73.50    7.25    0.00
  74.50    7.25 2000.19
  75.50    7.25  956.82
  76.50    7.25 1107.44
  77.50    7.25    0.00
  78.50    7.25  288.64
  79.50    7.25  199.65
  80.50    7.25    0.00
  81.50    7.25    0.00
  82.50    7.25    0.00
  83.50    7.25    0.00
  84.50    7.25    0.00
  85.50    7.25    0.00
  65.50    7.75    0.00
  66.50    7.75    0.00
  67.50    7.75    0.00
  68.50    7.75    0.00
  69.50    7.75    0.00
  70.50    7.75    0.00
  71.50    7.75 1377.29
  72.50    7.75    0.00
  73.50    7.75  943.73
  74.50    7.75 1824.27
  75.50    7.75  982.57
  76.50    7.75 1549.93
  77.50    7.75  736.87
  78.50    7.75 1666.63
  79.50    7.75  196.94
  80.50    7.75 1767.89
  81.50    7.75  490.27
  82.50    7.75    0.00
  83.50    7.75    0.00
  84.50    7.75    0.00
  85.50    7.75    0.00
  65.50    8.25    0.00
  66.50    8.25    0.00
  67.50    8.25    0.00
  68.50    8.25    0.00
  69.50    8.25    0.00
  70.50    8.25    0.00
  71.50    8.25    0.00
  72.50    8.25 2256.02
  73.50    8.25 1372.90
  74.50    8.25  568.58
  75.50    8.25 2792.72
  76.50    8.25 1802.06
  77.50    8.25 1418.76
  78.50    8.25  436.88
  79.50    8.25    0.00
  80.50    8.25    0.00
  81.50    8.25  530.01
  82.50    8.25    0.00
  83.50    8.25    0.00
  84.50    8.25    0.00
  85.50    8.25    0.00
  65.50    8.75    0.00
  66.50    8.75    0.00
  67.50    8.75    0.00
  68.50    8.75    0.00
  69.50    8.75    0.00
  70.50    8.75    0.00
  71.50    8.75  273.98
  72.50    8.75 4166.23
  73.50    8.75 1647.87
  74.50    8.75  535.09
  75.50    8.75 2059.76
  76.50    8.75 1546.30
  77.50    8.75 2311.76
  78.50    8.75  483.25
  79.50    8.75  957.95
  80.50    8.75    0.00
  81.50    8.75    0.00
  82.50    8.75    0.00
  83.50    8.75    0.00
  84.50    8.75    0.00
  85.50    8.75    0.00
  65.50    9.25    0.00
  66.50    9.25    0.00
  67.50    9.25    0.00
  68.50    9.25    0.00
  69.50    9.25    0.00
  70.50    9.25    0.00
  71.50    9.25    0.00
  72.50    9.25  507.60
  73.50    9.25 1409.41
  74.50    9.25  719.60
  75.50    9.25  319.61
  76.50    9.25  672.23
  77.50    9.25  496.07
  78.50    9.25  397.39
  79.50    9.25  487.88
  80.50    9.25  858.68
  81.50    9.25    0.00
  82.50    9.25    0.00
  83.50    9.25    0.00
  84.50    9.25    0.00
  85.50    9.25    0.00
  65.50    9.75    0.00
  66.50    9.75    0.00
  67.50    9.75    0.00
  68.50    9.75    0.00
  69.50    9.75    0.00
  70.50    9.75    0.00
  71.50    9.75    0.00
  72.50    9.75  782.76
  73.50    9.75 1291.17
  74.50    9.75  346.69
  75.50    9.75  833.85
  76.50    9.75  487.14
  77.50    9.75 1182.62
  78.50    9.75  262.08
  79.50    9.75  142.75
  80.50    9.75    0.00
  81.50    9.75    0.00
  82.50    9.75    0.00
  83.50    9.75    0.00
  84.50    9.75    0.00
  85.50    9.75    0.00
  65.50   10.25    0.00
  66.50   10.25    0.00
  67.50   10.25    0.00
  68.50   10.25    0.00
  69.50   10.25    0.00
  70.50   10.25    0.00
  71.50   10.25    0.00
  72.50   10.25  334.53
  73.50   10.25  906.47
  74.50   10.25 1469.68
  75.50   10.25 1015.79
  76.50   10.25  409.15
  77.50   10.25  595.26
  78.50   10.25    0.00
  79.50   10.25  460.98
  80.50   10.25  649.98
  81.50   10.25    0.00
  82.50   10.25    0.00
  83.50   10.25    0.00
  84.50   10.25    0.00
  85.50   10.25    0.00
  65.50   10.75    0.00
  66.50   10.75    0.00
  67.50   10.75    0.00
  68.50   10.75    0.00
  69.50   10.75    0.00
  70.50   10.75    0.00
  71.50   10.75    0.00
  72.50   10.75 1204.30
  73.50   10.75 1552.21
  74.50   10.75  979.00
  75.50   10.75  415.83
  76.50   10.75  318.42
  77.50   10.75  816.02
  78.50   10.75   52.94
  79.50   10.75    0.00
  80.50   10.75    0.00
  81.50   10.75    0.00
  82.50   10.75    0.00
  83.50   10.75    0.00
  84.50   10.75    0.00
  85.50   10.75    0.00
  65.50   11.25    0.00
  66.50   11.25    0.00
  67.50   11.25    0.00
  68.50   11.25    0.00
  69.50   11.25    0.00
  70.50   11.25    0.00
  71.50   11.25    0.00
  72.50   11.25    0.00
  73.50   11.25  548.08
  74.50   11.25 2154.32
  75.50   11.25  825.50
  76.50   11.25    0.00
  77.50   11.25  690.21
  78.50   11.25 5566.37
  79.50   11.25    0.00
  80.50   11.25  407.66
  81.50   11.25    0.00
  82.50   11.25  353.84
  83.50   11.25 2694.56
  84.50   11.25    0.00
  85.50   11.25    0.00
  65.50   11.75    0.00
  66.50   11.75    0.00
  67.50   11.75    0.00
  68.50   11.75    0.00
  69.50   11.75    0.00
  70.50   11.75    0.00
  71.50   11.75    0.00
  72.50   11.75    0.00
  73.50   11.75  163.86
  74.50   11.75  380.91
  75.50   11.75 1316.35
  76.50   11.75    0.00
  77.50   11.75 1025.28
  78.50   11.75 1191.63
  79.50   11.75    0.00
  80.50   11.75  698.77
  81.50   11.75  673.10
  82.50   11.75    0.00
  83.50   11.75    0.00
  84.50   11.75    0.00
  85.50   11.75    0.00
  65.50   12.25    0.00
  66.50   12.25    0.00
  67.50   12.25    0.00
  68.50   12.25    0.00
  69.50   12.25    0.00
  70.50   12.25    0.00
  71.50   12.25    0.00
  72.50   12.25    0.00
  73.50   12.25  202.58
  74.50   12.25  480.67
  75.50   12.25  368.57
  76.50   12.25  974.72
  77.50   12.25  325.44
  78.50   12.25  287.86
  79.50   12.25 1009.35
  80.50   12.25  447.50
  81.50   12.25    0.00
  82.50   12.25  579.26
  83.50   12.25    0.00
  84.50   12.25    0.00
  85.50   12.25    0.00
  65.50   12.75    0.00
  66.50   12.75    0.00
  67.50   12.75    0.00
  68.50   12.75    0.00
  69.50   12.75    0.00
  70.50   12.75    0.00
  71.50   12.75    0.00
  72.50   12.75    0.00
  73.50   12.75    0.00
  74.50   12.75  171.03
  75.50   12.75  470.39
  76.50   12.75  981.27
  77.50   12.75  323.58
  78.50   12.75  743.00
  79.50   12.75  460.57
  80.50   12.75  234.48
  81.50   12.75  280.25
  82.50   12.75    0.00
  83.50   12.75    0.00
  84.50   12.75    0.00
  85.50   12.75    0.00
  65.50   13.25    0.00
  66.50   13.25    0.00
  67.50   13.25    0.00
  68.50   13.25    0.00
  69.50   13.25    0.00
  70.50   13.25    0.00
  71.50   13.25    0.00
  72.50   13.25    0.00
  73.50   13.25    0.00
  74.50   13.25 *******
  75.50   13.25    0.00
  76.50   13.25 1211.56
  77.50   13.25  547.53
  78.50   13.25  436.87
  79.50   13.25  315.31
  80.50   13.25  507.13
  81.50   13.25 4044.86
  82.50   13.25    0.00
  83.50   13.25    0.00
  84.50   13.25    0.00
  85.50   13.25    0.00
  65.50   13.75    0.00
  66.50   13.75    0.00
  67.50   13.75    0.00
  68.50   13.75    0.00
  69.50   13.75    0.00
  70.50   13.75    0.00
  71.50   13.75    0.00
  72.50   13.75    0.00
  73.50   13.75    0.00
  74.50   13.75    0.00
  75.50   13.75  286.98
  76.50   13.75  249.08
  77.50   13.75  283.65
  78.50   13.75 1791.48
  79.50   13.75  885.03
  80.50   13.75  231.49
  81.50   13.75    0.00
  82.50   13.75  318.29
  83.50   13.75    0.00
  84.50   13.75    0.00
  85.50   13.75    0.00
  65.50   14.25    0.00
  66.50   14.25    0.00
  67.50   14.25    0.00
  68.50   14.25    0.00
  69.50   14.25    0.00
  70.50   14.25    0.00
  71.50   14.25    0.00
  72.50   14.25    0.00
  73.50   14.25  369.74
  74.50   14.25 5901.43
  75.50   14.25 4682.10
  76.50   14.25 2965.31
  77.50   14.25    0.00
  78.50   14.25    0.00
  79.50   14.25    0.00
  80.50   14.25    0.00
  81.50   14.25  955.76
  82.50   14.25    0.00
  83.50   14.25    0.00
  84.50   14.25    0.00
  85.50   14.25    0.00
  65.50   14.75    0.00
  66.50   14.75    0.00
  67.50   14.75    0.00
  68.50   14.75    0.00
  69.50   14.75    0.00
  70.50   14.75    0.00
  71.50   14.75    0.00
  72.50   14.75  543.36
  73.50   14.75  846.82
  74.50   14.75  337.83
  75.50   14.75 *******
  76.50   14.75  236.09
  77.50   14.75 2712.22
  78.50   14.75    0.00
  79.50   14.75  133.29
  80.50   14.75    0.00
  81.50   14.75    0.00
  82.50   14.75    0.00
  83.50   14.75    0.00
  84.50   14.75    0.00
  85.50   14.75    0.00
  65.50   15.25    0.00
  66.50   15.25    0.00
  67.50   15.25    0.00
  68.50   15.25    0.00
  69.50   15.25    0.00
  70.50   15.25    0.00
  71.50   15.25    0.00
  72.50   15.25    0.00
  73.50   15.25    0.00
  74.50   15.25 4004.97
  75.50   15.25    0.00
  76.50   15.25  132.15
  77.50   15.25  613.37
  78.50   15.25  560.74
  79.50   15.25 1648.54
  80.50   15.25 3194.86
  81.50   15.25    0.00
  82.50   15.25    0.00
  83.50   15.25    0.00
  84.50   15.25    0.00
  85.50   15.25    0.00
  65.50   15.75    0.00
  66.50   15.75    0.00
  67.50   15.75    0.00
  68.50   15.75    0.00
  69.50   15.75    0.00
  70.50   15.75    0.00
  71.50   15.75  230.93
  72.50   15.75 *******
  73.50   15.75 3849.59
  74.50   15.75 1663.24
  75.50   15.75    0.00
  76.50   15.75    0.00
  77.50   15.75    0.00
  78.50   15.75    0.00
  79.50   15.75    0.00
  80.50   15.75    0.00
  81.50   15.75    0.00
  82.50   15.75    0.00
  83.50   15.75    0.00
  84.50   15.75    0.00
  85.50   15.75    0.00
  65.50   16.25    0.00
  66.50   16.25    0.00
  67.50   16.25    0.00
  68.50   16.25    0.00
  69.50   16.25    0.00
  70.50   16.25    0.00
  71.50   16.25    0.00
  72.50   16.25    0.00
  73.50   16.25    0.00
  74.50   16.25 9700.33
  75.50   16.25    0.00
  76.50   16.25    0.00
  77.50   16.25  698.22
  78.50   16.25    0.00
  79.50   16.25  647.70
  80.50   16.25    0.00
  81.50   16.25    0.00
  82.50   16.25    0.00
  83.50   16.25    0.00
  84.50   16.25    0.00
  85.50   16.25    0.00
  65.50   16.75    0.00
  66.50   16.75    0.00
  67.50   16.75    0.00
  68.50   16.75    0.00
  69.50   16.75    0.00
  70.50   16.75    0.00
  71.50   16.75    0.00
  72.50   16.75 1383.54
  73.50   16.75  945.65
  74.50   16.75 2048.13
  75.50   16.75    0.00
  76.50   16.75    0.00
  77.50   16.75    0.00
  78.50   16.75    0.00
  79.50   16.75  467.32
  80.50   16.75  394.14
  81.50   16.75  594.02
  82.50   16.75 1489.50
  83.50   16.75    0.00
  84.50   16.75    0.00
  85.50   16.75    0.00
  65.50   17.25    0.00
  66.50   17.25    0.00
  67.50   17.25    0.00
  68.50   17.25    0.00
  69.50   17.25  588.99
  70.50   17.25 2064.14
  71.50   17.25 1853.79
  72.50   17.25    0.00
  73.50   17.25    0.00
  74.50   17.25    0.00
  75.50   17.25 2362.58
  76.50   17.25    0.00
  77.50   17.25    0.00
  78.50   17.25    0.00
  79.50   17.25    0.00
  80.50   17.25    0.00
  81.50   17.25    0.00
  82.50   17.25    0.00
  83.50   17.25    0.00
  84.50   17.25    0.00
  85.50   17.25    0.00
  65.50   17.75    0.00
  66.50   17.75    0.00
  67.50   17.75    0.00
  68.50   17.75    0.00
  69.50   17.75    0.00
  70.50   17.75 3303.81
  71.50   17.75 *******
  72.50   17.75 2173.91
  73.50   17.75 3863.17
  74.50   17.75  131.66
  75.50   17.75    0.00
  76.50   17.75 *******
  77.50   17.75    0.00
  78.50   17.75    0.00
  79.50   17.75    0.00
  80.50   17.75    0.00
  81.50   17.75    0.00
  82.50   17.75    0.00
  83.50   17.75    0.00
  84.50   17.75    0.00
  85.50   17.75    0.00
  65.50   18.25    0.00
  66.50   18.25    0.00
  67.50   18.25    0.00
  68.50   18.25    0.00
  69.50   18.25    0.00
  70.50   18.25    0.00
  71.50   18.25    0.00
  72.50   18.25    0.00
  73.50   18.25    0.00
  74.50   18.25    0.00
  75.50   18.25    0.00
  76.50   18.25    0.00
  77.50   18.25    0.00
  78.50   18.25    0.00
  79.50   18.25    0.00
  80.50   18.25    0.00
  81.50   18.25    0.00
  82.50   18.25    0.00
  83.50   18.25    0.00
  84.50   18.25    0.00
  85.50   18.25    0.00
