  65.50    6.25    0.00
  66.50    6.25    0.00
  67.50    6.25    0.00
  68.50    6.25    0.00
  69.50    6.25    0.00
  70.50    6.25    0.16
  71.50    6.25   -0.71
  72.50    6.25   -0.46
  73.50    6.25    0.00
  74.50    6.25    0.00
  75.50    6.25    0.00
  76.50    6.25   -0.23
  77.50    6.25    0.00
  78.50    6.25    0.00
  79.50    6.25    0.00
  80.50    6.25    0.00
  81.50    6.25    0.00
  82.50    6.25    0.00
  83.50    6.25    0.00
  84.50    6.25    0.00
  85.50    6.25    0.00
  65.50    6.75    0.00
  66.50    6.75    0.00
  67.50    6.75    0.00
  68.50    6.75    0.00
  69.50    6.75    0.00
  70.50    6.75    0.00
  71.50    6.75    0.00
  72.50    6.75    0.00
  73.50    6.75   -0.01
  74.50    6.75   -0.51
  75.50    6.75   -0.30
  76.50    6.75    0.02
  77.50    6.75    0.53
  78.50    6.75    0.00
  79.50    6.75    0.00
  80.50    6.75    0.00
  81.50    6.75    0.00
  82.50    6.75    0.00
  83.50    6.75    0.00
  84.50    6.75    0.00
  85.50    6.75    0.00
  65.50    7.25    0.00
  66.50    7.25    0.00
  67.50    7.25    0.00
  68.50    7.25    0.00
  69.50    7.25    0.00
  70.50    7.25    0.00
  71.50    7.25    0.00
  72.50    7.25    0.00
  73.50    7.25    0.20
  74.50    7.25   -0.08
  75.50    7.25   -0.24
  76.50    7.25   -0.06
  77.50    7.25    0.00
  78.50    7.25    0.00
  79.50    7.25    0.00
  80.50    7.25    0.00
  81.50    7.25    0.00
  82.50    7.25    0.00
  83.50    7.25    0.00
  84.50    7.25    0.00
  85.50    7.25    0.00
  65.50    7.75    0.00
  66.50    7.75    0.00
  67.50    7.75    0.00
  68.50    7.75    0.00
  69.50    7.75    0.00
  70.50    7.75    0.00
  71.50    7.75    0.00
  72.50    7.75    0.00
  73.50    7.75    0.00
  74.50    7.75    0.00
  75.50    7.75    0.00
  76.50    7.75    0.00
  77.50    7.75    0.00
  78.50    7.75    0.00
  79.50    7.75    0.00
  80.50    7.75    0.00
  81.50    7.75    0.00
  82.50    7.75    0.00
  83.50    7.75    0.00
  84.50    7.75    0.00
  85.50    7.75    0.00
  65.50    8.25    0.00
  66.50    8.25    0.00
  67.50    8.25    0.00
  68.50    8.25    0.00
  69.50    8.25    0.00
  70.50    8.25    0.00
  71.50    8.25    0.13
  72.50    8.25   -0.18
  73.50    8.25    0.17
  74.50    8.25   -0.22
  75.50    8.25    0.02
  76.50    8.25   -0.21
  77.50    8.25    0.00
  78.50    8.25    0.00
  79.50    8.25    0.00
  80.50    8.25    0.00
  81.50    8.25    0.00
  82.50    8.25    0.00
  83.50    8.25    0.00
  84.50    8.25    0.00
  85.50    8.25    0.00
  65.50    8.75    0.00
  66.50    8.75    0.00
  67.50    8.75    0.00
  68.50    8.75    0.00
  69.50    8.75    0.00
  70.50    8.75    0.00
  71.50    8.75    0.07
  72.50    8.75   -0.25
  73.50    8.75   -0.31
  74.50    8.75   -0.60
  75.50    8.75    0.58
  76.50    8.75    0.00
  77.50    8.75    0.00
  78.50    8.75    0.00
  79.50    8.75    0.00
  80.50    8.75    0.00
  81.50    8.75    0.00
  82.50    8.75    0.00
  83.50    8.75    0.00
  84.50    8.75    0.00
  85.50    8.75    0.00
  65.50    9.25    0.00
  66.50    9.25    0.00
  67.50    9.25    0.00
  68.50    9.25    0.00
  69.50    9.25    0.00
  70.50    9.25    0.00
  71.50    9.25    0.00
  72.50    9.25    0.00
  73.50    9.25   -0.45
  74.50    9.25    0.00
  75.50    9.25   -0.25
  76.50    9.25   -0.51
  77.50    9.25    0.00
  78.50    9.25    0.00
  79.50    9.25    0.00
  80.50    9.25    0.00
  81.50    9.25    0.00
  82.50    9.25    0.00
  83.50    9.25    0.00
  84.50    9.25    0.00
  85.50    9.25    0.00
  65.50    9.75    0.00
  66.50    9.75    0.00
  67.50    9.75    0.00
  68.50    9.75    0.00
  69.50    9.75    0.00
  70.50    9.75    0.00
  71.50    9.75    0.00
  72.50    9.75    0.00
  73.50    9.75   -0.58
  74.50    9.75   -0.54
  75.50    9.75   -0.36
  76.50    9.75   -0.42
  77.50    9.75    0.00
  78.50    9.75    0.00
  79.50    9.75    0.00
  80.50    9.75    0.00
  81.50    9.75    0.00
  82.50    9.75    0.00
  83.50    9.75    0.00
  84.50    9.75    0.00
  85.50    9.75    0.00
  65.50   10.25    0.00
  66.50   10.25    0.00
  67.50   10.25    0.00
  68.50   10.25    0.00
  69.50   10.25    0.00
  70.50   10.25    0.00
  71.50   10.25    0.00
  72.50   10.25    0.03
  73.50   10.25   -0.68
  74.50   10.25   -0.28
  75.50   10.25   -0.34
  76.50   10.25   -0.39
  77.50   10.25   -0.70
  78.50   10.25   -0.59
  79.50   10.25   -0.29
  80.50   10.25    0.00
  81.50   10.25    0.00
  82.50   10.25    0.00
  83.50   10.25    0.00
  84.50   10.25    0.00
  85.50   10.25    0.00
  65.50   10.75    0.00
  66.50   10.75    0.00
  67.50   10.75    0.00
  68.50   10.75    0.00
  69.50   10.75    0.00
  70.50   10.75    0.00
  71.50   10.75    0.00
  72.50   10.75    0.16
  73.50   10.75   -0.44
  74.50   10.75   -0.50
  75.50   10.75   -0.83
  76.50   10.75   -0.47
  77.50   10.75   -0.75
  78.50   10.75   -0.27
  79.50   10.75   -0.41
  80.50   10.75    0.00
  81.50   10.75    0.00
  82.50   10.75    0.00
  83.50   10.75    0.00
  84.50   10.75    0.00
  85.50   10.75    0.00
  65.50   11.25    0.00
  66.50   11.25    0.00
  67.50   11.25    0.00
  68.50   11.25    0.00
  69.50   11.25    0.00
  70.50   11.25    0.00
  71.50   11.25    0.00
  72.50   11.25    0.00
  73.50   11.25   -0.40
  74.50   11.25   -0.86
  75.50   11.25   -0.74
  76.50   11.25    0.00
  77.50   11.25    0.00
  78.50   11.25    0.00
  79.50   11.25   -0.68
  80.50   11.25    0.00
  81.50   11.25    0.00
  82.50   11.25    0.00
  83.50   11.25    0.00
  84.50   11.25    0.00
  85.50   11.25    0.00
  65.50   11.75    0.00
  66.50   11.75    0.00
  67.50   11.75    0.00
  68.50   11.75    0.00
  69.50   11.75    0.00
  70.50   11.75    0.00
  71.50   11.75    0.00
  72.50   11.75    0.00
  73.50   11.75   -0.60
  74.50   11.75   -0.57
  75.50   11.75   -0.80
  76.50   11.75   -0.95
  77.50   11.75   -0.20
  78.50   11.75   -0.40
  79.50   11.75   -0.54
  80.50   11.75    0.00
  81.50   11.75    0.00
  82.50   11.75    0.00
  83.50   11.75    0.00
  84.50   11.75    0.00
  85.50   11.75    0.00
  65.50   12.25    0.00
  66.50   12.25    0.00
  67.50   12.25    0.00
  68.50   12.25    0.00
  69.50   12.25    0.00
  70.50   12.25    0.00
  71.50   12.25    0.00
  72.50   12.25    0.00
  73.50   12.25   -0.52
  74.50   12.25    0.00
  75.50   12.25    0.00
  76.50   12.25   -0.58
  77.50   12.25   -0.61
  78.50   12.25   -0.37
  79.50   12.25   -0.30
  80.50   12.25   -0.42
  81.50   12.25    0.00
  82.50   12.25    0.00
  83.50   12.25    0.00
  84.50   12.25    0.00
  85.50   12.25    0.00
  65.50   12.75    0.00
  66.50   12.75    0.00
  67.50   12.75    0.00
  68.50   12.75    0.00
  69.50   12.75    0.00
  70.50   12.75    0.00
  71.50   12.75    0.00
  72.50   12.75    0.00
  73.50   12.75   -0.11
  74.50   12.75    0.24
  75.50   12.75   -0.30
  76.50   12.75   -0.43
  77.50   12.75   -0.29
  78.50   12.75   -0.65
  79.50   12.75    0.00
  80.50   12.75    0.00
  81.50   12.75    0.00
  82.50   12.75    0.00
  83.50   12.75    0.00
  84.50   12.75    0.00
  85.50   12.75    0.00
  65.50   13.25    0.00
  66.50   13.25    0.00
  67.50   13.25    0.00
  68.50   13.25    0.00
  69.50   13.25    0.00
  70.50   13.25    0.00
  71.50   13.25    0.00
  72.50   13.25    0.00
  73.50   13.25   -0.28
  74.50   13.25   -0.69
  75.50   13.25   -0.29
  76.50   13.25   -0.28
  77.50   13.25    0.00
  78.50   13.25   -0.67
  79.50   13.25    0.00
  80.50   13.25    0.00
  81.50   13.25    0.00
  82.50   13.25    0.00
  83.50   13.25    0.00
  84.50   13.25    0.00
  85.50   13.25    0.00
  65.50   13.75    0.00
  66.50   13.75    0.00
  67.50   13.75    0.00
  68.50   13.75    0.00
  69.50   13.75    0.00
  70.50   13.75    0.00
  71.50   13.75    0.00
  72.50   13.75    0.00
  73.50   13.75    0.00
  74.50   13.75    0.00
  75.50   13.75    0.00
  76.50   13.75    0.00
  77.50   13.75    0.00
  78.50   13.75    0.00
  79.50   13.75    0.00
  80.50   13.75    0.00
  81.50   13.75    0.00
  82.50   13.75    0.00
  83.50   13.75    0.00
  84.50   13.75    0.00
  85.50   13.75    0.00
  65.50   14.25    0.00
  66.50   14.25    0.00
  67.50   14.25    0.00
  68.50   14.25    0.00
  69.50   14.25    0.00
  70.50   14.25    0.00
  71.50   14.25    0.00
  72.50   14.25    0.44
  73.50   14.25    0.00
  74.50   14.25    0.00
  75.50   14.25    0.00
  76.50   14.25   -0.52
  77.50   14.25   -0.42
  78.50   14.25   -0.51
  79.50   14.25    0.00
  80.50   14.25    0.00
  81.50   14.25    0.00
  82.50   14.25    0.00
  83.50   14.25    0.00
  84.50   14.25    0.00
  85.50   14.25    0.00
  65.50   14.75    0.00
  66.50   14.75    0.00
  67.50   14.75    0.00
  68.50   14.75    0.00
  69.50   14.75    0.00
  70.50   14.75    0.00
  71.50   14.75    0.00
  72.50   14.75   -0.66
  73.50   14.75    0.00
  74.50   14.75    0.00
  75.50   14.75    0.00
  76.50   14.75    0.00
  77.50   14.75    0.00
  78.50   14.75    0.00
  79.50   14.75   -0.00
  80.50   14.75    0.00
  81.50   14.75    0.00
  82.50   14.75    0.00
  83.50   14.75    0.00
  84.50   14.75    0.00
  85.50   14.75    0.00
  65.50   15.25    0.00
  66.50   15.25    0.00
  67.50   15.25    0.00
  68.50   15.25    0.00
  69.50   15.25    0.00
  70.50   15.25    0.00
  71.50   15.25    0.00
  72.50   15.25    0.00
  73.50   15.25   -0.81
  74.50   15.25    0.00
  75.50   15.25   -1.03
  76.50   15.25    0.00
  77.50   15.25    0.00
  78.50   15.25    0.00
  79.50   15.25    0.00
  80.50   15.25    0.00
  81.50   15.25    0.00
  82.50   15.25    0.00
  83.50   15.25    0.00
  84.50   15.25    0.00
  85.50   15.25    0.00
  65.50   15.75    0.00
  66.50   15.75    0.00
  67.50   15.75    0.00
  68.50   15.75    0.00
  69.50   15.75    0.00
  70.50   15.75    0.00
  71.50   15.75    0.00
  72.50   15.75    0.00
  73.50   15.75    0.00
  74.50   15.75    0.00
  75.50   15.75    0.00
  76.50   15.75    0.00
  77.50   15.75    0.00
  78.50   15.75    0.00
  79.50   15.75    0.00
  80.50   15.75    0.00
  81.50   15.75    0.00
  82.50   15.75    0.00
  83.50   15.75    0.00
  84.50   15.75    0.00
  85.50   15.75    0.00
  65.50   16.25    0.00
  66.50   16.25    0.00
  67.50   16.25    0.00
  68.50   16.25    0.00
  69.50   16.25    0.00
  70.50   16.25    0.00
  71.50   16.25   -0.84
  72.50   16.25   -0.21
  73.50   16.25    0.00
  74.50   16.25    0.00
  75.50   16.25    0.80
  76.50   16.25    0.00
  77.50   16.25    0.00
  78.50   16.25    0.00
  79.50   16.25    0.00
  80.50   16.25    0.00
  81.50   16.25    0.00
  82.50   16.25    0.00
  83.50   16.25    0.00
  84.50   16.25    0.00
  85.50   16.25    0.00
  65.50   16.75    0.00
  66.50   16.75    0.00
  67.50   16.75    0.00
  68.50   16.75    0.00
  69.50   16.75    0.00
  70.50   16.75    0.00
  71.50   16.75    0.00
  72.50   16.75    0.00
  73.50   16.75    0.00
  74.50   16.75    0.00
  75.50   16.75    0.00
  76.50   16.75    0.00
  77.50   16.75    0.00
  78.50   16.75    0.00
  79.50   16.75    0.00
  80.50   16.75    0.00
  81.50   16.75    0.00
  82.50   16.75    0.00
  83.50   16.75    0.00
  84.50   16.75    0.00
  85.50   16.75    0.00
  65.50   17.25    0.00
  66.50   17.25    0.00
  67.50   17.25    0.00
  68.50   17.25    0.00
  69.50   17.25    0.00
  70.50   17.25    0.00
  71.50   17.25    0.27
  72.50   17.25    0.00
  73.50   17.25    0.00
  74.50   17.25    0.00
  75.50   17.25    0.00
  76.50   17.25    0.00
  77.50   17.25    0.00
  78.50   17.25    0.00
  79.50   17.25    0.00
  80.50   17.25    0.00
  81.50   17.25    0.00
  82.50   17.25    0.00
  83.50   17.25    0.00
  84.50   17.25    0.00
  85.50   17.25    0.00
  65.50   17.75    0.00
  66.50   17.75    0.00
  67.50   17.75    0.00
  68.50   17.75    0.00
  69.50   17.75    0.00
  70.50   17.75   -0.27
  71.50   17.75    0.00
  72.50   17.75    0.02
  73.50   17.75    0.00
  74.50   17.75    0.00
  75.50   17.75    0.00
  76.50   17.75    0.00
  77.50   17.75    0.00
  78.50   17.75    0.00
  79.50   17.75    0.00
  80.50   17.75    0.00
  81.50   17.75    0.00
  82.50   17.75    0.00
  83.50   17.75    0.00
  84.50   17.75    0.00
  85.50   17.75    0.00
  65.50   18.25    0.00
  66.50   18.25    0.00
  67.50   18.25    0.00
  68.50   18.25    0.00
  69.50   18.25    0.00
  70.50   18.25    0.00
  71.50   18.25    0.00
  72.50   18.25    0.00
  73.50   18.25    0.00
  74.50   18.25    0.00
  75.50   18.25    0.00
  76.50   18.25    0.00
  77.50   18.25    0.00
  78.50   18.25    0.00
  79.50   18.25    0.00
  80.50   18.25    0.00
  81.50   18.25    0.00
  82.50   18.25    0.00
  83.50   18.25    0.00
  84.50   18.25    0.00
  85.50   18.25    0.00
