  65.50    6.25    0.00
  66.50    6.25    0.00
  67.50    6.25    0.00
  68.50    6.25    0.00
  69.50    6.25    0.00
  70.50    6.25    1.24
  71.50    6.25    0.50
  72.50    6.25    0.00
  73.50    6.25    0.00
  74.50    6.25    0.10
  75.50    6.25    0.00
  76.50    6.25    0.00
  77.50    6.25   -0.66
  78.50    6.25    0.68
  79.50    6.25    0.00
  80.50    6.25    0.00
  81.50    6.25    0.00
  82.50    6.25    0.00
  83.50    6.25   -0.28
  84.50    6.25    0.00
  85.50    6.25    0.00
  65.50    6.75    0.00
  66.50    6.75    0.00
  67.50    6.75    0.00
  68.50    6.75    0.00
  69.50    6.75    0.00
  70.50    6.75    0.00
  71.50    6.75   -0.42
  72.50    6.75   -0.46
  73.50    6.75    0.00
  74.50    6.75    0.80
  75.50    6.75   -0.77
  76.50    6.75    0.35
  77.50    6.75    0.29
  78.50    6.75    0.00
  79.50    6.75    0.00
  80.50    6.75    0.00
  81.50    6.75   -0.79
  82.50    6.75    0.00
  83.50    6.75    0.00
  84.50    6.75    0.00
  85.50    6.75    0.00
  65.50    7.25    0.00
  66.50    7.25    0.00
  67.50    7.25    0.00
  68.50    7.25    0.00
  69.50    7.25    0.00
  70.50    7.25    0.00
  71.50    7.25    0.00
  72.50    7.25    0.00
  73.50    7.25   -0.67
  74.50    7.25    0.01
  75.50    7.25    0.00
  76.50    7.25   -0.38
  77.50    7.25   -0.79
  78.50    7.25    0.00
  79.50    7.25    0.54
  80.50    7.25    0.00
  81.50    7.25    0.00
  82.50    7.25    0.00
  83.50    7.25    0.00
  84.50    7.25    0.00
  85.50    7.25    0.00
  65.50    7.75    0.00
  66.50    7.75    0.00
  67.50    7.75    0.00
  68.50    7.75    0.00
  69.50    7.75    0.00
  70.50    7.75    0.00
  71.50    7.75   -0.42
  72.50    7.75    0.00
  73.50    7.75    0.00
  74.50    7.75   -0.48
  75.50    7.75    0.00
  76.50    7.75   -0.36
  77.50    7.75   -0.26
  78.50    7.75    0.69
  79.50    7.75    0.00
  80.50    7.75    0.00
  81.50    7.75    0.00
  82.50    7.75    0.00
  83.50    7.75    0.00
  84.50    7.75    0.00
  85.50    7.75    0.00
  65.50    8.25    0.00
  66.50    8.25    0.00
  67.50    8.25    0.00
  68.50    8.25    0.00
  69.50    8.25    0.00
  70.50    8.25    0.00
  71.50    8.25    0.00
  72.50    8.25    0.00
  73.50    8.25   -0.54
  74.50    8.25    0.33
  75.50    8.25   -0.26
  76.50    8.25   -0.81
  77.50    8.25   -0.13
  78.50    8.25    0.00
  79.50    8.25    0.00
  80.50    8.25    0.00
  81.50    8.25    0.00
  82.50    8.25    0.00
  83.50    8.25    0.00
  84.50    8.25    0.00
  85.50    8.25    0.00
  65.50    8.75    0.00
  66.50    8.75    0.00
  67.50    8.75    0.00
  68.50    8.75    0.00
  69.50    8.75    0.00
  70.50    8.75    0.00
  71.50    8.75    0.00
  72.50    8.75    0.81
  73.50    8.75    0.13
  74.50    8.75   -0.08
  75.50    8.75    0.20
  76.50    8.75   -0.38
  77.50    8.75   -0.34
  78.50    8.75   -0.34
  79.50    8.75    0.00
  80.50    8.75    0.00
  81.50    8.75   -0.76
  82.50    8.75    0.00
  83.50    8.75    0.00
  84.50    8.75    0.00
  85.50    8.75    0.00
  65.50    9.25    0.00
  66.50    9.25    0.00
  67.50    9.25    0.00
  68.50    9.25    0.00
  69.50    9.25    0.00
  70.50    9.25    0.00
  71.50    9.25    0.00
  72.50    9.25    0.00
  73.50    9.25   -0.18
  74.50    9.25   -0.71
  75.50    9.25   -0.52
  76.50    9.25   -0.33
  77.50    9.25   -0.00
  78.50    9.25   -0.83
  79.50    9.25    0.00
  80.50    9.25    0.00
  81.50    9.25    0.00
  82.50    9.25    0.00
  83.50    9.25    0.00
  84.50    9.25    0.00
  85.50    9.25    0.00
  65.50    9.75    0.00
  66.50    9.75    0.00
  67.50    9.75    0.00
  68.50    9.75    0.00
  69.50    9.75    0.00
  70.50    9.75    0.00
  71.50    9.75    0.00
  72.50    9.75    0.00
  73.50    9.75    0.00
  74.50    9.75   -0.61
  75.50    9.75   -0.40
  76.50    9.75   -0.35
  77.50    9.75   -0.46
  78.50    9.75    0.15
  79.50    9.75   -0.51
  80.50    9.75   -0.74
  81.50    9.75   -0.26
  82.50    9.75    0.00
  83.50    9.75    0.00
  84.50    9.75    0.00
  85.50    9.75    0.00
  65.50   10.25    0.00
  66.50   10.25    0.00
  67.50   10.25    0.00
  68.50   10.25    0.00
  69.50   10.25    0.00
  70.50   10.25    0.00
  71.50   10.25    0.00
  72.50   10.25    0.00
  73.50   10.25    0.00
  74.50   10.25   -0.49
  75.50   10.25   -0.77
  76.50   10.25   -0.36
  77.50   10.25   -0.52
  78.50   10.25   -0.72
  79.50   10.25    0.06
  80.50   10.25   -0.50
  81.50   10.25    0.00
  82.50   10.25    0.00
  83.50   10.25    0.00
  84.50   10.25    0.00
  85.50   10.25    0.00
  65.50   10.75    0.00
  66.50   10.75    0.00
  67.50   10.75    0.00
  68.50   10.75    0.00
  69.50   10.75    0.00
  70.50   10.75    0.00
  71.50   10.75    0.00
  72.50   10.75   -0.28
  73.50   10.75   -0.40
  74.50   10.75   -0.37
  75.50   10.75   -0.31
  76.50   10.75   -0.35
  77.50   10.75   -0.36
  78.50   10.75    0.02
  79.50   10.75   -0.27
  80.50   10.75   -0.40
  81.50   10.75   -0.47
  82.50   10.75   -0.64
  83.50   10.75    0.00
  84.50   10.75    0.00
  85.50   10.75    0.00
  65.50   11.25    0.00
  66.50   11.25    0.00
  67.50   11.25    0.00
  68.50   11.25    0.00
  69.50   11.25    0.00
  70.50   11.25    0.00
  71.50   11.25    0.00
  72.50   11.25    0.00
  73.50   11.25   -0.27
  74.50   11.25   -0.48
  75.50   11.25   -0.46
  76.50   11.25   -0.37
  77.50   11.25   -0.32
  78.50   11.25   -0.22
  79.50   11.25   -0.63
  80.50   11.25    0.00
  81.50   11.25    0.00
  82.50   11.25    0.00
  83.50   11.25    0.00
  84.50   11.25    0.00
  85.50   11.25    0.00
  65.50   11.75    0.00
  66.50   11.75    0.00
  67.50   11.75    0.00
  68.50   11.75    0.00
  69.50   11.75    0.00
  70.50   11.75    0.00
  71.50   11.75    0.00
  72.50   11.75    0.00
  73.50   11.75   -0.41
  74.50   11.75   -0.20
  75.50   11.75   -0.34
  76.50   11.75   -0.44
  77.50   11.75   -0.31
  78.50   11.75   -0.38
  79.50   11.75   -0.35
  80.50   11.75    0.16
  81.50   11.75    0.00
  82.50   11.75    0.00
  83.50   11.75    0.00
  84.50   11.75    0.00
  85.50   11.75    0.00
  65.50   12.25    0.00
  66.50   12.25    0.00
  67.50   12.25    0.00
  68.50   12.25    0.00
  69.50   12.25    0.00
  70.50   12.25    0.00
  71.50   12.25    0.00
  72.50   12.25    0.00
  73.50   12.25   -0.92
  74.50   12.25   -0.29
  75.50   12.25   -0.20
  76.50   12.25   -0.73
  77.50   12.25   -0.64
  78.50   12.25   -0.79
  79.50   12.25    0.00
  80.50   12.25   -0.24
  81.50   12.25    0.00
  82.50   12.25    0.00
  83.50   12.25    0.00
  84.50   12.25    0.00
  85.50   12.25    0.00
  65.50   12.75    0.00
  66.50   12.75    0.00
  67.50   12.75    0.00
  68.50   12.75    0.00
  69.50   12.75    0.00
  70.50   12.75    0.00
  71.50   12.75    0.00
  72.50   12.75    0.00
  73.50   12.75    0.00
  74.50   12.75    0.00
  75.50   12.75   -0.82
  76.50   12.75   -0.55
  77.50   12.75   -0.59
  78.50   12.75   -0.45
  79.50   12.75   -0.59
  80.50   12.75   -0.73
  81.50   12.75    0.00
  82.50   12.75    0.00
  83.50   12.75    0.00
  84.50   12.75    0.00
  85.50   12.75    0.00
  65.50   13.25    0.00
  66.50   13.25    0.00
  67.50   13.25    0.00
  68.50   13.25    0.00
  69.50   13.25    0.00
  70.50   13.25    0.00
  71.50   13.25    0.00
  72.50   13.25    0.00
  73.50   13.25   -0.49
  74.50   13.25    0.00
  75.50   13.25   -0.58
  76.50   13.25   -0.63
  77.50   13.25    0.00
  78.50   13.25   -0.10
  79.50   13.25   -0.78
  80.50   13.25    0.00
  81.50   13.25    0.00
  82.50   13.25    0.00
  83.50   13.25    0.00
  84.50   13.25    0.00
  85.50   13.25    0.00
  65.50   13.75    0.00
  66.50   13.75    0.00
  67.50   13.75    0.00
  68.50   13.75    0.00
  69.50   13.75    0.00
  70.50   13.75    0.00
  71.50   13.75    0.00
  72.50   13.75    0.00
  73.50   13.75    0.00
  74.50   13.75   -0.74
  75.50   13.75   -0.44
  76.50   13.75   -0.48
  77.50   13.75   -0.76
  78.50   13.75    0.00
  79.50   13.75    0.00
  80.50   13.75    0.00
  81.50   13.75    0.00
  82.50   13.75    0.00
  83.50   13.75    0.00
  84.50   13.75    0.00
  85.50   13.75    0.00
  65.50   14.25    0.00
  66.50   14.25    0.00
  67.50   14.25    0.00
  68.50   14.25    0.00
  69.50   14.25    0.00
  70.50   14.25    0.00
  71.50   14.25    0.00
  72.50   14.25    0.00
  73.50   14.25   -0.20
  74.50   14.25   -0.57
  75.50   14.25   -0.70
  76.50   14.25   -0.52
  77.50   14.25    0.00
  78.50   14.25    0.00
  79.50   14.25    0.00
  80.50   14.25    0.00
  81.50   14.25    0.00
  82.50   14.25    0.00
  83.50   14.25    0.00
  84.50   14.25    0.00
  85.50   14.25    0.00
  65.50   14.75    0.00
  66.50   14.75    0.00
  67.50   14.75    0.00
  68.50   14.75    0.00
  69.50   14.75    0.00
  70.50   14.75    0.00
  71.50   14.75    0.00
  72.50   14.75   -0.14
  73.50   14.75    0.00
  74.50   14.75   -0.74
  75.50   14.75    0.00
  76.50   14.75    0.00
  77.50   14.75    0.00
  78.50   14.75   -0.23
  79.50   14.75    0.00
  80.50   14.75    0.00
  81.50   14.75    0.00
  82.50   14.75    0.00
  83.50   14.75    0.00
  84.50   14.75    0.00
  85.50   14.75    0.00
  65.50   15.25    0.00
  66.50   15.25    0.00
  67.50   15.25    0.00
  68.50   15.25    0.00
  69.50   15.25    0.00
  70.50   15.25    0.00
  71.50   15.25    0.00
  72.50   15.25    0.00
  73.50   15.25    0.00
  74.50   15.25   -0.68
  75.50   15.25    0.00
  76.50   15.25    0.00
  77.50   15.25   -0.97
  78.50   15.25    0.00
  79.50   15.25    0.00
  80.50   15.25    0.00
  81.50   15.25    0.00
  82.50   15.25    0.00
  83.50   15.25    0.00
  84.50   15.25    0.00
  85.50   15.25    0.00
  65.50   15.75    0.00
  66.50   15.75    0.00
  67.50   15.75    0.00
  68.50   15.75    0.00
  69.50   15.75    0.00
  70.50   15.75    0.00
  71.50   15.75    0.00
  72.50   15.75   -0.37
  73.50   15.75   -0.25
  74.50   15.75   -0.96
  75.50   15.75   -0.19
  76.50   15.75   -0.01
  77.50   15.75   -0.29
  78.50   15.75   -0.53
  79.50   15.75   -0.10
  80.50   15.75    0.00
  81.50   15.75    0.00
  82.50   15.75    0.00
  83.50   15.75    0.00
  84.50   15.75    0.00
  85.50   15.75    0.00
  65.50   16.25    0.00
  66.50   16.25    0.00
  67.50   16.25    0.00
  68.50   16.25    0.00
  69.50   16.25    0.00
  70.50   16.25    0.00
  71.50   16.25    0.00
  72.50   16.25   -0.35
  73.50   16.25   -0.13
  74.50   16.25    0.00
  75.50   16.25    0.05
  76.50   16.25   -0.74
  77.50   16.25   -0.82
  78.50   16.25    0.00
  79.50   16.25    0.00
  80.50   16.25    0.00
  81.50   16.25    0.00
  82.50   16.25    0.00
  83.50   16.25    0.00
  84.50   16.25    0.00
  85.50   16.25    0.00
  65.50   16.75    0.00
  66.50   16.75    0.00
  67.50   16.75    0.00
  68.50   16.75    0.00
  69.50   16.75   -0.02
  70.50   16.75    0.00
  71.50   16.75    0.00
  72.50   16.75    0.00
  73.50   16.75    0.00
  74.50   16.75   -0.80
  75.50   16.75   -0.74
  76.50   16.75   -0.34
  77.50   16.75   -0.36
  78.50   16.75   -0.53
  79.50   16.75   -0.76
  80.50   16.75    0.00
  81.50   16.75    0.00
  82.50   16.75    0.00
  83.50   16.75    0.00
  84.50   16.75    0.00
  85.50   16.75    0.00
  65.50   17.25    0.00
  66.50   17.25    0.00
  67.50   17.25    0.00
  68.50   17.25    0.00
  69.50   17.25    0.00
  70.50   17.25   -0.73
  71.50   17.25   -0.71
  72.50   17.25    0.00
  73.50   17.25   -0.52
  74.50   17.25   -0.48
  75.50   17.25   -0.67
  76.50   17.25    0.06
  77.50   17.25   -0.36
  78.50   17.25   -0.19
  79.50   17.25   -0.40
  80.50   17.25    0.00
  81.50   17.25    0.00
  82.50   17.25    0.00
  83.50   17.25    0.00
  84.50   17.25    0.00
  85.50   17.25    0.00
  65.50   17.75    0.00
  66.50   17.75    0.00
  67.50   17.75    0.00
  68.50   17.75   -0.63
  69.50   17.75    0.00
  70.50   17.75    0.00
  71.50   17.75    0.23
  72.50   17.75    0.00
  73.50   17.75   -0.29
  74.50   17.75   -0.43
  75.50   17.75   -0.92
  76.50   17.75   -0.30
  77.50   17.75   -0.33
  78.50   17.75   -0.38
  79.50   17.75   -0.67
  80.50   17.75    0.00
  81.50   17.75    0.00
  82.50   17.75    0.00
  83.50   17.75    0.00
  84.50   17.75    0.00
  85.50   17.75    0.00
  65.50   18.25    0.00
  66.50   18.25    0.00
  67.50   18.25    0.00
  68.50   18.25    0.00
  69.50   18.25    0.00
  70.50   18.25    0.00
  71.50   18.25    0.00
  72.50   18.25    0.00
  73.50   18.25    0.00
  74.50   18.25    0.00
  75.50   18.25    0.00
  76.50   18.25    0.00
  77.50   18.25    0.00
  78.50   18.25    0.00
  79.50   18.25    0.00
  80.50   18.25    0.00
  81.50   18.25    0.00
  82.50   18.25    0.00
  83.50   18.25    0.00
  84.50   18.25    0.00
  85.50   18.25    0.00
