  65.50    6.25    0.00
  66.50    6.25    0.00
  67.50    6.25    0.00
  68.50    6.25    0.00
  69.50    6.25    0.00
  70.50    6.25 3164.34
  71.50    6.25  499.35
  72.50    6.25  620.40
  73.50    6.25    0.00
  74.50    6.25    0.00
  75.50    6.25    0.00
  76.50    6.25 2105.66
  77.50    6.25    0.00
  78.50    6.25    0.00
  79.50    6.25    0.00
  80.50    6.25    0.00
  81.50    6.25    0.00
  82.50    6.25    0.00
  83.50    6.25    0.00
  84.50    6.25    0.00
  85.50    6.25    0.00
  65.50    6.75    0.00
  66.50    6.75    0.00
  67.50    6.75    0.00
  68.50    6.75    0.00
  69.50    6.75    0.00
  70.50    6.75    0.00
  71.50    6.75    0.00
  72.50    6.75    0.00
  73.50    6.75 1146.02
  74.50    6.75 1310.01
  75.50    6.75 1677.57
  76.50    6.75  826.26
  77.50    6.75 8345.12
  78.50    6.75    0.00
  79.50    6.75    0.00
  80.50    6.75    0.00
  81.50    6.75    0.00
  82.50    6.75    0.00
  83.50    6.75    0.00
  84.50    6.75    0.00
  85.50    6.75    0.00
  65.50    7.25    0.00
  66.50    7.25    0.00
  67.50    7.25    0.00
  68.50    7.25    0.00
  69.50    7.25    0.00
  70.50    7.25    0.00
  71.50    7.25    0.00
  72.50    7.25    0.00
  73.50    7.25 *******
  74.50    7.25  868.15
  75.50    7.25 1678.78
  76.50    7.25 2307.37
  77.50    7.25    0.00
  78.50    7.25    0.00
  79.50    7.25    0.00
  80.50    7.25    0.00
  81.50    7.25    0.00
  82.50    7.25    0.00
  83.50    7.25    0.00
  84.50    7.25    0.00
  85.50    7.25    0.00
  65.50    7.75    0.00
  66.50    7.75    0.00
  67.50    7.75    0.00
  68.50    7.75    0.00
  69.50    7.75    0.00
  70.50    7.75    0.00
  71.50    7.75    0.00
  72.50    7.75    0.00
  73.50    7.75    0.00
  74.50    7.75    0.00
  75.50    7.75    0.00
  76.50    7.75    0.00
  77.50    7.75    0.00
  78.50    7.75    0.00
  79.50    7.75    0.00
  80.50    7.75    0.00
  81.50    7.75    0.00
  82.50    7.75    0.00
  83.50    7.75    0.00
  84.50    7.75    0.00
  85.50    7.75    0.00
  65.50    8.25    0.00
  66.50    8.25    0.00
  67.50    8.25    0.00
  68.50    8.25    0.00
  69.50    8.25    0.00
  70.50    8.25    0.00
  71.50    8.25  771.85
  72.50    8.25  952.39
  73.50    8.25  630.17
  74.50    8.25  711.30
  75.50    8.25  251.15
  76.50    8.25 1272.69
  77.50    8.25    0.00
  78.50    8.25    0.00
  79.50    8.25    0.00
  80.50    8.25    0.00
  81.50    8.25    0.00
  82.50    8.25    0.00
  83.50    8.25    0.00
  84.50    8.25    0.00
  85.50    8.25    0.00
  65.50    8.75    0.00
  66.50    8.75    0.00
  67.50    8.75    0.00
  68.50    8.75    0.00
  69.50    8.75    0.00
  70.50    8.75    0.00
  71.50    8.75 5190.48
  72.50    8.75 1446.11
  73.50    8.75 1466.27
  74.50    8.75  739.07
  75.50    8.75 *******
  76.50    8.75    0.00
  77.50    8.75    0.00
  78.50    8.75    0.00
  79.50    8.75    0.00
  80.50    8.75    0.00
  81.50    8.75    0.00
  82.50    8.75    0.00
  83.50    8.75    0.00
  84.50    8.75    0.00
  85.50    8.75    0.00
  65.50    9.25    0.00
  66.50    9.25    0.00
  67.50    9.25    0.00
  68.50    9.25    0.00
  69.50    9.25    0.00
  70.50    9.25    0.00
  71.50    9.25    0.00
  72.50    9.25    0.00
  73.50    9.25 5015.82
  74.50    9.25    0.00
  75.50    9.25  696.24
  76.50    9.25 9389.38
  77.50    9.25    0.00
  78.50    9.25    0.00
  79.50    9.25    0.00
  80.50    9.25    0.00
  81.50    9.25    0.00
  82.50    9.25    0.00
  83.50    9.25    0.00
  84.50    9.25    0.00
  85.50    9.25    0.00
  65.50    9.75    0.00
  66.50    9.75    0.00
  67.50    9.75    0.00
  68.50    9.75    0.00
  69.50    9.75    0.00
  70.50    9.75    0.00
  71.50    9.75    0.00
  72.50    9.75    0.00
  73.50    9.75 1058.62
  74.50    9.75 2812.60
  75.50    9.75 2761.81
  76.50    9.75 1333.49
  77.50    9.75    0.00
  78.50    9.75    0.00
  79.50    9.75    0.00
  80.50    9.75    0.00
  81.50    9.75    0.00
  82.50    9.75    0.00
  83.50    9.75    0.00
  84.50    9.75    0.00
  85.50    9.75    0.00
  65.50   10.25    0.00
  66.50   10.25    0.00
  67.50   10.25    0.00
  68.50   10.25    0.00
  69.50   10.25    0.00
  70.50   10.25    0.00
  71.50   10.25    0.00
  72.50   10.25 1266.10
  73.50   10.25  897.02
  74.50   10.25 1283.46
  75.50   10.25  565.02
  76.50   10.25 1554.06
  77.50   10.25  594.47
  78.50   10.25  317.72
  79.50   10.25  664.67
  80.50   10.25    0.00
  81.50   10.25    0.00
  82.50   10.25    0.00
  83.50   10.25    0.00
  84.50   10.25    0.00
  85.50   10.25    0.00
  65.50   10.75    0.00
  66.50   10.75    0.00
  67.50   10.75    0.00
  68.50   10.75    0.00
  69.50   10.75    0.00
  70.50   10.75    0.00
  71.50   10.75    0.00
  72.50   10.75 4426.92
  73.50   10.75 1687.08
  74.50   10.75  227.07
  75.50   10.75  190.11
  76.50   10.75  683.54
  77.50   10.75  182.98
  78.50   10.75  440.73
  79.50   10.75 1392.36
  80.50   10.75    0.00
  81.50   10.75    0.00
  82.50   10.75    0.00
  83.50   10.75    0.00
  84.50   10.75    0.00
  85.50   10.75    0.00
  65.50   11.25    0.00
  66.50   11.25    0.00
  67.50   11.25    0.00
  68.50   11.25    0.00
  69.50   11.25    0.00
  70.50   11.25    0.00
  71.50   11.25    0.00
  72.50   11.25    0.00
  73.50   11.25 1460.63
  74.50   11.25  271.12
  75.50   11.25  282.76
  76.50   11.25    0.00
  77.50   11.25    0.00
  78.50   11.25    0.00
  79.50   11.25 1653.44
  80.50   11.25    0.00
  81.50   11.25    0.00
  82.50   11.25    0.00
  83.50   11.25    0.00
  84.50   11.25    0.00
  85.50   11.25    0.00
  65.50   11.75    0.00
  66.50   11.75    0.00
  67.50   11.75    0.00
  68.50   11.75    0.00
  69.50   11.75    0.00
  70.50   11.75    0.00
  71.50   11.75    0.00
  72.50   11.75    0.00
  73.50   11.75  549.54
  74.50   11.75 1729.29
  75.50   11.75   98.82
  76.50   11.75 1625.71
  77.50   11.75 3041.49
  78.50   11.75  637.87
  79.50   11.75  582.71
  80.50   11.75    0.00
  81.50   11.75    0.00
  82.50   11.75    0.00
  83.50   11.75    0.00
  84.50   11.75    0.00
  85.50   11.75    0.00
  65.50   12.25    0.00
  66.50   12.25    0.00
  67.50   12.25    0.00
  68.50   12.25    0.00
  69.50   12.25    0.00
  70.50   12.25    0.00
  71.50   12.25    0.00
  72.50   12.25    0.00
  73.50   12.25  479.34
  74.50   12.25    0.00
  75.50   12.25    0.00
  76.50   12.25  325.09
  77.50   12.25  392.96
  78.50   12.25  845.74
  79.50   12.25 1012.41
  80.50   12.25  335.57
  81.50   12.25    0.00
  82.50   12.25    0.00
  83.50   12.25    0.00
  84.50   12.25    0.00
  85.50   12.25    0.00
  65.50   12.75    0.00
  66.50   12.75    0.00
  67.50   12.75    0.00
  68.50   12.75    0.00
  69.50   12.75    0.00
  70.50   12.75    0.00
  71.50   12.75    0.00
  72.50   12.75    0.00
  73.50   12.75 1173.56
  74.50   12.75 4933.34
  75.50   12.75  704.29
  76.50   12.75  626.99
  77.50   12.75  370.01
  78.50   12.75  674.38
  79.50   12.75    0.00
  80.50   12.75    0.00
  81.50   12.75    0.00
  82.50   12.75    0.00
  83.50   12.75    0.00
  84.50   12.75    0.00
  85.50   12.75    0.00
  65.50   13.25    0.00
  66.50   13.25    0.00
  67.50   13.25    0.00
  68.50   13.25    0.00
  69.50   13.25    0.00
  70.50   13.25    0.00
  71.50   13.25    0.00
  72.50   13.25    0.00
  73.50   13.25 1637.57
  74.50   13.25  470.01
  75.50   13.25  749.37
  76.50   13.25 1198.09
  77.50   13.25    0.00
  78.50   13.25 2791.64
  79.50   13.25    0.00
  80.50   13.25    0.00
  81.50   13.25    0.00
  82.50   13.25    0.00
  83.50   13.25    0.00
  84.50   13.25    0.00
  85.50   13.25    0.00
  65.50   13.75    0.00
  66.50   13.75    0.00
  67.50   13.75    0.00
  68.50   13.75    0.00
  69.50   13.75    0.00
  70.50   13.75    0.00
  71.50   13.75    0.00
  72.50   13.75    0.00
  73.50   13.75    0.00
  74.50   13.75    0.00
  75.50   13.75    0.00
  76.50   13.75    0.00
  77.50   13.75    0.00
  78.50   13.75    0.00
  79.50   13.75    0.00
  80.50   13.75    0.00
  81.50   13.75    0.00
  82.50   13.75    0.00
  83.50   13.75    0.00
  84.50   13.75    0.00
  85.50   13.75    0.00
  65.50   14.25    0.00
  66.50   14.25    0.00
  67.50   14.25    0.00
  68.50   14.25    0.00
  69.50   14.25    0.00
  70.50   14.25    0.00
  71.50   14.25    0.00
  72.50   14.25 *******
  73.50   14.25    0.00
  74.50   14.25    0.00
  75.50   14.25    0.00
  76.50   14.25 1272.80
  77.50   14.25  392.53
  78.50   14.25 1096.15
  79.50   14.25    0.00
  80.50   14.25    0.00
  81.50   14.25    0.00
  82.50   14.25    0.00
  83.50   14.25    0.00
  84.50   14.25    0.00
  85.50   14.25    0.00
  65.50   14.75    0.00
  66.50   14.75    0.00
  67.50   14.75    0.00
  68.50   14.75    0.00
  69.50   14.75    0.00
  70.50   14.75    0.00
  71.50   14.75    0.00
  72.50   14.75 *******
  73.50   14.75    0.00
  74.50   14.75    0.00
  75.50   14.75    0.00
  76.50   14.75    0.00
  77.50   14.75    0.00
  78.50   14.75    0.00
  79.50   14.75 2642.16
  80.50   14.75    0.00
  81.50   14.75    0.00
  82.50   14.75    0.00
  83.50   14.75    0.00
  84.50   14.75    0.00
  85.50   14.75    0.00
  65.50   15.25    0.00
  66.50   15.25    0.00
  67.50   15.25    0.00
  68.50   15.25    0.00
  69.50   15.25    0.00
  70.50   15.25    0.00
  71.50   15.25    0.00
  72.50   15.25    0.00
  73.50   15.25  378.59
  74.50   15.25    0.00
  75.50   15.25 1663.55
  76.50   15.25    0.00
  77.50   15.25    0.00
  78.50   15.25    0.00
  79.50   15.25    0.00
  80.50   15.25    0.00
  81.50   15.25    0.00
  82.50   15.25    0.00
  83.50   15.25    0.00
  84.50   15.25    0.00
  85.50   15.25    0.00
  65.50   15.75    0.00
  66.50   15.75    0.00
  67.50   15.75    0.00
  68.50   15.75    0.00
  69.50   15.75    0.00
  70.50   15.75    0.00
  71.50   15.75    0.00
  72.50   15.75    0.00
  73.50   15.75    0.00
  74.50   15.75    0.00
  75.50   15.75    0.00
  76.50   15.75    0.00
  77.50   15.75    0.00
  78.50   15.75    0.00
  79.50   15.75    0.00
  80.50   15.75    0.00
  81.50   15.75    0.00
  82.50   15.75    0.00
  83.50   15.75    0.00
  84.50   15.75    0.00
  85.50   15.75    0.00
  65.50   16.25    0.00
  66.50   16.25    0.00
  67.50   16.25    0.00
  68.50   16.25    0.00
  69.50   16.25    0.00
  70.50   16.25    0.00
  71.50   16.25 8048.77
  72.50   16.25 6847.37
  73.50   16.25    0.00
  74.50   16.25    0.00
  75.50   16.25  440.51
  76.50   16.25    0.00
  77.50   16.25    0.00
  78.50   16.25    0.00
  79.50   16.25    0.00
  80.50   16.25    0.00
  81.50   16.25    0.00
  82.50   16.25    0.00
  83.50   16.25    0.00
  84.50   16.25    0.00
  85.50   16.25    0.00
  65.50   16.75    0.00
  66.50   16.75    0.00
  67.50   16.75    0.00
  68.50   16.75    0.00
  69.50   16.75    0.00
  70.50   16.75    0.00
  71.50   16.75    0.00
  72.50   16.75    0.00
  73.50   16.75    0.00
  74.50   16.75    0.00
  75.50   16.75    0.00
  76.50   16.75    0.00
  77.50   16.75    0.00
  78.50   16.75    0.00
  79.50   16.75    0.00
  80.50   16.75    0.00
  81.50   16.75    0.00
  82.50   16.75    0.00
  83.50   16.75    0.00
  84.50   16.75    0.00
  85.50   16.75    0.00
  65.50   17.25    0.00
  66.50   17.25    0.00
  67.50   17.25    0.00
  68.50   17.25    0.00
  69.50   17.25    0.00
  70.50   17.25    0.00
  71.50   17.25 *******
  72.50   17.25    0.00
  73.50   17.25    0.00
  74.50   17.25    0.00
  75.50   17.25    0.00
  76.50   17.25    0.00
  77.50   17.25    0.00
  78.50   17.25    0.00
  79.50   17.25    0.00
  80.50   17.25    0.00
  81.50   17.25    0.00
  82.50   17.25    0.00
  83.50   17.25    0.00
  84.50   17.25    0.00
  85.50   17.25    0.00
  65.50   17.75    0.00
  66.50   17.75    0.00
  67.50   17.75    0.00
  68.50   17.75    0.00
  69.50   17.75    0.00
  70.50   17.75 1643.06
  71.50   17.75    0.00
  72.50   17.75 *******
  73.50   17.75    0.00
  74.50   17.75    0.00
  75.50   17.75    0.00
  76.50   17.75    0.00
  77.50   17.75    0.00
  78.50   17.75    0.00
  79.50   17.75    0.00
  80.50   17.75    0.00
  81.50   17.75    0.00
  82.50   17.75    0.00
  83.50   17.75    0.00
  84.50   17.75    0.00
  85.50   17.75    0.00
  65.50   18.25    0.00
  66.50   18.25    0.00
  67.50   18.25    0.00
  68.50   18.25    0.00
  69.50   18.25    0.00
  70.50   18.25    0.00
  71.50   18.25    0.00
  72.50   18.25    0.00
  73.50   18.25    0.00
  74.50   18.25    0.00
  75.50   18.25    0.00
  76.50   18.25    0.00
  77.50   18.25    0.00
  78.50   18.25    0.00
  79.50   18.25    0.00
  80.50   18.25    0.00
  81.50   18.25    0.00
  82.50   18.25    0.00
  83.50   18.25    0.00
  84.50   18.25    0.00
  85.50   18.25    0.00
