  65.50    6.25    0.00
  66.50    6.25    0.00
  67.50    6.25    0.00
  68.50    6.25    0.00
  69.50    6.25    0.00
  70.50    6.25    0.00
  71.50    6.25   -0.95
  72.50    6.25    0.28
  73.50    6.25   -0.65
  74.50    6.25   -0.30
  75.50    6.25    0.37
  76.50    6.25    0.00
  77.50    6.25   -1.18
  78.50    6.25   -0.60
  79.50    6.25    0.00
  80.50    6.25   -0.41
  81.50    6.25   -0.56
  82.50    6.25   -0.43
  83.50    6.25    0.00
  84.50    6.25    0.00
  85.50    6.25    0.00
  65.50    6.75    0.00
  66.50    6.75    0.00
  67.50    6.75    0.00
  68.50    6.75    0.00
  69.50    6.75    0.00
  70.50    6.75    0.00
  71.50    6.75   -0.30
  72.50    6.75   -0.74
  73.50    6.75   -0.47
  74.50    6.75   -0.19
  75.50    6.75   -0.63
  76.50    6.75    0.69
  77.50    6.75   -0.60
  78.50    6.75   -0.26
  79.50    6.75    0.00
  80.50    6.75    0.00
  81.50    6.75    0.00
  82.50    6.75    0.00
  83.50    6.75    0.00
  84.50    6.75    0.00
  85.50    6.75    0.00
  65.50    7.25    0.00
  66.50    7.25    0.00
  67.50    7.25    0.00
  68.50    7.25    0.00
  69.50    7.25    0.00
  70.50    7.25    0.00
  71.50    7.25    0.00
  72.50    7.25    0.00
  73.50    7.25    0.00
  74.50    7.25   -0.46
  75.50    7.25   -0.52
  76.50    7.25   -0.21
  77.50    7.25    0.00
  78.50    7.25   -0.33
  79.50    7.25   -0.61
  80.50    7.25    0.00
  81.50    7.25    0.00
  82.50    7.25    0.00
  83.50    7.25    0.00
  84.50    7.25    0.00
  85.50    7.25    0.00
  65.50    7.75    0.00
  66.50    7.75    0.00
  67.50    7.75    0.00
  68.50    7.75    0.00
  69.50    7.75    0.00
  70.50    7.75    0.00
  71.50    7.75   -0.28
  72.50    7.75    0.00
  73.50    7.75   -0.49
  74.50    7.75   -0.95
  75.50    7.75   -0.24
  76.50    7.75   -0.44
  77.50    7.75   -0.46
  78.50    7.75   -0.24
  79.50    7.75   -0.73
  80.50    7.75   -0.60
  81.50    7.75   -0.89
  82.50    7.75    0.00
  83.50    7.75    0.00
  84.50    7.75    0.00
  85.50    7.75    0.00
  65.50    8.25    0.00
  66.50    8.25    0.00
  67.50    8.25    0.00
  68.50    8.25    0.00
  69.50    8.25    0.00
  70.50    8.25    0.00
  71.50    8.25    0.00
  72.50    8.25    0.19
  73.50    8.25   -0.36
  74.50    8.25   -0.45
  75.50    8.25   -0.08
  76.50    8.25   -0.24
  77.50    8.25   -0.25
  78.50    8.25   -0.52
  79.50    8.25    0.00
  80.50    8.25    0.00
  81.50    8.25   -1.08
  82.50    8.25    0.00
  83.50    8.25    0.00
  84.50    8.25    0.00
  85.50    8.25    0.00
  65.50    8.75    0.00
  66.50    8.75    0.00
  67.50    8.75    0.00
  68.50    8.75    0.00
  69.50    8.75    0.00
  70.50    8.75    0.00
  71.50    8.75   -0.21
  72.50    8.75   -0.06
  73.50    8.75   -0.67
  74.50    8.75   -0.50
  75.50    8.75   -0.37
  76.50    8.75   -0.42
  77.50    8.75   -0.18
  78.50    8.75   -0.76
  79.50    8.75   -0.39
  80.50    8.75    0.00
  81.50    8.75    0.00
  82.50    8.75    0.00
  83.50    8.75    0.00
  84.50    8.75    0.00
  85.50    8.75    0.00
  65.50    9.25    0.00
  66.50    9.25    0.00
  67.50    9.25    0.00
  68.50    9.25    0.00
  69.50    9.25    0.00
  70.50    9.25    0.00
  71.50    9.25    0.00
  72.50    9.25   -0.42
  73.50    9.25   -0.26
  74.50    9.25   -0.42
  75.50    9.25   -0.82
  76.50    9.25   -0.48
  77.50    9.25   -0.47
  78.50    9.25   -0.44
  79.50    9.25   -0.55
  80.50    9.25   -0.60
  81.50    9.25    0.00
  82.50    9.25    0.00
  83.50    9.25    0.00
  84.50    9.25    0.00
  85.50    9.25    0.00
  65.50    9.75    0.00
  66.50    9.75    0.00
  67.50    9.75    0.00
  68.50    9.75    0.00
  69.50    9.75    0.00
  70.50    9.75    0.00
  71.50    9.75    0.00
  72.50    9.75   -0.77
  73.50    9.75   -0.64
  74.50    9.75   -0.21
  75.50    9.75   -0.47
  76.50    9.75   -0.46
  77.50    9.75   -0.56
  78.50    9.75   -0.30
  79.50    9.75   -1.02
  80.50    9.75    0.00
  81.50    9.75    0.00
  82.50    9.75    0.00
  83.50    9.75    0.00
  84.50    9.75    0.00
  85.50    9.75    0.00
  65.50   10.25    0.00
  66.50   10.25    0.00
  67.50   10.25    0.00
  68.50   10.25    0.00
  69.50   10.25    0.00
  70.50   10.25    0.00
  71.50   10.25    0.00
  72.50   10.25   -0.38
  73.50   10.25   -0.59
  74.50   10.25   -0.55
  75.50   10.25   -0.45
  76.50   10.25   -0.23
  77.50   10.25   -0.77
  78.50   10.25    0.00
  79.50   10.25   -0.80
  80.50   10.25   -0.74
  81.50   10.25    0.00
  82.50   10.25    0.00
  83.50   10.25    0.00
  84.50   10.25    0.00
  85.50   10.25    0.00
  65.50   10.75    0.00
  66.50   10.75    0.00
  67.50   10.75    0.00
  68.50   10.75    0.00
  69.50   10.75    0.00
  70.50   10.75    0.00
  71.50   10.75    0.00
  72.50   10.75   -0.51
  73.50   10.75   -0.43
  74.50   10.75   -0.28
  75.50   10.75   -0.50
  76.50   10.75   -0.52
  77.50   10.75   -0.30
  78.50   10.75   -0.22
  79.50   10.75    0.00
  80.50   10.75    0.00
  81.50   10.75    0.00
  82.50   10.75    0.00
  83.50   10.75    0.00
  84.50   10.75    0.00
  85.50   10.75    0.00
  65.50   11.25    0.00
  66.50   11.25    0.00
  67.50   11.25    0.00
  68.50   11.25    0.00
  69.50   11.25    0.00
  70.50   11.25    0.00
  71.50   11.25    0.00
  72.50   11.25    0.00
  73.50   11.25   -0.50
  74.50   11.25   -0.31
  75.50   11.25   -0.48
  76.50   11.25    0.00
  77.50   11.25   -0.48
  78.50   11.25    0.50
  79.50   11.25    0.00
  80.50   11.25   -0.72
  81.50   11.25    0.00
  82.50   11.25   -0.55
  83.50   11.25   -0.56
  84.50   11.25    0.00
  85.50   11.25    0.00
  65.50   11.75    0.00
  66.50   11.75    0.00
  67.50   11.75    0.00
  68.50   11.75    0.00
  69.50   11.75    0.00
  70.50   11.75    0.00
  71.50   11.75    0.00
  72.50   11.75    0.00
  73.50   11.75   -0.89
  74.50   11.75   -0.51
  75.50   11.75   -0.58
  76.50   11.75    0.00
  77.50   11.75   -0.74
  78.50   11.75   -0.38
  79.50   11.75    0.00
  80.50   11.75   -0.75
  81.50   11.75   -0.68
  82.50   11.75    0.00
  83.50   11.75    0.00
  84.50   11.75    0.00
  85.50   11.75    0.00
  65.50   12.25    0.00
  66.50   12.25    0.00
  67.50   12.25    0.00
  68.50   12.25    0.00
  69.50   12.25    0.00
  70.50   12.25    0.00
  71.50   12.25    0.00
  72.50   12.25    0.00
  73.50   12.25   -0.66
  74.50   12.25   -0.52
  75.50   12.25   -0.80
  76.50   12.25   -0.68
  77.50   12.25   -0.52
  78.50   12.25   -0.94
  79.50   12.25   -0.77
  80.50   12.25   -0.57
  81.50   12.25    0.00
  82.50   12.25    0.06
  83.50   12.25    0.00
  84.50   12.25    0.00
  85.50   12.25    0.00
  65.50   12.75    0.00
  66.50   12.75    0.00
  67.50   12.75    0.00
  68.50   12.75    0.00
  69.50   12.75    0.00
  70.50   12.75    0.00
  71.50   12.75    0.00
  72.50   12.75    0.00
  73.50   12.75    0.00
  74.50   12.75   -0.06
  75.50   12.75    0.11
  76.50   12.75    0.07
  77.50   12.75   -0.25
  78.50   12.75   -0.58
  79.50   12.75   -0.50
  80.50   12.75   -0.62
  81.50   12.75   -0.52
  82.50   12.75    0.00
  83.50   12.75    0.00
  84.50   12.75    0.00
  85.50   12.75    0.00
  65.50   13.25    0.00
  66.50   13.25    0.00
  67.50   13.25    0.00
  68.50   13.25    0.00
  69.50   13.25    0.00
  70.50   13.25    0.00
  71.50   13.25    0.00
  72.50   13.25    0.00
  73.50   13.25    0.00
  74.50   13.25   -0.93
  75.50   13.25    0.00
  76.50   13.25   -0.28
  77.50   13.25   -0.50
  78.50   13.25   -0.54
  79.50   13.25   -0.58
  80.50   13.25   -0.45
  81.50   13.25    0.04
  82.50   13.25    0.00
  83.50   13.25    0.00
  84.50   13.25    0.00
  85.50   13.25    0.00
  65.50   13.75    0.00
  66.50   13.75    0.00
  67.50   13.75    0.00
  68.50   13.75    0.00
  69.50   13.75    0.00
  70.50   13.75    0.00
  71.50   13.75    0.00
  72.50   13.75    0.00
  73.50   13.75    0.00
  74.50   13.75    0.00
  75.50   13.75   -0.31
  76.50   13.75   -0.56
  77.50   13.75   -0.50
  78.50   13.75   -0.26
  79.50   13.75   -0.57
  80.50   13.75   -0.29
  81.50   13.75    0.00
  82.50   13.75   -0.70
  83.50   13.75    0.00
  84.50   13.75    0.00
  85.50   13.75    0.00
  65.50   14.25    0.00
  66.50   14.25    0.00
  67.50   14.25    0.00
  68.50   14.25    0.00
  69.50   14.25    0.00
  70.50   14.25    0.00
  71.50   14.25    0.00
  72.50   14.25    0.00
  73.50   14.25   -0.57
  74.50   14.25   -0.23
  75.50   14.25   -0.54
  76.50   14.25   -0.42
  77.50   14.25    0.00
  78.50   14.25    0.00
  79.50   14.25    0.00
  80.50   14.25    0.00
  81.50   14.25   -0.43
  82.50   14.25    0.00
  83.50   14.25    0.00
  84.50   14.25    0.00
  85.50   14.25    0.00
  65.50   14.75    0.00
  66.50   14.75    0.00
  67.50   14.75    0.00
  68.50   14.75    0.00
  69.50   14.75    0.00
  70.50   14.75    0.00
  71.50   14.75    0.00
  72.50   14.75   -0.48
  73.50   14.75   -0.41
  74.50   14.75   -0.38
  75.50   14.75   -0.14
  76.50   14.75   -0.29
  77.50   14.75   -0.46
  78.50   14.75    0.00
  79.50   14.75   -0.94
  80.50   14.75    0.00
  81.50   14.75    0.00
  82.50   14.75    0.00
  83.50   14.75    0.00
  84.50   14.75    0.00
  85.50   14.75    0.00
  65.50   15.25    0.00
  66.50   15.25    0.00
  67.50   15.25    0.00
  68.50   15.25    0.00
  69.50   15.25    0.00
  70.50   15.25    0.00
  71.50   15.25    0.00
  72.50   15.25    0.00
  73.50   15.25    0.00
  74.50   15.25   -0.09
  75.50   15.25    0.00
  76.50   15.25   -0.82
  77.50   15.25   -0.60
  78.50   15.25   -0.47
  79.50   15.25   -0.73
  80.50   15.25   -0.66
  81.50   15.25    0.00
  82.50   15.25    0.00
  83.50   15.25    0.00
  84.50   15.25    0.00
  85.50   15.25    0.00
  65.50   15.75    0.00
  66.50   15.75    0.00
  67.50   15.75    0.00
  68.50   15.75    0.00
  69.50   15.75    0.00
  70.50   15.75    0.00
  71.50   15.75   -0.84
  72.50   15.75   -0.00
  73.50   15.75   -0.23
  74.50   15.75    0.02
  75.50   15.75    0.00
  76.50   15.75    0.00
  77.50   15.75    0.00
  78.50   15.75    0.00
  79.50   15.75    0.00
  80.50   15.75    0.00
  81.50   15.75    0.00
  82.50   15.75    0.00
  83.50   15.75    0.00
  84.50   15.75    0.00
  85.50   15.75    0.00
  65.50   16.25    0.00
  66.50   16.25    0.00
  67.50   16.25    0.00
  68.50   16.25    0.00
  69.50   16.25    0.00
  70.50   16.25    0.00
  71.50   16.25    0.00
  72.50   16.25    0.00
  73.50   16.25    0.00
  74.50   16.25   -0.56
  75.50   16.25    0.00
  76.50   16.25    0.00
  77.50   16.25   -0.26
  78.50   16.25    0.00
  79.50   16.25   -0.76
  80.50   16.25    0.00
  81.50   16.25    0.00
  82.50   16.25    0.00
  83.50   16.25    0.00
  84.50   16.25    0.00
  85.50   16.25    0.00
  65.50   16.75    0.00
  66.50   16.75    0.00
  67.50   16.75    0.00
  68.50   16.75    0.00
  69.50   16.75    0.00
  70.50   16.75    0.00
  71.50   16.75    0.00
  72.50   16.75   -0.12
  73.50   16.75   -0.32
  74.50   16.75   -0.24
  75.50   16.75    0.00
  76.50   16.75    0.00
  77.50   16.75    0.00
  78.50   16.75    0.00
  79.50   16.75   -0.70
  80.50   16.75   -0.87
  81.50   16.75   -0.55
  82.50   16.75   -0.32
  83.50   16.75    0.00
  84.50   16.75    0.00
  85.50   16.75    0.00
  65.50   17.25    0.00
  66.50   17.25    0.00
  67.50   17.25    0.00
  68.50   17.25    0.00
  69.50   17.25   -0.45
  70.50   17.25   -0.51
  71.50   17.25   -0.31
  72.50   17.25    0.00
  73.50   17.25    0.00
  74.50   17.25    0.00
  75.50   17.25   -0.70
  76.50   17.25    0.00
  77.50   17.25    0.00
  78.50   17.25    0.00
  79.50   17.25    0.00
  80.50   17.25    0.00
  81.50   17.25    0.00
  82.50   17.25    0.00
  83.50   17.25    0.00
  84.50   17.25    0.00
  85.50   17.25    0.00
  65.50   17.75    0.00
  66.50   17.75    0.00
  67.50   17.75    0.00
  68.50   17.75    0.00
  69.50   17.75    0.00
  70.50   17.75   -0.38
  71.50   17.75   -0.17
  72.50   17.75   -0.28
  73.50   17.75   -0.51
  74.50   17.75   -0.38
  75.50   17.75    0.00
  76.50   17.75    0.50
  77.50   17.75    0.00
  78.50   17.75    0.00
  79.50   17.75    0.00
  80.50   17.75    0.00
  81.50   17.75    0.00
  82.50   17.75    0.00
  83.50   17.75    0.00
  84.50   17.75    0.00
  85.50   17.75    0.00
  65.50   18.25    0.00
  66.50   18.25    0.00
  67.50   18.25    0.00
  68.50   18.25    0.00
  69.50   18.25    0.00
  70.50   18.25    0.00
  71.50   18.25    0.00
  72.50   18.25    0.00
  73.50   18.25    0.00
  74.50   18.25    0.00
  75.50   18.25    0.00
  76.50   18.25    0.00
  77.50   18.25    0.00
  78.50   18.25    0.00
  79.50   18.25    0.00
  80.50   18.25    0.00
  81.50   18.25    0.00
  82.50   18.25    0.00
  83.50   18.25    0.00
  84.50   18.25    0.00
  85.50   18.25    0.00
