  65.50    6.25  255.00
  66.50    6.25  255.00
  67.50    6.25  255.00
  68.50    6.25  255.00
  69.50    6.25  255.00
  70.50    6.25  255.00
  71.50    6.25  255.00
  72.50    6.25  255.00
  73.50    6.25    0.00
  74.50    6.25    0.00
  75.50    6.25    0.00
  76.50    6.25  255.00
  77.50    6.25  255.00
  78.50    6.25  255.00
  79.50    6.25  255.00
  80.50    6.25  255.00
  81.50    6.25  255.00
  82.50    6.25  255.00
  83.50    6.25  255.00
  84.50    6.25  255.00
  85.50    6.25  255.00
  65.50    6.75  255.00
  66.50    6.75  255.00
  67.50    6.75  255.00
  68.50    6.75  255.00
  69.50    6.75  255.00
  70.50    6.75  255.00
  71.50    6.75  255.00
  72.50    6.75    0.00
  73.50    6.75    0.00
  74.50    6.75  255.00
  75.50    6.75  255.00
  76.50    6.75    0.00
  77.50    6.75    0.00
  78.50    6.75    0.00
  79.50    6.75  255.00
  80.50    6.75  255.00
  81.50    6.75    0.00
  82.50    6.75  255.00
  83.50    6.75  255.00
  84.50    6.75  255.00
  85.50    6.75  255.00
  65.50    7.25  255.00
  66.50    7.25  255.00
  67.50    7.25  255.00
  68.50    7.25  255.00
  69.50    7.25  255.00
  70.50    7.25  255.00
  71.50    7.25  255.00
  72.50    7.25  255.00
  73.50    7.25  255.00
  74.50    7.25    0.00
  75.50    7.25    0.00
  76.50    7.25    0.00
  77.50    7.25    0.00
  78.50    7.25    0.00
  79.50    7.25    0.00
  80.50    7.25    0.00
  81.50    7.25    0.00
  82.50    7.25  255.00
  83.50    7.25  255.00
  84.50    7.25  255.00
  85.50    7.25  255.00
  65.50    7.75  255.00
  66.50    7.75  255.00
  67.50    7.75  255.00
  68.50    7.75  255.00
  69.50    7.75  255.00
  70.50    7.75  255.00
  71.50    7.75    0.00
  72.50    7.75    0.00
  73.50    7.75    0.00
  74.50    7.75    0.00
  75.50    7.75    0.00
  76.50    7.75    0.00
  77.50    7.75    0.00
  78.50    7.75    0.00
  79.50    7.75    0.00
  80.50    7.75    0.00
  81.50    7.75    0.00
  82.50    7.75  255.00
  83.50    7.75  255.00
  84.50    7.75  255.00
  85.50    7.75  255.00
  65.50    8.25  255.00
  66.50    8.25  255.00
  67.50    8.25  255.00
  68.50    8.25  255.00
  69.50    8.25  255.00
  70.50    8.25  255.00
  71.50    8.25  255.00
  72.50    8.25  255.00
  73.50    8.25  255.00
  74.50    8.25  255.00
  75.50    8.25  255.00
  76.50    8.25  255.00
  77.50    8.25    0.00
  78.50    8.25    0.00
  79.50    8.25    0.00
  80.50    8.25    0.00
  81.50    8.25  255.00
  82.50    8.25    0.00
  83.50    8.25  255.00
  84.50    8.25  255.00
  85.50    8.25  255.00
  65.50    8.75  255.00
  66.50    8.75  255.00
  67.50    8.75  255.00
  68.50    8.75  255.00
  69.50    8.75  255.00
  70.50    8.75  255.00
  71.50    8.75  255.00
  72.50    8.75  255.00
  73.50    8.75    0.00
  74.50    8.75    0.00
  75.50    8.75    0.00
  76.50    8.75    0.00
  77.50    8.75    0.00
  78.50    8.75    0.00
  79.50    8.75    0.00
  80.50    8.75    0.00
  81.50    8.75    0.00
  82.50    8.75  255.00
  83.50    8.75  255.00
  84.50    8.75  255.00
  85.50    8.75  255.00
  65.50    9.25  255.00
  66.50    9.25  255.00
  67.50    9.25  255.00
  68.50    9.25  255.00
  69.50    9.25  255.00
  70.50    9.25  255.00
  71.50    9.25  255.00
  72.50    9.25    0.00
  73.50    9.25    0.00
  74.50    9.25    0.00
  75.50    9.25    0.00
  76.50    9.25    0.00
  77.50    9.25    0.00
  78.50    9.25    0.00
  79.50    9.25    0.00
  80.50    9.25    0.00
  81.50    9.25    0.00
  82.50    9.25    0.00
  83.50    9.25    0.00
  84.50    9.25    0.00
  85.50    9.25  255.00
  65.50    9.75  255.00
  66.50    9.75  255.00
  67.50    9.75  255.00
  68.50    9.75  255.00
  69.50    9.75  255.00
  70.50    9.75  255.00
  71.50    9.75  255.00
  72.50    9.75  255.00
  73.50    9.75  255.00
  74.50    9.75    0.00
  75.50    9.75    0.00
  76.50    9.75    0.00
  77.50    9.75  255.00
  78.50    9.75    0.00
  79.50    9.75    0.00
  80.50    9.75    0.00
  81.50    9.75    0.00
  82.50    9.75  255.00
  83.50    9.75  255.00
  84.50    9.75    0.00
  85.50    9.75  255.00
  65.50   10.25  255.00
  66.50   10.25  255.00
  67.50   10.25  255.00
  68.50   10.25  255.00
  69.50   10.25  255.00
  70.50   10.25  255.00
  71.50   10.25  255.00
  72.50   10.25  255.00
  73.50   10.25  255.00
  74.50   10.25    0.00
  75.50   10.25    0.00
  76.50   10.25    0.00
  77.50   10.25    0.00
  78.50   10.25    0.00
  79.50   10.25    0.00
  80.50   10.25  255.00
  81.50   10.25    0.00
  82.50   10.25  255.00
  83.50   10.25    0.00
  84.50   10.25    0.00
  85.50   10.25  255.00
  65.50   10.75  255.00
  66.50   10.75  255.00
  67.50   10.75  255.00
  68.50   10.75  255.00
  69.50   10.75  255.00
  70.50   10.75  255.00
  71.50   10.75  255.00
  72.50   10.75  255.00
  73.50   10.75  255.00
  74.50   10.75    0.00
  75.50   10.75    0.00
  76.50   10.75    0.00
  77.50   10.75    0.00
  78.50   10.75    0.00
  79.50   10.75    0.00
  80.50   10.75  255.00
  81.50   10.75    0.00
  82.50   10.75  255.00
  83.50   10.75    0.00
  84.50   10.75  255.00
  85.50   10.75  255.00
  65.50   11.25  255.00
  66.50   11.25  255.00
  67.50   11.25  255.00
  68.50   11.25  255.00
  69.50   11.25  255.00
  70.50   11.25  255.00
  71.50   11.25  255.00
  72.50   11.25  255.00
  73.50   11.25  255.00
  74.50   11.25  255.00
  75.50   11.25    0.00
  76.50   11.25    0.00
  77.50   11.25    0.00
  78.50   11.25    0.00
  79.50   11.25  255.00
  80.50   11.25  255.00
  81.50   11.25    0.00
  82.50   11.25    0.00
  83.50   11.25    0.00
  84.50   11.25  255.00
  85.50   11.25  255.00
  65.50   11.75  255.00
  66.50   11.75  255.00
  67.50   11.75  255.00
  68.50   11.75  255.00
  69.50   11.75  255.00
  70.50   11.75  255.00
  71.50   11.75  255.00
  72.50   11.75  255.00
  73.50   11.75  255.00
  74.50   11.75  255.00
  75.50   11.75    0.00
  76.50   11.75    0.00
  77.50   11.75    0.00
  78.50   11.75    0.00
  79.50   11.75  255.00
  80.50   11.75    0.00
  81.50   11.75    0.00
  82.50   11.75    0.00
  83.50   11.75    0.00
  84.50   11.75    0.00
  85.50   11.75  255.00
  65.50   12.25  255.00
  66.50   12.25  255.00
  67.50   12.25  255.00
  68.50   12.25  255.00
  69.50   12.25  255.00
  70.50   12.25  255.00
  71.50   12.25  255.00
  72.50   12.25  255.00
  73.50   12.25  255.00
  74.50   12.25  255.00
  75.50   12.25    0.00
  76.50   12.25    0.00
  77.50   12.25    0.00
  78.50   12.25    0.00
  79.50   12.25    0.00
  80.50   12.25    0.00
  81.50   12.25    0.00
  82.50   12.25  255.00
  83.50   12.25    0.00
  84.50   12.25  255.00
  85.50   12.25  255.00
  65.50   12.75  255.00
  66.50   12.75  255.00
  67.50   12.75  255.00
  68.50   12.75  255.00
  69.50   12.75  255.00
  70.50   12.75  255.00
  71.50   12.75  255.00
  72.50   12.75  255.00
  73.50   12.75  255.00
  74.50   12.75  255.00
  75.50   12.75  255.00
  76.50   12.75    0.00
  77.50   12.75    0.00
  78.50   12.75    0.00
  79.50   12.75    0.00
  80.50   12.75    0.00
  81.50   12.75    0.00
  82.50   12.75    0.00
  83.50   12.75    0.00
  84.50   12.75  255.00
  85.50   12.75  255.00
  65.50   13.25  255.00
  66.50   13.25  255.00
  67.50   13.25  255.00
  68.50   13.25  255.00
  69.50   13.25  255.00
  70.50   13.25  255.00
  71.50   13.25  255.00
  72.50   13.25  255.00
  73.50   13.25  255.00
  74.50   13.25  255.00
  75.50   13.25    0.00
  76.50   13.25    0.00
  77.50   13.25    0.00
  78.50   13.25    0.00
  79.50   13.25    0.00
  80.50   13.25  255.00
  81.50   13.25    0.00
  82.50   13.25  255.00
  83.50   13.25  255.00
  84.50   13.25  255.00
  85.50   13.25  255.00
  65.50   13.75  255.00
  66.50   13.75  255.00
  67.50   13.75  255.00
  68.50   13.75  255.00
  69.50   13.75  255.00
  70.50   13.75  255.00
  71.50   13.75  255.00
  72.50   13.75  255.00
  73.50   13.75    0.00
  74.50   13.75    0.00
  75.50   13.75  255.00
  76.50   13.75    0.00
  77.50   13.75  255.00
  78.50   13.75    0.00
  79.50   13.75    0.00
  80.50   13.75  255.00
  81.50   13.75  255.00
  82.50   13.75  255.00
  83.50   13.75    0.00
  84.50   13.75  255.00
  85.50   13.75  255.00
  65.50   14.25  255.00
  66.50   14.25  255.00
  67.50   14.25  255.00
  68.50   14.25  255.00
  69.50   14.25  255.00
  70.50   14.25  255.00
  71.50   14.25  255.00
  72.50   14.25  255.00
  73.50   14.25    0.00
  74.50   14.25    0.00
  75.50   14.25  255.00
  76.50   14.25    0.00
  77.50   14.25    0.00
  78.50   14.25  255.00
  79.50   14.25  255.00
  80.50   14.25  255.00
  81.50   14.25  255.00
  82.50   14.25  255.00
  83.50   14.25  255.00
  84.50   14.25  255.00
  85.50   14.25  255.00
  65.50   14.75  255.00
  66.50   14.75  255.00
  67.50   14.75  255.00
  68.50   14.75  255.00
  69.50   14.75  255.00
  70.50   14.75  255.00
  71.50   14.75  255.00
  72.50   14.75    0.00
  73.50   14.75    0.00
  74.50   14.75    0.00
  75.50   14.75    0.00
  76.50   14.75    0.00
  77.50   14.75    0.00
  78.50   14.75  255.00
  79.50   14.75    0.00
  80.50   14.75  255.00
  81.50   14.75  255.00
  82.50   14.75  255.00
  83.50   14.75  255.00
  84.50   14.75    0.00
  85.50   14.75  255.00
  65.50   15.25  255.00
  66.50   15.25  255.00
  67.50   15.25  255.00
  68.50   15.25  255.00
  69.50   15.25  255.00
  70.50   15.25  255.00
  71.50   15.25  255.00
  72.50   15.25  255.00
  73.50   15.25  255.00
  74.50   15.25  255.00
  75.50   15.25    0.00
  76.50   15.25  255.00
  77.50   15.25    0.00
  78.50   15.25    0.00
  79.50   15.25    0.00
  80.50   15.25    0.00
  81.50   15.25  255.00
  82.50   15.25    0.00
  83.50   15.25  255.00
  84.50   15.25  255.00
  85.50   15.25  255.00
  65.50   15.75  255.00
  66.50   15.75  255.00
  67.50   15.75  255.00
  68.50   15.75  255.00
  69.50   15.75  255.00
  70.50   15.75  255.00
  71.50   15.75  255.00
  72.50   15.75  255.00
  73.50   15.75  255.00
  74.50   15.75  255.00
  75.50   15.75    0.00
  76.50   15.75    0.00
  77.50   15.75    0.00
  78.50   15.75    0.00
  79.50   15.75    0.00
  80.50   15.75    0.00
  81.50   15.75  255.00
  82.50   15.75  255.00
  83.50   15.75  255.00
  84.50   15.75  255.00
  85.50   15.75  255.00
  65.50   16.25  255.00
  66.50   16.25  255.00
  67.50   16.25  255.00
  68.50   16.25  255.00
  69.50   16.25  255.00
  70.50   16.25  255.00
  71.50   16.25  255.00
  72.50   16.25    0.00
  73.50   16.25  255.00
  74.50   16.25  255.00
  75.50   16.25  255.00
  76.50   16.25    0.00
  77.50   16.25    0.00
  78.50   16.25    0.00
  79.50   16.25    0.00
  80.50   16.25    0.00
  81.50   16.25    0.00
  82.50   16.25    0.00
  83.50   16.25  255.00
  84.50   16.25  255.00
  85.50   16.25  255.00
  65.50   16.75  255.00
  66.50   16.75  255.00
  67.50   16.75  255.00
  68.50   16.75  255.00
  69.50   16.75  255.00
  70.50   16.75  255.00
  71.50   16.75  255.00
  72.50   16.75  255.00
  73.50   16.75  255.00
  74.50   16.75  255.00
  75.50   16.75    0.00
  76.50   16.75    0.00
  77.50   16.75    0.00
  78.50   16.75    0.00
  79.50   16.75  255.00
  80.50   16.75  255.00
  81.50   16.75  255.00
  82.50   16.75  255.00
  83.50   16.75  255.00
  84.50   16.75    0.00
  85.50   16.75  255.00
  65.50   17.25  255.00
  66.50   17.25  255.00
  67.50   17.25  255.00
  68.50   17.25  255.00
  69.50   17.25  255.00
  70.50   17.25  255.00
  71.50   17.25    0.00
  72.50   17.25  255.00
  73.50   17.25    0.00
  74.50   17.25    0.00
  75.50   17.25    0.00
  76.50   17.25    0.00
  77.50   17.25    0.00
  78.50   17.25    0.00
  79.50   17.25    0.00
  80.50   17.25  255.00
  81.50   17.25    0.00
  82.50   17.25    0.00
  83.50   17.25    0.00
  84.50   17.25  255.00
  85.50   17.25  255.00
  65.50   17.75  255.00
  66.50   17.75  255.00
  67.50   17.75  255.00
  68.50   17.75  255.00
  69.50   17.75  255.00
  70.50   17.75  255.00
  71.50   17.75    0.00
  72.50   17.75    0.00
  73.50   17.75    0.00
  74.50   17.75    0.00
  75.50   17.75    0.00
  76.50   17.75    0.00
  77.50   17.75    0.00
  78.50   17.75    0.00
  79.50   17.75  255.00
  80.50   17.75    0.00
  81.50   17.75    0.00
  82.50   17.75    0.00
  83.50   17.75  255.00
  84.50   17.75  255.00
  85.50   17.75  255.00
  65.50   18.25  255.00
  66.50   18.25  255.00
  67.50   18.25  255.00
  68.50   18.25  255.00
  69.50   18.25  255.00
  70.50   18.25  255.00
  71.50   18.25  255.00
  72.50   18.25  255.00
  73.50   18.25  255.00
  74.50   18.25  255.00
  75.50   18.25  255.00
  76.50   18.25  255.00
  77.50   18.25  255.00
  78.50   18.25  255.00
  79.50   18.25  255.00
  80.50   18.25  255.00
  81.50   18.25  255.00
  82.50   18.25  255.00
  83.50   18.25  255.00
  84.50   18.25  255.00
  85.50   18.25  255.00
