  65.50    6.25    0.00
  66.50    6.25    0.00
  67.50    6.25    0.00
  68.50    6.25    0.00
  69.50    6.25    0.00
  70.50    6.25    0.00
  71.50    6.25    0.00
  72.50    6.25    0.00
  73.50    6.25    2.00
  74.50    6.25    4.00
  75.50    6.25    1.00
  76.50    6.25    0.00
  77.50    6.25    0.00
  78.50    6.25    0.00
  79.50    6.25    0.00
  80.50    6.25    0.00
  81.50    6.25    0.00
  82.50    6.25    0.00
  83.50    6.25    0.00
  84.50    6.25    0.00
  85.50    6.25    0.00
  65.50    6.75    0.00
  66.50    6.75    0.00
  67.50    6.75    0.00
  68.50    6.75    0.00
  69.50    6.75    0.00
  70.50    6.75    0.00
  71.50    6.75    0.00
  72.50    6.75    1.00
  73.50    6.75    3.00
  74.50    6.75    0.00
  75.50    6.75    0.00
  76.50    6.75    1.00
  77.50    6.75    5.00
  78.50    6.75    3.00
  79.50    6.75    0.00
  80.50    6.75    0.00
  81.50    6.75    2.00
  82.50    6.75    0.00
  83.50    6.75    0.00
  84.50    6.75    0.00
  85.50    6.75    0.00
  65.50    7.25    0.00
  66.50    7.25    0.00
  67.50    7.25    0.00
  68.50    7.25    0.00
  69.50    7.25    0.00
  70.50    7.25    0.00
  71.50    7.25    0.00
  72.50    7.25    0.00
  73.50    7.25    0.00
  74.50    7.25    3.00
  75.50    7.25    6.00
  76.50    7.25    5.00
  77.50    7.25    4.00
  78.50    7.25   10.00
  79.50    7.25   18.00
  80.50    7.25   23.00
  81.50    7.25    8.00
  82.50    7.25    0.00
  83.50    7.25    0.00
  84.50    7.25    0.00
  85.50    7.25    0.00
  65.50    7.75    0.00
  66.50    7.75    0.00
  67.50    7.75    0.00
  68.50    7.75    0.00
  69.50    7.75    0.00
  70.50    7.75    0.00
  71.50    7.75    1.00
  72.50    7.75    7.00
  73.50    7.75    5.00
  74.50    7.75    3.00
  75.50    7.75    1.00
  76.50    7.75    1.00
  77.50    7.75    9.00
  78.50    7.75   29.00
  79.50    7.75   14.00
  80.50    7.75    6.00
  81.50    7.75    6.00
  82.50    7.75    0.00
  83.50    7.75    0.00
  84.50    7.75    0.00
  85.50    7.75    0.00
  65.50    8.25    0.00
  66.50    8.25    0.00
  67.50    8.25    0.00
  68.50    8.25    0.00
  69.50    8.25    0.00
  70.50    8.25    0.00
  71.50    8.25    0.00
  72.50    8.25    0.00
  73.50    8.25    0.00
  74.50    8.25    0.00
  75.50    8.25    0.00
  76.50    8.25    0.00
  77.50    8.25    1.00
  78.50    8.25   10.00
  79.50    8.25   40.00
  80.50    8.25    1.00
  81.50    8.25    0.00
  82.50    8.25    3.00
  83.50    8.25    0.00
  84.50    8.25    0.00
  85.50    8.25    0.00
  65.50    8.75    0.00
  66.50    8.75    0.00
  67.50    8.75    0.00
  68.50    8.75    0.00
  69.50    8.75    0.00
  70.50    8.75    0.00
  71.50    8.75    0.00
  72.50    8.75    0.00
  73.50    8.75   64.00
  74.50    8.75   62.00
  75.50    8.75   74.00
  76.50    8.75   33.00
  77.50    8.75    7.00
  78.50    8.75   14.00
  79.50    8.75    3.00
  80.50    8.75   10.00
  81.50    8.75    2.00
  82.50    8.75    0.00
  83.50    8.75    0.00
  84.50    8.75    0.00
  85.50    8.75    0.00
  65.50    9.25    0.00
  66.50    9.25    0.00
  67.50    9.25    0.00
  68.50    9.25    0.00
  69.50    9.25    0.00
  70.50    9.25    0.00
  71.50    9.25    0.00
  72.50    9.25    1.00
  73.50    9.25   13.00
  74.50    9.25   25.00
  75.50    9.25   40.00
  76.50    9.25   18.00
  77.50    9.25   34.00
  78.50    9.25   25.00
  79.50    9.25   12.00
  80.50    9.25    5.00
  81.50    9.25   12.00
  82.50    9.25    1.00
  83.50    9.25    1.00
  84.50    9.25    6.00
  85.50    9.25    0.00
  65.50    9.75    0.00
  66.50    9.75    0.00
  67.50    9.75    0.00
  68.50    9.75    0.00
  69.50    9.75    0.00
  70.50    9.75    0.00
  71.50    9.75    0.00
  72.50    9.75    0.00
  73.50    9.75    0.00
  74.50    9.75   95.00
  75.50    9.75   34.00
  76.50    9.75   30.00
  77.50    9.75    0.00
  78.50    9.75    4.00
  79.50    9.75   11.00
  80.50    9.75    6.00
  81.50    9.75   20.00
  82.50    9.75    0.00
  83.50    9.75    0.00
  84.50    9.75   17.00
  85.50    9.75    0.00
  65.50   10.25    0.00
  66.50   10.25    0.00
  67.50   10.25    0.00
  68.50   10.25    0.00
  69.50   10.25    0.00
  70.50   10.25    0.00
  71.50   10.25    0.00
  72.50   10.25    0.00
  73.50   10.25    0.00
  74.50   10.25    3.00
  75.50   10.25   22.00
  76.50   10.25   41.00
  77.50   10.25   23.00
  78.50   10.25    5.00
  79.50   10.25    2.00
  80.50   10.25    0.00
  81.50   10.25    4.00
  82.50   10.25    0.00
  83.50   10.25    5.00
  84.50   10.25    4.00
  85.50   10.25    0.00
  65.50   10.75    0.00
  66.50   10.75    0.00
  67.50   10.75    0.00
  68.50   10.75    0.00
  69.50   10.75    0.00
  70.50   10.75    0.00
  71.50   10.75    0.00
  72.50   10.75    0.00
  73.50   10.75    0.00
  74.50   10.75    4.00
  75.50   10.75   45.00
  76.50   10.75    3.00
  77.50   10.75   24.00
  78.50   10.75   17.00
  79.50   10.75   13.00
  80.50   10.75    0.00
  81.50   10.75    2.00
  82.50   10.75    0.00
  83.50   10.75   42.00
  84.50   10.75    0.00
  85.50   10.75    0.00
  65.50   11.25    0.00
  66.50   11.25    0.00
  67.50   11.25    0.00
  68.50   11.25    0.00
  69.50   11.25    0.00
  70.50   11.25    0.00
  71.50   11.25    0.00
  72.50   11.25    0.00
  73.50   11.25    0.00
  74.50   11.25    0.00
  75.50   11.25   50.00
  76.50   11.25   43.00
  77.50   11.25   12.00
  78.50   11.25    7.00
  79.50   11.25    0.00
  80.50   11.25    0.00
  81.50   11.25   10.00
  82.50   11.25   20.00
  83.50   11.25    3.00
  84.50   11.25    0.00
  85.50   11.25    0.00
  65.50   11.75    0.00
  66.50   11.75    0.00
  67.50   11.75    0.00
  68.50   11.75    0.00
  69.50   11.75    0.00
  70.50   11.75    0.00
  71.50   11.75    0.00
  72.50   11.75    0.00
  73.50   11.75    0.00
  74.50   11.75    0.00
  75.50   11.75    7.00
  76.50   11.75    6.00
  77.50   11.75   76.00
  78.50   11.75   46.00
  79.50   11.75    0.00
  80.50   11.75   22.00
  81.50   11.75   32.00
  82.50   11.75    1.00
  83.50   11.75    1.00
  84.50   11.75    3.00
  85.50   11.75    0.00
  65.50   12.25    0.00
  66.50   12.25    0.00
  67.50   12.25    0.00
  68.50   12.25    0.00
  69.50   12.25    0.00
  70.50   12.25    0.00
  71.50   12.25    0.00
  72.50   12.25    0.00
  73.50   12.25    0.00
  74.50   12.25    0.00
  75.50   12.25    4.00
  76.50   12.25  114.00
  77.50   12.25   61.00
  78.50   12.25   35.00
  79.50   12.25    5.00
  80.50   12.25    6.00
  81.50   12.25    5.00
  82.50   12.25    0.00
  83.50   12.25    5.00
  84.50   12.25    0.00
  85.50   12.25    0.00
  65.50   12.75    0.00
  66.50   12.75    0.00
  67.50   12.75    0.00
  68.50   12.75    0.00
  69.50   12.75    0.00
  70.50   12.75    0.00
  71.50   12.75    0.00
  72.50   12.75    0.00
  73.50   12.75    0.00
  74.50   12.75    0.00
  75.50   12.75    0.00
  76.50   12.75    4.00
  77.50   12.75   40.00
  78.50   12.75   29.00
  79.50   12.75    6.00
  80.50   12.75    7.00
  81.50   12.75    5.00
  82.50   12.75   34.00
  83.50   12.75    4.00
  84.50   12.75    0.00
  85.50   12.75    0.00
  65.50   13.25    0.00
  66.50   13.25    0.00
  67.50   13.25    0.00
  68.50   13.25    0.00
  69.50   13.25    0.00
  70.50   13.25    0.00
  71.50   13.25    0.00
  72.50   13.25    0.00
  73.50   13.25    0.00
  74.50   13.25    0.00
  75.50   13.25   20.00
  76.50   13.25   50.00
  77.50   13.25    5.00
  78.50   13.25   15.00
  79.50   13.25   10.00
  80.50   13.25    0.00
  81.50   13.25    3.00
  82.50   13.25    0.00
  83.50   13.25    0.00
  84.50   13.25    0.00
  85.50   13.25    0.00
  65.50   13.75    0.00
  66.50   13.75    0.00
  67.50   13.75    0.00
  68.50   13.75    0.00
  69.50   13.75    0.00
  70.50   13.75    0.00
  71.50   13.75    0.00
  72.50   13.75    0.00
  73.50   13.75    5.00
  74.50   13.75   25.00
  75.50   13.75    0.00
  76.50   13.75    1.00
  77.50   13.75    0.00
  78.50   13.75    6.00
  79.50   13.75    5.00
  80.50   13.75    0.00
  81.50   13.75    0.00
  82.50   13.75    0.00
  83.50   13.75    1.00
  84.50   13.75    0.00
  85.50   13.75    0.00
  65.50   14.25    0.00
  66.50   14.25    0.00
  67.50   14.25    0.00
  68.50   14.25    0.00
  69.50   14.25    0.00
  70.50   14.25    0.00
  71.50   14.25    0.00
  72.50   14.25    0.00
  73.50   14.25    3.00
  74.50   14.25    9.00
  75.50   14.25    0.00
  76.50   14.25    1.00
  77.50   14.25    2.00
  78.50   14.25    0.00
  79.50   14.25    0.00
  80.50   14.25    0.00
  81.50   14.25    0.00
  82.50   14.25    0.00
  83.50   14.25    0.00
  84.50   14.25    0.00
  85.50   14.25    0.00
  65.50   14.75    0.00
  66.50   14.75    0.00
  67.50   14.75    0.00
  68.50   14.75    0.00
  69.50   14.75    0.00
  70.50   14.75    0.00
  71.50   14.75    0.00
  72.50   14.75   32.00
  73.50   14.75   66.00
  74.50   14.75   30.00
  75.50   14.75   36.00
  76.50   14.75   39.00
  77.50   14.75    6.00
  78.50   14.75    0.00
  79.50   14.75    1.00
  80.50   14.75    0.00
  81.50   14.75    0.00
  82.50   14.75    0.00
  83.50   14.75    0.00
  84.50   14.75    2.00
  85.50   14.75    0.00
  65.50   15.25    0.00
  66.50   15.25    0.00
  67.50   15.25    0.00
  68.50   15.25    0.00
  69.50   15.25    0.00
  70.50   15.25    0.00
  71.50   15.25    0.00
  72.50   15.25    0.00
  73.50   15.25    0.00
  74.50   15.25    0.00
  75.50   15.25    6.00
  76.50   15.25    0.00
  77.50   15.25    1.00
  78.50   15.25    6.00
  79.50   15.25    4.00
  80.50   15.25    1.00
  81.50   15.25    0.00
  82.50   15.25    1.00
  83.50   15.25    0.00
  84.50   15.25    0.00
  85.50   15.25    0.00
  65.50   15.75    0.00
  66.50   15.75    0.00
  67.50   15.75    0.00
  68.50   15.75    0.00
  69.50   15.75    0.00
  70.50   15.75    0.00
  71.50   15.75    0.00
  72.50   15.75    0.00
  73.50   15.75    0.00
  74.50   15.75    0.00
  75.50   15.75    4.00
  76.50   15.75   10.00
  77.50   15.75   25.00
  78.50   15.75    9.00
  79.50   15.75    4.00
  80.50   15.75    9.00
  81.50   15.75    0.00
  82.50   15.75    0.00
  83.50   15.75    0.00
  84.50   15.75    0.00
  85.50   15.75    0.00
  65.50   16.25    0.00
  66.50   16.25    0.00
  67.50   16.25    0.00
  68.50   16.25    0.00
  69.50   16.25    0.00
  70.50   16.25    0.00
  71.50   16.25    0.00
  72.50   16.25    1.00
  73.50   16.25    0.00
  74.50   16.25    0.00
  75.50   16.25    0.00
  76.50   16.25    1.00
  77.50   16.25    1.00
  78.50   16.25    5.00
  79.50   16.25   17.00
  80.50   16.25   28.00
  81.50   16.25   20.00
  82.50   16.25    5.00
  83.50   16.25    0.00
  84.50   16.25    0.00
  85.50   16.25    0.00
  65.50   16.75    0.00
  66.50   16.75    0.00
  67.50   16.75    0.00
  68.50   16.75    0.00
  69.50   16.75    0.00
  70.50   16.75    0.00
  71.50   16.75    0.00
  72.50   16.75    0.00
  73.50   16.75    0.00
  74.50   16.75    0.00
  75.50   16.75    8.00
  76.50   16.75    1.00
  77.50   16.75    7.00
  78.50   16.75    1.00
  79.50   16.75    0.00
  80.50   16.75    0.00
  81.50   16.75    0.00
  82.50   16.75    0.00
  83.50   16.75    0.00
  84.50   16.75    1.00
  85.50   16.75    0.00
  65.50   17.25    0.00
  66.50   17.25    0.00
  67.50   17.25    0.00
  68.50   17.25    0.00
  69.50   17.25    0.00
  70.50   17.25    0.00
  71.50   17.25    1.00
  72.50   17.25    0.00
  73.50   17.25    7.00
  74.50   17.25    5.00
  75.50   17.25    1.00
  76.50   17.25   13.00
  77.50   17.25   24.00
  78.50   17.25    1.00
  79.50   17.25    2.00
  80.50   17.25    0.00
  81.50   17.25    2.00
  82.50   17.25    2.00
  83.50   17.25    3.00
  84.50   17.25    0.00
  85.50   17.25    0.00
  65.50   17.75    0.00
  66.50   17.75    0.00
  67.50   17.75    0.00
  68.50   17.75    0.00
  69.50   17.75    0.00
  70.50   17.75    0.00
  71.50   17.75    2.00
  72.50   17.75    2.00
  73.50   17.75    6.00
  74.50   17.75    3.00
  75.50   17.75   15.00
  76.50   17.75   15.00
  77.50   17.75   18.00
  78.50   17.75   13.00
  79.50   17.75    0.00
  80.50   17.75    1.00
  81.50   17.75    4.00
  82.50   17.75    3.00
  83.50   17.75    0.00
  84.50   17.75    0.00
  85.50   17.75    0.00
  65.50   18.25    0.00
  66.50   18.25    0.00
  67.50   18.25    0.00
  68.50   18.25    0.00
  69.50   18.25    0.00
  70.50   18.25    0.00
  71.50   18.25    0.00
  72.50   18.25    0.00
  73.50   18.25    0.00
  74.50   18.25    0.00
  75.50   18.25    0.00
  76.50   18.25    0.00
  77.50   18.25    0.00
  78.50   18.25    0.00
  79.50   18.25    0.00
  80.50   18.25    0.00
  81.50   18.25    0.00
  82.50   18.25    0.00
  83.50   18.25    0.00
  84.50   18.25    0.00
  85.50   18.25    0.00
