  65.50    6.25    0.00
  66.50    6.25    0.00
  67.50    6.25    0.00
  68.50    6.25    0.00
  69.50    6.25    0.00
  70.50    6.25    0.00
  71.50    6.25    0.00
  72.50    6.25    0.00
  73.50    6.25   -0.26
  74.50    6.25   -0.16
  75.50    6.25   -0.45
  76.50    6.25    0.00
  77.50    6.25    0.00
  78.50    6.25    0.00
  79.50    6.25    0.00
  80.50    6.25    0.00
  81.50    6.25    0.00
  82.50    6.25    0.00
  83.50    6.25    0.00
  84.50    6.25    0.00
  85.50    6.25    0.00
  65.50    6.75    0.00
  66.50    6.75    0.00
  67.50    6.75    0.00
  68.50    6.75    0.00
  69.50    6.75    0.00
  70.50    6.75    0.00
  71.50    6.75    0.00
  72.50    6.75   -0.42
  73.50    6.75   -0.30
  74.50    6.75    0.00
  75.50    6.75    0.00
  76.50    6.75   -1.19
  77.50    6.75   -0.53
  78.50    6.75   -0.27
  79.50    6.75    0.00
  80.50    6.75    0.00
  81.50    6.75   -0.70
  82.50    6.75    0.00
  83.50    6.75    0.00
  84.50    6.75    0.00
  85.50    6.75    0.00
  65.50    7.25    0.00
  66.50    7.25    0.00
  67.50    7.25    0.00
  68.50    7.25    0.00
  69.50    7.25    0.00
  70.50    7.25    0.00
  71.50    7.25    0.00
  72.50    7.25    0.00
  73.50    7.25    0.00
  74.50    7.25   -0.14
  75.50    7.25   -0.38
  76.50    7.25   -0.78
  77.50    7.25   -0.72
  78.50    7.25   -0.18
  79.50    7.25   -0.21
  80.50    7.25   -0.66
  81.50    7.25   -0.16
  82.50    7.25    0.00
  83.50    7.25    0.00
  84.50    7.25    0.00
  85.50    7.25    0.00
  65.50    7.75    0.00
  66.50    7.75    0.00
  67.50    7.75    0.00
  68.50    7.75    0.00
  69.50    7.75    0.00
  70.50    7.75    0.00
  71.50    7.75   -1.05
  72.50    7.75   -0.63
  73.50    7.75   -0.43
  74.50    7.75   -0.68
  75.50    7.75   -0.79
  76.50    7.75   -0.76
  77.50    7.75   -0.14
  78.50    7.75   -0.53
  79.50    7.75   -0.12
  80.50    7.75   -0.69
  81.50    7.75   -0.56
  82.50    7.75    0.00
  83.50    7.75    0.00
  84.50    7.75    0.00
  85.50    7.75    0.00
  65.50    8.25    0.00
  66.50    8.25    0.00
  67.50    8.25    0.00
  68.50    8.25    0.00
  69.50    8.25    0.00
  70.50    8.25    0.00
  71.50    8.25    0.00
  72.50    8.25    0.00
  73.50    8.25    0.00
  74.50    8.25    0.00
  75.50    8.25    0.00
  76.50    8.25    0.00
  77.50    8.25   -0.36
  78.50    8.25   -0.01
  79.50    8.25   -0.33
  80.50    8.25   -0.22
  81.50    8.25    0.00
  82.50    8.25   -0.74
  83.50    8.25    0.00
  84.50    8.25    0.00
  85.50    8.25    0.00
  65.50    8.75    0.00
  66.50    8.75    0.00
  67.50    8.75    0.00
  68.50    8.75    0.00
  69.50    8.75    0.00
  70.50    8.75    0.00
  71.50    8.75    0.00
  72.50    8.75    0.00
  73.50    8.75   -0.33
  74.50    8.75   -0.32
  75.50    8.75   -0.31
  76.50    8.75   -0.20
  77.50    8.75   -0.59
  78.50    8.75   -0.33
  79.50    8.75   -1.09
  80.50    8.75   -0.45
  81.50    8.75   -0.67
  82.50    8.75    0.00
  83.50    8.75    0.00
  84.50    8.75    0.00
  85.50    8.75    0.00
  65.50    9.25    0.00
  66.50    9.25    0.00
  67.50    9.25    0.00
  68.50    9.25    0.00
  69.50    9.25    0.00
  70.50    9.25    0.00
  71.50    9.25    0.00
  72.50    9.25   -0.78
  73.50    9.25   -0.80
  74.50    9.25   -0.76
  75.50    9.25   -0.38
  76.50    9.25   -0.61
  77.50    9.25   -0.50
  78.50    9.25   -0.55
  79.50    9.25   -0.75
  80.50    9.25   -0.10
  81.50    9.25   -0.63
  82.50    9.25   -0.63
  83.50    9.25   -0.51
  84.50    9.25   -0.53
  85.50    9.25    0.00
  65.50    9.75    0.00
  66.50    9.75    0.00
  67.50    9.75    0.00
  68.50    9.75    0.00
  69.50    9.75    0.00
  70.50    9.75    0.00
  71.50    9.75    0.00
  72.50    9.75    0.00
  73.50    9.75    0.00
  74.50    9.75   -0.54
  75.50    9.75   -0.41
  76.50    9.75   -0.48
  77.50    9.75    0.00
  78.50    9.75    0.02
  79.50    9.75   -0.21
  80.50    9.75   -0.41
  81.50    9.75   -0.48
  82.50    9.75    0.00
  83.50    9.75    0.00
  84.50    9.75   -0.42
  85.50    9.75    0.00
  65.50   10.25    0.00
  66.50   10.25    0.00
  67.50   10.25    0.00
  68.50   10.25    0.00
  69.50   10.25    0.00
  70.50   10.25    0.00
  71.50   10.25    0.00
  72.50   10.25    0.00
  73.50   10.25    0.00
  74.50   10.25   -0.60
  75.50   10.25   -0.67
  76.50   10.25   -0.43
  77.50   10.25   -0.74
  78.50   10.25   -0.42
  79.50   10.25   -0.51
  80.50   10.25    0.00
  81.50   10.25   -0.90
  82.50   10.25    0.00
  83.50   10.25    0.06
  84.50   10.25   -0.35
  85.50   10.25    0.00
  65.50   10.75    0.00
  66.50   10.75    0.00
  67.50   10.75    0.00
  68.50   10.75    0.00
  69.50   10.75    0.00
  70.50   10.75    0.00
  71.50   10.75    0.00
  72.50   10.75    0.00
  73.50   10.75    0.00
  74.50   10.75   -0.76
  75.50   10.75   -0.83
  76.50   10.75   -0.74
  77.50   10.75   -0.65
  78.50   10.75   -0.37
  79.50   10.75   -0.49
  80.50   10.75    0.00
  81.50   10.75   -0.45
  82.50   10.75    0.00
  83.50   10.75   -0.39
  84.50   10.75    0.00
  85.50   10.75    0.00
  65.50   11.25    0.00
  66.50   11.25    0.00
  67.50   11.25    0.00
  68.50   11.25    0.00
  69.50   11.25    0.00
  70.50   11.25    0.00
  71.50   11.25    0.00
  72.50   11.25    0.00
  73.50   11.25    0.00
  74.50   11.25    0.00
  75.50   11.25   -0.62
  76.50   11.25   -0.55
  77.50   11.25   -0.59
  78.50   11.25   -0.67
  79.50   11.25    0.00
  80.50   11.25    0.00
  81.50   11.25   -0.20
  82.50   11.25   -0.63
  83.50   11.25   -0.14
  84.50   11.25    0.00
  85.50   11.25    0.00
  65.50   11.75    0.00
  66.50   11.75    0.00
  67.50   11.75    0.00
  68.50   11.75    0.00
  69.50   11.75    0.00
  70.50   11.75    0.00
  71.50   11.75    0.00
  72.50   11.75    0.00
  73.50   11.75    0.00
  74.50   11.75    0.00
  75.50   11.75   -0.68
  76.50   11.75   -0.75
  77.50   11.75   -0.01
  78.50   11.75   -0.03
  79.50   11.75    0.00
  80.50   11.75   -0.28
  81.50   11.75   -0.33
  82.50   11.75   -0.74
  83.50   11.75   -0.31
  84.50   11.75   -0.82
  85.50   11.75    0.00
  65.50   12.25    0.00
  66.50   12.25    0.00
  67.50   12.25    0.00
  68.50   12.25    0.00
  69.50   12.25    0.00
  70.50   12.25    0.00
  71.50   12.25    0.00
  72.50   12.25    0.00
  73.50   12.25    0.00
  74.50   12.25    0.00
  75.50   12.25   -0.26
  76.50   12.25   -0.17
  77.50   12.25   -0.16
  78.50   12.25   -0.67
  79.50   12.25   -0.17
  80.50   12.25   -0.31
  81.50   12.25   -0.58
  82.50   12.25    0.00
  83.50   12.25   -0.85
  84.50   12.25    0.00
  85.50   12.25    0.00
  65.50   12.75    0.00
  66.50   12.75    0.00
  67.50   12.75    0.00
  68.50   12.75    0.00
  69.50   12.75    0.00
  70.50   12.75    0.00
  71.50   12.75    0.00
  72.50   12.75    0.00
  73.50   12.75    0.00
  74.50   12.75    0.00
  75.50   12.75    0.00
  76.50   12.75   -0.26
  77.50   12.75   -0.32
  78.50   12.75   -0.44
  79.50   12.75   -0.31
  80.50   12.75   -0.46
  81.50   12.75   -0.48
  82.50   12.75   -0.53
  83.50   12.75   -0.42
  84.50   12.75    0.00
  85.50   12.75    0.00
  65.50   13.25    0.00
  66.50   13.25    0.00
  67.50   13.25    0.00
  68.50   13.25    0.00
  69.50   13.25    0.00
  70.50   13.25    0.00
  71.50   13.25    0.00
  72.50   13.25    0.00
  73.50   13.25    0.00
  74.50   13.25    0.00
  75.50   13.25   -0.36
  76.50   13.25   -0.37
  77.50   13.25   -0.48
  78.50   13.25   -0.38
  79.50   13.25   -0.72
  80.50   13.25    0.00
  81.50   13.25   -0.65
  82.50   13.25    0.00
  83.50   13.25    0.00
  84.50   13.25    0.00
  85.50   13.25    0.00
  65.50   13.75    0.00
  66.50   13.75    0.00
  67.50   13.75    0.00
  68.50   13.75    0.00
  69.50   13.75    0.00
  70.50   13.75    0.00
  71.50   13.75    0.00
  72.50   13.75    0.00
  73.50   13.75   -0.58
  74.50   13.75   -0.34
  75.50   13.75    0.00
  76.50   13.75   -0.88
  77.50   13.75    0.00
  78.50   13.75   -0.79
  79.50   13.75   -0.91
  80.50   13.75    0.00
  81.50   13.75    0.00
  82.50   13.75    0.00
  83.50   13.75   -0.92
  84.50   13.75    0.00
  85.50   13.75    0.00
  65.50   14.25    0.00
  66.50   14.25    0.00
  67.50   14.25    0.00
  68.50   14.25    0.00
  69.50   14.25    0.00
  70.50   14.25    0.00
  71.50   14.25    0.00
  72.50   14.25    0.00
  73.50   14.25   -0.83
  74.50   14.25   -0.45
  75.50   14.25    0.00
  76.50   14.25   -0.12
  77.50   14.25   -0.90
  78.50   14.25    0.00
  79.50   14.25    0.00
  80.50   14.25    0.00
  81.50   14.25    0.00
  82.50   14.25    0.00
  83.50   14.25    0.00
  84.50   14.25    0.00
  85.50   14.25    0.00
  65.50   14.75    0.00
  66.50   14.75    0.00
  67.50   14.75    0.00
  68.50   14.75    0.00
  69.50   14.75    0.00
  70.50   14.75    0.00
  71.50   14.75    0.00
  72.50   14.75   -0.36
  73.50   14.75   -0.39
  74.50   14.75   -0.50
  75.50   14.75   -0.59
  76.50   14.75   -0.53
  77.50   14.75   -0.33
  78.50   14.75    0.00
  79.50   14.75    0.85
  80.50   14.75    0.00
  81.50   14.75    0.00
  82.50   14.75    0.00
  83.50   14.75    0.00
  84.50   14.75   -0.71
  85.50   14.75    0.00
  65.50   15.25    0.00
  66.50   15.25    0.00
  67.50   15.25    0.00
  68.50   15.25    0.00
  69.50   15.25    0.00
  70.50   15.25    0.00
  71.50   15.25    0.00
  72.50   15.25    0.00
  73.50   15.25    0.00
  74.50   15.25    0.00
  75.50   15.25   -0.67
  76.50   15.25    0.00
  77.50   15.25   -0.79
  78.50   15.25   -0.22
  79.50   15.25   -0.44
  80.50   15.25   -0.86
  81.50   15.25    0.00
  82.50   15.25   -0.84
  83.50   15.25    0.00
  84.50   15.25    0.00
  85.50   15.25    0.00
  65.50   15.75    0.00
  66.50   15.75    0.00
  67.50   15.75    0.00
  68.50   15.75    0.00
  69.50   15.75    0.00
  70.50   15.75    0.00
  71.50   15.75    0.00
  72.50   15.75    0.00
  73.50   15.75    0.00
  74.50   15.75    0.00
  75.50   15.75   -0.51
  76.50   15.75   -0.44
  77.50   15.75   -0.56
  78.50   15.75   -0.90
  79.50   15.75   -0.59
  80.50   15.75   -0.73
  81.50   15.75    0.00
  82.50   15.75    0.00
  83.50   15.75    0.00
  84.50   15.75    0.00
  85.50   15.75    0.00
  65.50   16.25    0.00
  66.50   16.25    0.00
  67.50   16.25    0.00
  68.50   16.25    0.00
  69.50   16.25    0.00
  70.50   16.25    0.00
  71.50   16.25    0.00
  72.50   16.25   -0.07
  73.50   16.25    0.00
  74.50   16.25    0.00
  75.50   16.25    0.00
  76.50   16.25   -0.27
  77.50   16.25   -0.34
  78.50   16.25   -0.02
  79.50   16.25   -0.26
  80.50   16.25   -0.58
  81.50   16.25   -0.29
  82.50   16.25   -0.95
  83.50   16.25    0.00
  84.50   16.25    0.00
  85.50   16.25    0.00
  65.50   16.75    0.00
  66.50   16.75    0.00
  67.50   16.75    0.00
  68.50   16.75    0.00
  69.50   16.75    0.00
  70.50   16.75    0.00
  71.50   16.75    0.00
  72.50   16.75    0.00
  73.50   16.75    0.00
  74.50   16.75    0.00
  75.50   16.75   -0.36
  76.50   16.75   -0.77
  77.50   16.75   -0.25
  78.50   16.75   -0.32
  79.50   16.75    0.00
  80.50   16.75    0.00
  81.50   16.75    0.00
  82.50   16.75    0.00
  83.50   16.75    0.00
  84.50   16.75   -0.90
  85.50   16.75    0.00
  65.50   17.25    0.00
  66.50   17.25    0.00
  67.50   17.25    0.00
  68.50   17.25    0.00
  69.50   17.25    0.00
  70.50   17.25    0.00
  71.50   17.25   -0.58
  72.50   17.25    0.00
  73.50   17.25   -0.45
  74.50   17.25   -0.34
  75.50   17.25   -0.38
  76.50   17.25   -0.52
  77.50   17.25   -0.45
  78.50   17.25   -0.79
  79.50   17.25   -0.06
  80.50   17.25    0.00
  81.50   17.25    0.00
  82.50   17.25   -0.63
  83.50   17.25   -0.70
  84.50   17.25    0.00
  85.50   17.25    0.00
  65.50   17.75    0.00
  66.50   17.75    0.00
  67.50   17.75    0.00
  68.50   17.75    0.00
  69.50   17.75    0.00
  70.50   17.75    0.00
  71.50   17.75   -0.54
  72.50   17.75   -0.60
  73.50   17.75   -0.43
  74.50   17.75   -0.70
  75.50   17.75   -0.69
  76.50   17.75   -0.72
  77.50   17.75   -0.53
  78.50   17.75   -0.54
  79.50   17.75    0.00
  80.50   17.75   -0.76
  81.50   17.75   -0.63
  82.50   17.75   -0.69
  83.50   17.75    0.00
  84.50   17.75    0.00
  85.50   17.75    0.00
  65.50   18.25    0.00
  66.50   18.25    0.00
  67.50   18.25    0.00
  68.50   18.25    0.00
  69.50   18.25    0.00
  70.50   18.25    0.00
  71.50   18.25    0.00
  72.50   18.25    0.00
  73.50   18.25    0.00
  74.50   18.25    0.00
  75.50   18.25    0.00
  76.50   18.25    0.00
  77.50   18.25    0.00
  78.50   18.25    0.00
  79.50   18.25    0.00
  80.50   18.25    0.00
  81.50   18.25    0.00
  82.50   18.25    0.00
  83.50   18.25    0.00
  84.50   18.25    0.00
  85.50   18.25    0.00
