  74.48   10.06    1.13
  74.93   10.08    0.70
  75.01   10.08    0.10
  75.27   10.09    0.29
  75.58   10.10   -0.63
  75.60   10.10    0.33
  75.60   10.10   -0.46
  75.61   10.10   -0.02
  75.61   10.10    0.05
  75.97   10.12    0.05
  71.43    8.12    0.13
  72.63    8.10   -0.30
  72.69    8.10    0.37
  72.76    8.09   -0.75
  72.86    8.09   -0.18
  72.91    8.09    0.19
  74.93    8.43   -0.22
  76.28    8.49    0.22
  75.26   16.21    0.80
  75.24   16.22   -0.13
  79.12   10.45    0.27
  79.12   10.45    0.26
  77.22    6.62    0.53
  72.95   16.31   -0.21
  72.92   16.31   -0.26
  72.83   16.31   -0.01
  72.40   16.32   -0.23
  72.34   16.32    0.23
  72.34   16.32   -0.22
  72.34   16.32   -0.38
  72.03   16.32   -0.11
  71.91   16.32   -0.95
  71.39   16.32   -0.84
  74.13    6.74   -0.53
  74.52    6.83   -0.88
  74.56    6.84   -0.57
  74.56    6.84   -0.47
  74.59    6.85   -0.73
  74.59    6.85   -0.13
  74.59    6.85   -0.75
  74.61    6.85   -0.24
  74.61    6.85   -0.83
  74.65    6.86   -0.78
  74.72    6.88   -0.10
  74.72    6.88   -0.57
  74.77    6.89   -0.73
  74.81    6.90   -0.45
  74.83    6.90   -0.64
  74.90    6.92   -0.79
  74.90    6.92    0.10
  74.90    6.92    0.62
  74.92    6.92    0.44
  74.95    6.93    0.81
  74.99    6.94    0.64
  74.99    6.94   -0.76
  75.00    6.95   -0.45
  75.00    6.95   -0.52
  75.02    6.95   -0.29
  75.07    6.96    0.09
  75.07    6.96   -0.78
  75.09    6.97   -0.49
  75.11    6.97    0.06
  75.13    6.98   -0.40
  75.14    6.98   -0.30
  75.14    6.98   -0.35
  75.16    6.99    0.10
  75.16    6.99   -0.11
  75.16    6.99   -0.14
  75.20    7.00   -0.04
  75.21    7.00   -0.35
  75.25    7.01   -0.08
  75.28    7.02   -0.39
  75.30    7.02   -0.37
  75.30    7.02   -0.57
  75.32    7.03   -0.12
  75.35    7.04    0.15
  75.35    7.04   -0.75
  75.37    7.04   -0.84
  75.37    7.04   -0.53
  75.41    7.05   -0.64
  75.41    7.05   -0.78
  75.42    7.06   -0.75
  75.42    7.06   -0.07
  75.49    7.08   -0.51
  75.51    7.08   -0.51
  75.53    7.09   -0.46
  75.53    7.09    0.39
  75.56    7.10   -0.45
  75.56    7.10   -0.28
  75.58    7.10   -0.04
  75.58    7.10    0.09
  75.60    7.11    0.35
  75.61    7.11    1.01
  75.63    7.11    0.94
  75.63    7.11   -0.13
  75.67    7.12   -0.04
  75.72    7.14   -0.50
  75.72    7.14   -0.20
  75.77    7.15    0.63
  75.79    7.16    0.03
  75.82    7.17   -0.79
  75.82    7.17    0.12
  75.84    7.17    0.60
  75.85    7.18   -0.17
  75.85    7.18   -0.24
  75.87    7.18   -1.09
  75.90    7.19    0.71
  75.90    7.19   -0.60
  75.90    7.19   -0.44
  75.92    7.20    0.80
  75.94    7.21   -0.07
  75.94    7.21   -0.21
  75.96    7.21   -0.17
  75.96    7.21   -0.45
  75.97    7.22   -0.53
  75.97    7.22   -0.35
  75.97    7.22    0.03
  75.99    7.22   -0.37
  75.99    7.22   -0.24
  75.99    7.22   -0.26
  76.01    7.23    0.20
  76.02    7.23    0.01
  76.02    7.23   -0.59
  76.02    7.23    0.22
  76.04    7.24    0.09
  76.04    7.24    0.49
  76.06    7.24   -0.45
  76.07    7.25    0.48
  76.09    7.25   -0.72
  76.09    7.25   -0.34
  76.11    7.26   -0.06
  76.12    7.26   -0.22
  76.12    7.26    0.48
  76.12    7.26    1.02
  76.14    7.27   -0.70
  76.16    7.27   -0.49
  76.16    7.27   -0.61
  76.16    7.27   -0.08
  76.17    7.28   -1.04
  76.19    7.28    0.31
  76.19    7.28    0.31
  76.21    7.29    0.44
  76.22    7.29   -0.32
  76.22    7.29   -0.67
  76.22    7.29    0.35
  76.24    7.30   -0.46
  76.26    7.31    0.29
  76.26    7.31    0.63
  76.26    7.31   -0.66
  76.27    7.31   -1.04
  76.29    7.32    0.14
  76.29    7.32   -0.15
  76.31    7.32    0.39
  76.31    7.32   -0.29
  76.31    7.32   -0.52
  79.67   10.53   -0.98
  79.66   10.57   -0.86
  79.65   10.59   -0.61
  79.65   10.59   -0.56
  79.65   10.61   -1.14
  79.64   10.63   -0.79
  79.64   10.64   -0.41
  79.64   10.64   -0.45
  79.63   10.65   -0.36
  79.63   10.65   -1.12
  79.62   10.69   -0.81
  79.61   10.71   -1.03
  79.61   10.71   -0.92
  79.61   10.71   -0.22
  79.61   10.71   -0.36
  79.61   10.72   -0.34
  79.61   10.72   -0.51
  79.61   10.72   -0.12
  79.61   10.72    0.25
  79.60   10.73    0.20
  79.60   10.73    0.52
  79.60   10.74   -0.84
  79.60   10.74   -0.84
  79.60   10.74    0.39
  79.60   10.74    0.31
  79.60   10.74    0.02
  79.59   10.75   -0.68
  79.59   10.75   -0.59
  79.59   10.75   -0.66
  79.59   10.76   -0.85
  79.59   10.76   -1.12
  79.59   10.76   -0.78
  79.59   10.78    0.35
  79.59   10.78    0.69
  79.59   10.78    0.57
  79.59   10.78    1.13
  79.59   10.78    0.07
  79.58   10.79    0.31
  79.58   10.79    0.17
  79.58   10.79   -0.67
  79.58   10.79   -1.05
  79.58   10.80   -0.50
  79.58   10.80   -0.26
  79.58   10.80   -0.15
  79.57   10.81    0.81
  79.57   10.81    0.55
  79.57   10.81   -0.80
  79.57   10.82   -0.46
  79.57   10.82   -0.77
  79.57   10.82   -0.48
  79.56   10.83   -0.66
  79.56   10.83   -1.03
  79.56   10.83   -0.80
  79.56   10.83   -0.28
  79.56   10.84   -0.93
  79.56   10.84   -1.16
  79.56   10.84   -0.41
  79.56   10.84   -0.20
  79.55   10.85   -0.77
  79.55   10.85   -1.11
  79.55   10.86   -0.08
  79.54   10.87    0.36
  79.54   10.87   -1.27
  79.54   10.87   -0.83
  79.54   10.88   -0.58
  79.54   10.88   -0.15
  79.53   10.89    0.56
  79.53   10.89   -0.05
  79.52   10.90    0.30
  79.52   10.91   -1.16
  79.52   10.91   -0.41
  79.51   10.92   -0.32
  79.51   10.92   -0.85
  79.50   10.95    0.34
  79.50   10.95   -0.06
  79.50   10.95    0.04
  79.50   10.95    0.18
  79.50   10.96    0.34
  79.50   10.96   -0.32
  79.50   10.96   -0.44
  79.49   10.97   -0.49
  79.49   10.97   -0.44
  79.49   10.97   -0.15
  79.48   10.98    0.35
  79.48   10.98   -0.50
  79.48   10.98    0.78
  79.48   10.99    0.33
  79.48   10.99   -0.47
  79.48   10.99    0.48
  79.48   10.99   -0.15
  79.47   11.00   -0.48
  79.47   11.01   -0.38
  79.47   11.01   -0.60
  79.47   11.01   -0.80
  79.44   11.05   -1.31
  79.39   11.12   -0.82
  79.38   11.13   -0.55
  79.38   11.13   -0.69
  79.38   11.13   -0.37
  79.38   11.13    0.36
  79.36   11.17   -1.05
  79.35   11.19   -0.74
  79.31   11.24   -0.78
  79.26   11.30   -0.34
  79.25   11.31   -0.86
  79.23   11.33   -0.66
  79.23   11.33   -0.59
  79.21   11.35   -0.29
  79.21   11.35   -0.76
  79.21   11.36   -0.30
  79.21   11.36   -0.30
  79.21   11.36   -1.14
  79.20   11.37   -0.87
  79.20   11.37   -0.33
  79.20   11.37   -0.41
  79.20   11.37   -0.46
  79.19   11.38   -1.15
  79.19   11.38   -0.84
  79.18   11.39   -0.68
  79.18   11.39   -0.47
  79.18   11.39   -0.60
  79.18   11.39   -0.10
  79.17   11.40    0.48
  79.17   11.40   -0.04
  79.17   11.40   -0.85
  79.17   11.40   -0.65
  79.16   11.41   -0.78
  79.15   11.42   -0.39
  79.15   11.42   -0.85
  79.14   11.43   -0.50
  79.13   11.44   -1.00
  79.11   11.46   -0.80
  79.11   11.46   -0.83
  79.09   11.48   -0.83
  79.09   11.48   -0.68
  79.08   11.49   -0.83
  79.07   11.50   -0.59
  79.03   11.54   -0.93
  79.03   11.54   -0.54
  79.01   11.56   -0.43
  78.98   11.59   -0.69
  78.98   11.59   -0.01
  78.98   11.59   -0.36
  78.96   11.61   -0.40
  78.96   11.61   -0.67
  78.96   11.61   -0.64
  78.96   11.61   -0.03
  78.95   11.62   -0.47
  78.95   11.62   -0.41
  78.94   11.63   -0.19
  78.91   11.65   -0.97
  78.88   11.68   -0.46
  78.88   11.68   -0.12
  78.88   11.68    0.01
  78.87   11.69   -0.83
  78.87   11.69   -0.16
  78.86   11.70    0.76
  78.86   11.70    0.47
  78.86   11.70    0.02
  78.86   11.70    0.36
  78.85   11.71   -0.47
  78.85   11.71    0.56
  78.85   11.71    0.81
  78.85   11.71   -0.56
  78.85   11.71    0.40
  78.82   11.73   -0.08
  78.81   11.74   -0.37
  78.81   11.74    0.31
  78.80   11.75   -0.23
  78.79   11.76   -0.80
  78.79   11.76   -0.40
  78.78   11.76   -0.93
  78.76   11.77   -1.00
  78.75   11.78   -0.79
  78.75   11.78   -0.56
  78.75   11.78   -0.43
  78.74   11.79   -0.24
  78.74   11.79   -0.88
  78.73   11.80   -0.85
  78.73   11.80   -0.77
  78.71   11.81   -0.97
  78.71   11.81   -1.01
  78.71   11.81   -0.72
  78.70   11.82   -0.79
  78.70   11.82   -1.03
  78.69   11.83    0.12
  78.68   11.84   -0.82
  78.68   11.84   -0.53
  78.68   11.84   -0.55
  78.66   11.85    0.25
  78.66   11.85   -0.52
  78.66   11.85   -0.76
  78.66   11.85   -0.28
  78.65   11.86    0.30
  78.65   11.86    0.81
  78.65   11.86    0.10
  78.64   11.87   -0.24
  78.64   11.87   -0.43
  78.63   11.88    0.14
  78.63   11.88   -0.09
  78.63   11.88   -1.01
  78.61   11.89   -0.40
  78.61   11.89   -0.28
  78.60   11.90   -0.09
  78.60   11.90   -0.42
  78.60   11.90   -0.96
  78.60   11.90    0.02
  78.59   11.91   -0.60
  78.59   11.91   -0.75
  78.59   11.91   -1.17
  78.59   11.91   -0.15
  78.57   11.92   -0.31
  78.56   11.92   -0.75
  78.56   11.92   -0.36
  78.56   11.92   -0.37
  78.56   11.92   -0.95
  78.55   11.93   -0.15
  78.55   11.93   -0.33
  78.55   11.93   -0.25
  78.52   11.95   -0.44
  78.51   11.96   -0.71
  78.51   11.96   -1.31
  78.48   11.98   -0.77
  78.48   11.98   -0.77
  78.48   11.98   -0.35
  78.47   11.99   -0.96
  78.47   11.99   -0.70
  78.45   12.00   -0.29
  78.45   12.00   -0.61
  78.45   12.00    0.45
  78.45   12.00   -0.12
  78.44   12.01   -0.10
  78.44   12.01   -0.26
  78.44   12.01   -0.33
  78.43   12.02   -0.45
  78.43   12.02   -0.71
  78.41   12.03   -0.29
  78.41   12.03   -0.66
  78.40   12.03    0.05
  78.40   12.03   -0.24
  78.38   12.04   -0.46
  78.38   12.04    0.59
  78.38   12.04    0.08
  78.37   12.05    0.02
  78.36   12.06   -0.22
  78.36   12.06   -0.94
  78.36   12.06   -1.05
  78.34   12.07    0.07
  78.33   12.08   -0.85
  78.33   12.08   -0.80
  78.31   12.09   -0.27
  78.30   12.10   -0.02
  78.30   12.10   -0.57
  78.28   12.11   -0.56
  78.28   12.11   -0.27
  78.27   12.12   -0.18
  78.27   12.12   -0.40
  78.27   12.12   -0.65
  78.26   12.12    0.45
  78.26   12.12   -0.59
  78.26   12.12   -1.01
  78.26   12.12   -0.74
  78.24   12.13   -0.90
  78.24   12.13    0.29
  78.23   12.14   -0.43
  78.23   12.14   -0.99
  78.23   12.14   -0.51
  78.23   12.14   -0.95
  78.23   12.14   -0.71
  78.21   12.15   -0.04
  78.21   12.15   -1.19
  78.21   12.15   -0.72
  78.18   12.17   -0.56
  78.18   12.17   -0.41
  78.17   12.18    0.04
  78.17   12.18   -0.69
  78.17   12.18    0.18
  78.15   12.19   -0.09
  78.15   12.19   -0.12
  78.14   12.19   -0.79
  78.14   12.19   -0.05
  78.14   12.19   -0.61
  78.14   12.19   -0.09
  78.12   12.20   -1.23
  78.12   12.20   -0.56
  78.12   12.20    0.12
  78.11   12.21   -0.55
  78.11   12.21    0.70
  78.11   12.21    0.33
  78.09   12.22    0.68
  78.09   12.22    0.06
  78.08   12.23   -0.43
  78.06   12.24   -0.05
  78.04   12.25   -0.29
  78.04   12.25    0.03
  78.04   12.25   -0.27
  78.04   12.25   -0.55
  78.03   12.25   -0.15
  78.03   12.25   -0.70
  78.01   12.26   -0.80
  78.00   12.27   -0.61
  78.00   12.27   -0.62
  78.00   12.27   -0.80
  77.98   12.28   -0.22
  77.98   12.28   -1.02
  77.98   12.28   -0.98
  77.97   12.29   -0.91
  77.97   12.29   -1.11
  77.95   12.30   -0.21
  77.95   12.30   -0.72
  77.95   12.30   -0.52
  77.92   12.31    0.04
  77.92   12.31   -0.27
  77.92   12.31   -0.27
  77.90   12.32   -0.04
  77.90   12.32    0.14
  77.90   12.32   -0.72
  77.90   12.32   -0.23
  77.89   12.33   -0.56
  77.89   12.33   -0.81
  77.84   12.36   -1.09
  77.84   12.36   -1.20
  77.84   12.36   -1.19
  77.84   12.36   -0.30
  77.82   12.36   -0.46
  77.82   12.36   -0.61
  77.82   12.36   -0.64
  77.80   12.37   -1.09
  77.80   12.37   -1.12
  77.79   12.38   -1.08
  77.79   12.38   -0.62
  77.79   12.38   -0.66
  77.79   12.38   -0.31
  77.77   12.39   -0.83
  77.60   12.47   -0.63
  77.59   12.48    0.24
  77.57   12.49    0.31
  77.57   12.49   -1.18
  77.57   12.49   -0.16
  77.57   12.49   -0.53
  77.55   12.50   -0.33
  77.55   12.50   -1.22
  77.53   12.50   -0.46
  77.52   12.51   -0.02
  77.52   12.51   -0.79
  77.50   12.52   -1.11
  77.50   12.52   -0.37
  77.50   12.52   -0.89
  77.50   12.52   -0.76
  77.46   12.54   -0.45
  77.46   12.54   -0.08
  77.45   12.54   -0.22
  77.45   12.54   -0.67
  77.45   12.54   -0.15
  77.43   12.55    0.49
  77.43   12.55   -0.32
  77.43   12.55   -1.07
  77.41   12.56    0.32
  77.41   12.56    0.19
  77.41   12.56    0.10
  77.41   12.56    0.74
  77.39   12.57   -1.00
  77.39   12.57   -0.17
  77.39   12.57   -0.94
  77.39   12.57   -0.15
  77.38   12.57   -0.10
  77.38   12.57   -0.54
  77.38   12.57   -0.19
  77.38   12.57   -0.33
  77.36   12.58   -0.03
  77.36   12.58   -0.94
  77.36   12.58    0.74
  77.34   12.59   -0.76
  77.34   12.59   -0.55
  77.34   12.59   -0.28
  77.34   12.59   -0.88
  77.34   12.59    0.08
  77.32   12.60   -0.83
  77.32   12.60    0.06
  77.32   12.60   -0.00
  77.30   12.61   -0.16
  77.30   12.61    0.26
  77.29   12.61    0.83
  77.29   12.61   -0.58
  77.27   12.62   -0.39
  77.25   12.63   -0.57
  77.25   12.63   -0.15
  77.23   12.64   -0.73
  77.23   12.64   -1.05
  77.18   12.66   -0.74
  77.16   12.67   -0.04
  77.16   12.67    0.25
  77.16   12.67   -1.05
  77.14   12.68   -0.29
  77.12   12.68   -0.46
  77.01   12.73   -0.03
  76.99   12.74    0.29
  76.99   12.74   -0.21
  76.99   12.74   -0.17
  76.97   12.74   -0.46
  76.97   12.74   -0.71
  76.97   12.74    0.12
  76.95   12.75   -0.10
  76.95   12.75   -1.09
  76.93   12.76   -0.08
  76.93   12.76    0.05
  76.91   12.77   -0.57
  76.91   12.77   -0.01
  76.91   12.77   -0.68
  76.91   12.77    0.33
  76.87   12.78   -0.79
  76.85   12.79   -0.73
  76.85   12.79   -0.16
  76.81   12.80   -1.27
  76.68   12.85   -0.89
  76.66   12.86   -0.75
  76.64   12.87   -1.19
  76.46   12.93   -0.43
  76.46   12.93   -0.21
  76.46   12.93   -0.48
  76.43   12.94   -0.28
  76.39   12.95   -0.61
  76.37   12.96   -0.13
  76.37   12.96   -0.15
  76.35   12.96   -0.96
  76.35   12.96   -0.87
  76.25   13.00   -0.73
  76.19   13.02   -1.09
  72.18    6.37   -0.02
  72.18    6.37   -0.13
  73.80    6.77    0.12
  73.83    6.78   -0.01
  73.93    6.81   -0.35
  73.93    6.81   -0.80
  74.31    6.93   -0.18
  74.45    6.97   -0.51
  74.52    7.00   -0.84
  74.53    7.00    0.16
  74.54    7.00   -0.94
  74.58    7.02   -0.73
  74.64    7.04   -0.08
  74.73    7.07   -0.27
  74.82    7.10    0.28
  76.74    8.07   -0.33
  76.78    8.10   -1.00
  76.84    8.15   -0.80
  76.84    8.15   -0.29
  76.12    6.90   -1.00
  76.15    6.92    0.02
  76.45    7.07    0.23
  76.46    7.08    0.11
  76.46    7.08   -0.53
  77.41   10.22   -1.01
  77.25   10.36   -0.73
  77.23   10.38   -0.55
  77.21   10.38   -0.50
  77.20   10.39   -0.44
  77.20   10.39   -0.79
  77.20   10.39   -0.70
  77.18   10.41   -0.69
  77.18   10.41   -0.46
  77.13   10.45   -0.86
  77.13   10.45   -0.95
  77.10   10.47   -1.21
  77.08   10.49   -0.60
  77.07   10.50   -0.88
  77.06   10.51   -0.71
  77.06   10.51   -0.86
  77.05   10.52   -0.89
  77.05   10.52   -0.90
  77.03   10.52   -0.75
  77.03   10.52   -0.38
  77.03   10.52   -1.01
  76.45   10.89   -0.89
  76.29   10.97   -0.39
  76.28   10.98   -0.70
  76.28   10.98   -0.47
  75.75   11.22   -1.01
  75.74   11.23   -0.39
  75.74   11.23   -0.92
  75.72   11.24   -0.49
  75.70   11.24    0.19
  75.68   11.25   -0.79
  75.67   11.26   -0.96
  75.67   11.26    0.09
  75.67   11.26    0.80
  75.67   11.26    0.62
  75.54   11.31   -0.91
  75.54   11.31   -0.04
  75.52   11.32   -1.00
  75.43   11.35   -0.19
  75.43   11.35   -0.56
  75.36   11.38   -0.84
  75.36   11.38   -0.64
  75.28   11.41   -0.50
  75.28   11.41   -1.03
  75.24   11.42   -0.74
  75.24   11.42   -1.01
  75.22   11.43   -1.22
  75.17   11.45   -0.96
  75.15   11.46   -0.57
  75.15   11.46   -1.06
  75.13   11.47   -0.68
  75.13   11.47   -0.84
  75.11   11.47   -0.62
  75.11   11.47   -0.61
  75.11   11.47   -0.93
  75.09   11.48   -0.50
  75.09   11.48   -0.99
  75.07   11.49   -0.74
  75.07   11.49   -0.85
  75.01   11.51   -0.72
  75.01   11.51   -1.07
  74.97   11.52   -0.91
  74.85   11.56   -0.64
  74.83   11.57   -0.24
  74.81   11.57   -0.29
  74.81   11.57   -0.33
  74.81   11.57   -1.12
  74.81   11.57   -0.05
  74.79   11.58    0.08
  74.79   11.58   -0.57
  74.79   11.58    0.24
  74.77   11.59   -0.70
  74.69   11.61   -0.78
  74.67   11.62   -0.84
  74.63   11.63   -0.78
  74.61   11.64   -0.84
  74.61   11.64   -0.71
  74.59   11.65   -1.00
  74.59   11.65   -0.75
  74.59   11.65   -0.64
  74.57   11.65   -0.10
  74.52   11.67   -1.02
  74.36   11.72   -0.52
  74.36   11.72   -0.85
  74.36   11.72   -0.79
  74.33   11.72   -0.96
  74.31   11.73    0.35
  74.29   11.74   -0.23
  74.29   11.74   -1.04
  74.27   11.74   -1.12
  74.27   11.74    0.21
  74.25   11.75    0.03
  74.25   11.75   -0.19
  74.23   11.76    0.06
  74.23   11.76   -0.30
  74.23   11.76   -1.03
  74.20   11.76    0.10
  74.18   11.77   -0.55
  74.18   11.77   -0.50
  74.18   11.77   -0.70
  74.16   11.77   -0.63
  74.16   11.77   -0.29
  74.14   11.78   -0.92
  74.10   11.79   -0.83
  74.10   11.79   -0.36
  74.10   11.79   -0.34
  74.07   11.80   -0.74
  74.07   11.80   -0.49
  74.05   11.81   -1.01
  74.05   11.81   -0.03
  74.01   11.82   -0.03
  73.99   11.82   -0.21
  73.99   11.82   -1.11
  73.96   11.83   -0.97
  73.96   11.83   -0.50
  73.94   11.84   -0.60
  73.92   11.84   -0.46
  73.92   11.84   -1.15
  73.92   11.84   -0.63
  73.92   11.84   -0.58
  73.90   11.85   -0.76
  73.90   11.85   -0.79
  73.90   11.85   -0.68
  73.87   11.85   -0.88
  73.87   11.85   -0.53
  73.83   11.87   -0.49
  73.81   11.87   -0.19
  73.78   11.88   -0.39
  73.78   11.88   -0.86
  73.76   11.88   -0.49
  73.69   11.90   -0.44
  73.69   11.90   -0.58
  73.67   11.91   -1.13
  73.65   11.91   -1.00
  73.65   11.91   -1.10
  73.62   11.92   -0.32
  73.62   11.92   -0.73
  73.60   11.93   -0.57
  73.56   11.94   -0.98
  73.56   11.94   -0.73
  73.53   11.94   -0.33
  73.53   11.94   -0.70
  73.51   11.95   -0.63
  73.49   11.96   -0.41
  73.49   11.96    0.12
  73.49   11.96   -0.20
  73.44   11.97   -0.60
  73.44   11.97   -0.62
  73.44   11.97   -0.59
  71.57    6.00   -0.71
  71.68    6.03   -0.89
  71.72    6.04   -0.56
  71.75    6.05   -1.02
  71.78    6.06   -0.76
  71.83    6.07   -0.39
  71.96    6.10   -0.62
  71.96    6.10   -0.54
  72.16    6.15   -0.85
  72.29    6.19   -0.46
  72.78    6.33   -1.06
  72.80    6.33   -0.90
  75.06   10.69   -0.98
  74.81   10.83   -0.22
  74.79   10.83    0.35
  74.79   10.83    0.44
  74.78   10.84   -0.51
  74.76   10.85   -0.50
  74.76   10.85   -0.58
  74.75   10.86   -0.39
  74.73   10.87   -0.07
  74.72   10.87   -0.89
  74.57   10.94   -1.06
  74.51   10.97   -0.75
  74.51   10.97   -0.08
  74.48   10.99   -1.03
  74.41   11.02   -0.92
  74.24   11.09   -1.13
  74.24   11.09   -0.86
  74.22   11.10   -1.10
  74.19   11.11   -0.85
  74.17   11.12   -1.04
  74.17   11.12   -0.57
  74.15   11.13   -0.70
  74.08   11.16   -0.86
  74.08   11.16   -0.93
  74.06   11.16   -0.46
  74.03   11.18    0.64
  73.99   11.19   -0.92
  73.99   11.19   -0.58
  73.97   11.20   -0.92
  73.95   11.21   -0.66
  73.88   11.23   -0.74
  73.84   11.25   -0.81
  73.84   11.25   -0.31
  73.84   11.25   -0.92
  73.82   11.25   -0.09
  73.82   11.25   -0.14
  73.82   11.25   -0.20
  73.82   11.25   -0.35
  73.81   11.26   -0.07
  73.81   11.26    0.36
  73.81   11.26   -0.87
  73.81   11.26   -0.10
  73.81   11.26   -0.43
  73.79   11.27   -0.34
  73.79   11.27   -0.03
  73.79   11.27   -0.41
  73.77   11.28   -0.30
  73.77   11.28   -0.26
  73.75   11.28   -0.12
  73.73   11.29    0.21
  73.71   11.30   -0.12
  73.69   11.30   -0.28
  73.69   11.30   -0.84
  73.67   11.31   -0.82
  73.67   11.31   -0.36
  73.65   11.32   -0.73
  73.63   11.32   -0.96
  73.61   11.33   -0.04
  73.61   11.33   -0.74
  73.60   11.34   -0.52
  73.60   11.34   -0.30
  73.58   11.34   -0.79
  73.58   11.34   -0.52
  73.56   11.35    0.07
  73.52   11.37   -0.83
  73.50   11.37   -0.74
  73.50   11.37    0.06
  73.50   11.37   -0.65
  73.50   11.37   -0.92
  73.48   11.38   -0.28
  73.48   11.38   -0.49
  73.48   11.38   -1.06
  73.48   11.38   -0.46
  73.44   11.39   -0.95
  73.44   11.39   -0.14
  73.44   11.39   -0.39
  73.42   11.40    0.12
  73.42   11.40    0.30
  73.42   11.40    0.34
  73.40   11.41   -0.72
  73.38   11.41    0.07
  73.38   11.41   -0.72
  73.38   11.41   -0.04
  73.36   11.42   -0.40
  73.36   11.42   -0.52
  73.36   11.42   -0.34
  73.34   11.43   -0.65
  73.34   11.43   -0.31
  73.34   11.43   -0.61
  74.68   13.22   -0.82
  74.68   13.22   -0.55
  76.73    9.60   -0.11
  76.56    9.76   -0.26
  76.56    9.76   -0.95
  76.56    9.76   -0.82
  80.72   12.02   -0.41
  80.69   12.02   -0.84
  80.60   12.05   -0.52
  80.57   12.05   -0.42
  78.46   12.03    0.41
  78.46   12.03   -0.37
  78.46   12.03   -0.13
  78.46   12.03   -0.74
  77.87   12.17   -0.28
  77.87   12.17   -0.27
  77.84   12.18   -0.15
  77.84   12.18   -0.58
  77.81   12.18   -0.51
  77.41   12.27   -0.63
  77.34   12.28   -0.91
  76.93   12.37   -0.68
  76.90   12.37   -0.63
  76.90   12.37   -0.58
  76.90   12.37   -0.79
  76.90   12.37    0.05
  76.90   12.37   -0.23
  76.87   12.38   -0.35
  76.87   12.38   -0.16
  76.87   12.38   -0.53
  76.87   12.38   -0.42
  76.83   12.38   -0.51
  76.83   12.38   -0.58
  76.83   12.38   -0.32
  76.80   12.39   -1.12
  76.80   12.39   -0.72
  76.76   12.40   -0.71
  76.76   12.40   -0.56
  76.73   12.40   -0.57
  76.73   12.40   -0.19
  76.69   12.41   -0.94
  76.69   12.41   -0.60
  76.69   12.41   -0.33
  76.69   12.41   -0.94
  76.66   12.42   -1.00
  76.66   12.42   -0.39
  76.62   12.42   -0.73
  76.62   12.42   -0.89
  76.59   12.43   -0.60
  76.59   12.43   -0.47
  76.56   12.44   -0.64
  76.56   12.44   -0.77
  76.56   12.44   -0.12
  76.52   12.44   -0.05
  76.45   12.45   -0.42
  76.45   12.45   -0.37
  76.45   12.45   -0.97
  76.42   12.46   -0.32
  76.42   12.46   -0.70
  76.38   12.47   -0.63
  76.35   12.47   -0.57
  76.28   12.48   -0.97
  76.28   12.48   -0.55
  76.24   12.49    0.24
  76.21   12.50    0.00
  76.21   12.50   -0.72
  76.21   12.50   -0.74
  76.21   12.50   -0.96
  76.17   12.50   -0.40
  76.17   12.50   -0.88
  76.14   12.51   -0.95
  76.14   12.51   -0.35
  76.10   12.51    0.03
  76.07   12.52    0.47
  76.07   12.52    0.27
  76.07   12.52    0.58
  76.03   12.52   -0.81
  76.03   12.52    0.66
  76.03   12.52   -0.67
  76.03   12.52   -0.43
  76.00   12.53   -0.96
  76.00   12.53   -0.45
  76.00   12.53    0.26
  76.00   12.53    1.24
  76.00   12.53    0.91
  75.96   12.54   -0.08
  75.96   12.54   -0.42
  75.96   12.54   -0.70
  75.93   12.54   -0.02
  75.93   12.54    0.14
  75.82   12.56   -0.34
  75.82   12.56    0.36
  75.82   12.56   -0.50
  75.79   12.56   -0.59
  75.75   12.57   -0.60
  75.68   12.58   -0.36
  75.68   12.58   -0.59
  75.68   12.58   -0.50
  75.64   12.59   -0.22
  75.64   12.59   -0.30
  75.64   12.59   -0.55
  75.61   12.59   -1.19
  75.61   12.59   -0.46
  75.61   12.59   -0.32
  75.61   12.59   -0.19
  75.57   12.60   -0.84
  75.57   12.60   -1.11
  75.54   12.60   -0.76
  75.50   12.61   -0.43
  75.47   12.61   -0.59
  75.47   12.61   -1.06
  75.47   12.61   -0.04
  75.43   12.62    0.24
  75.43   12.62   -0.36
  75.43   12.62   -0.73
  75.39   12.62   -0.68
  75.36   12.63   -0.21
  76.63   13.25    0.46
  76.63   13.25    0.37
  76.59   13.25   -0.25
  76.59   13.25   -0.38
  76.59   13.25   -0.75
  76.59   13.25   -0.28
  76.59   13.25   -0.86
  76.55   13.26   -0.72
  76.55   13.26    0.03
  76.51   13.26    0.37
  76.51   13.26    0.25
  76.51   13.26   -0.66
  76.43   13.27    0.83
  76.43   13.27    0.92
  76.39   13.27   -0.21
  76.39   13.27    0.08
  76.39   13.27   -0.31
  76.39   13.27    0.03
  76.35   13.27   -0.44
  76.32   13.28   -0.86
  76.24   13.28   -0.55
  76.24   13.28   -0.60
  76.16   13.29   -0.11
  76.16   13.29   -0.02
  76.12   13.29   -0.04
  76.12   13.29   -0.94
  76.12   13.29   -1.03
  76.08   13.29   -0.35
  76.04   13.30   -0.36
  76.04   13.30   -0.48
  76.00   13.30    0.19
  76.00   13.30   -0.36
  75.97   13.30   -0.56
  75.97   13.30   -0.63
  75.97   13.30   -0.78
  75.97   13.30   -0.41
  75.93   13.31   -0.48
  75.93   13.31   -0.04
  75.89   13.31   -0.24
  75.89   13.31   -0.26
  75.85   13.31   -0.18
  75.85   13.31    0.15
  75.85   13.31    0.18
  75.85   13.31    0.54
  75.81   13.32   -0.06
  75.81   13.32    0.26
  75.81   13.32    0.57
  75.77   13.32   -0.39
  75.38   13.35    0.27
  75.34   13.35   -0.88
  75.34   13.35   -0.58
  75.22   13.36   -0.64
  75.22   13.36   -0.47
  75.11   13.37   -0.60
  75.11   13.37   -0.63
  75.11   13.37   -0.64
  75.07   13.37   -0.46
  75.03   13.37   -0.28
  75.03   13.37   -0.44
  75.03   13.37   -0.06
  74.99   13.37    0.18
  74.99   13.37   -0.75
  74.99   13.37   -0.96
  74.99   13.37   -0.85
  74.91   13.38   -0.56
  74.48   13.41   -0.82
  74.48   13.41   -0.29
  78.30   13.23   -0.67
  76.30   13.23   -0.78
  75.59   13.23    0.24
  75.59   13.23   -0.00
  75.47   13.23   -0.29
  75.43   13.23    0.10
  75.43   13.23    0.12
  75.38   13.23   -0.48
  75.30   13.23   -0.19
  75.30   13.23   -0.46
  75.09   13.23   -0.67
  74.84   13.23   -0.69
  75.55   12.70   -0.65
  75.55   12.70    0.02
  75.51   12.70   -0.26
  75.22   12.70   -0.07
  75.18   12.70   -0.07
  75.18   12.70    0.30
  75.18   12.70   -0.56
  75.13   12.70    0.62
  75.13   12.70    0.80
  75.13   12.70   -0.25
  75.09   12.71    0.11
  75.09   12.71    0.54
  75.09   12.71    0.05
  75.09   12.71   -0.36
  75.05   12.71   -0.70
  75.05   12.71    0.46
  75.05   12.71   -0.12
  75.01   12.71   -0.51
  75.01   12.71    0.20
  75.01   12.71    0.05
  75.01   12.71   -0.03
  75.01   12.71    0.09
  74.96   12.71    0.52
  74.92   12.71   -0.40
  74.92   12.71    0.74
  74.88   12.71    0.61
  74.88   12.71    0.08
  74.88   12.71    0.41
  74.88   12.71    0.28
  74.84   12.71    0.85
  74.84   12.71   -0.34
  74.84   12.71    1.03
  74.84   12.71    0.43
  74.80   12.71    0.30
  74.80   12.71   -0.04
  74.80   12.71    0.88
  74.80   12.71    0.85
  74.75   12.71    0.23
  74.75   12.71    0.32
  74.75   12.71    0.39
  74.71   12.71    0.24
  74.71   12.71   -0.91
  74.71   12.71   -0.20
  74.71   12.71   -0.31
  74.67   12.71    0.23
  74.67   12.71    0.36
  74.67   12.71   -0.39
  74.67   12.71   -0.24
  74.67   12.71    0.31
  74.63   12.71    1.23
  74.63   12.71    0.36
  74.63   12.71    0.77
  74.58   12.71    1.11
  74.58   12.71   -0.27
  74.58   12.71    0.97
  74.58   12.71    0.86
  74.54   12.71   -0.43
  74.54   12.71    0.37
  74.54   12.71    1.03
  74.54   12.71    0.81
  74.54   12.71    0.24
  74.54   12.71    0.06
  74.50   12.71    0.44
  74.50   12.71   -0.12
  74.50   12.71   -0.94
  74.50   12.71   -0.49
  74.50   12.71   -0.40
  74.46   12.71    0.71
  74.46   12.71    0.01
  74.41   12.71   -0.45
  74.33   12.71   -0.94
  74.33   12.71   -0.30
  74.33   12.71   -0.12
  74.25   12.72    0.02
  74.16   12.72    0.50
  74.08   12.72   -0.62
  74.08   12.72   -0.01
  74.08   12.72   -0.78
  74.08   12.72   -0.22
  74.03   12.72    0.58
  74.03   12.72   -0.40
  73.82   12.72   -0.29
  73.78   12.72   -0.28
  73.78   12.72    0.00
  73.74   12.72   -0.30
  73.65   12.72   -0.37
  73.65   12.72    0.19
  73.61   12.72   -0.77
  73.61   12.72   -0.99
  73.61   12.72    0.22
  73.57   12.72    0.58
  73.57   12.72    0.45
  73.52   12.72    0.35
  73.52   12.72   -0.11
  73.48   12.72    0.46
  73.48   12.72   -0.34
  73.48   12.72   -0.38
  73.48   12.72   -0.22
  73.44   12.72    0.62
  73.44   12.72    0.02
  73.44   12.72   -0.10
  73.40   12.72   -0.11
  73.40   12.72   -0.00
  73.40   12.72   -0.01
  73.36   12.72   -1.36
  73.36   12.72   -0.61
  73.36   12.72   -0.11
  73.31   12.72   -0.49
  73.31   12.72   -0.69
  73.31   12.72   -0.23
  73.31   12.72    0.21
  73.27   12.72    0.47
  73.27   12.72    0.34
  73.23   12.73   -1.06
  76.32    9.42   -0.63
  76.32    9.42    0.10
  76.30    9.43    0.49
  76.30    9.43    0.04
  76.30    9.43   -0.76
  76.30    9.43   -0.61
  76.30    9.43   -0.57
  76.28    9.44   -0.33
  76.28    9.44   -1.03
  76.28    9.44   -1.05
  76.26    9.45    0.02
  76.26    9.45   -0.61
  76.23    9.46   -0.51
  76.21    9.47   -1.10
  76.21    9.47    0.43
  76.19    9.49    0.70
  76.15    9.51    0.36
  76.15    9.51   -0.52
  76.15    9.51   -0.59
  76.15    9.51   -0.41
  76.12    9.52    0.22
  76.08    9.54   -0.49
  76.08    9.54   -0.10
  76.06    9.55   -0.76
  76.06    9.55   -0.31
  76.03    9.56   -0.10
  76.03    9.56   -0.79
  76.01    9.57   -0.57
  76.01    9.57   -0.92
  76.01    9.57    0.09
  76.01    9.57   -0.20
  76.01    9.57    0.46
  75.99    9.58   -0.49
  75.99    9.58   -0.91
  75.99    9.58   -0.76
  75.99    9.58   -0.80
  75.99    9.58   -0.32
  75.96    9.59   -0.21
  75.96    9.59   -0.72
  75.94    9.60   -0.03
  75.89    9.62   -0.16
  75.89    9.62   -1.13
  75.89    9.62   -0.52
  75.87    9.63    0.13
  75.87    9.63    0.29
  75.85    9.64    0.28
  75.85    9.64    0.27
  75.85    9.64    0.36
  75.82    9.65   -0.36
  75.82    9.65    0.09
  75.80    9.67    0.12
  75.80    9.67   -0.52
  75.78    9.68    0.33
  75.78    9.68   -1.19
  75.75    9.69   -0.11
  75.75    9.69    0.92
  75.75    9.69    0.33
  75.75    9.69   -0.66
  75.73    9.70   -0.48
  75.73    9.70    0.83
  75.73    9.70    0.03
  75.70    9.71   -0.73
  75.70    9.71   -0.68
  75.70    9.71    0.04
  75.68    9.72   -0.61
  75.68    9.72   -0.68
  75.68    9.72    0.03
  75.68    9.72   -1.26
  75.68    9.72   -0.47
  75.66    9.73   -0.55
  75.66    9.73   -0.44
  75.56    9.77   -0.21
  75.53    9.78   -0.13
  75.53    9.78   -0.29
  75.51    9.79   -0.40
  75.51    9.79   -0.26
  75.51    9.79   -0.15
  75.48    9.80    0.38
  75.48    9.80    0.01
  75.43    9.82   -0.55
  75.43    9.82   -0.84
  75.41    9.83   -1.24
  75.33    9.85   -0.20
  73.85   12.08   -0.09
  73.81   12.08   -0.72
  73.77   12.08    0.18
  73.77   12.08    0.39
  73.73   12.09   -0.43
  73.73   12.09   -0.52
  73.68   12.09   -0.60
  73.60   12.09   -0.77
  73.39   12.10   -0.84
  79.04   10.41   -0.82
  79.00   10.42   -0.43
  79.00   10.42   -0.54
  79.00   10.42   -0.29
  78.97   10.42   -0.59
  78.42   10.55   -0.32
  78.39   10.56   -0.72
  78.35   10.57   -0.27
  78.35   10.57   -0.22
  78.18   10.61   -0.59
  78.18   10.61   -0.40
  78.11   10.62   -0.44
  78.07   10.63    0.40
  77.89   10.67    0.02
  77.89   10.67    0.13
  77.89   10.67   -0.21
  77.86   10.67   -0.89
  76.79    9.59   -0.42
  76.36    9.73   -1.32
  76.36    9.73   -0.42
  76.36    9.73   -0.15
  76.33    9.74   -0.68
  76.33    9.74   -0.19
  76.30    9.75   -0.35
  76.21    9.77   -1.09
  76.15    9.79   -0.04
  76.15    9.79   -0.84
  76.15    9.79   -0.45
  76.12    9.80   -0.41
  76.12    9.80   -0.11
  76.12    9.80   -0.87
  76.09    9.80   -0.13
  76.09    9.80   -0.79
  76.06    9.81   -0.65
  75.88    9.86   -0.79
  75.81    9.88   -0.08
  75.69    9.91   -0.18
  75.66    9.92   -0.56
  75.63    9.93   -0.51
  75.63    9.93   -0.54
  75.59    9.93   -0.91
  75.59    9.93   -0.62
  75.56    9.94   -0.15
  75.53    9.95   -1.07
  75.50    9.96   -0.65
  74.98   10.08   -0.23
  74.98   10.08    0.21
  74.95   10.08   -0.34
  74.95   10.08   -0.84
  74.95   10.08   -0.28
  74.95   10.08   -0.58
  74.95   10.08   -0.03
  74.92   10.09    0.11
  74.92   10.09    0.84
  74.92   10.09    0.10
  74.89   10.10   -0.01
  74.89   10.10   -0.14
  74.85   10.11   -0.49
  74.82   10.11   -0.22
  74.82   10.11   -0.44
  76.80   10.20   -0.39
  76.80   10.20   -0.99
  76.72   10.21   -0.34
  76.42   10.25   -0.73
  76.34   10.25   -0.57
  76.26   10.26   -0.38
  76.09   10.28   -0.41
  76.09   10.28   -0.28
  76.09   10.28   -0.10
  76.04   10.29   -0.40
  76.04   10.29   -0.50
  76.00   10.29   -0.00
  75.96   10.30   -0.35
  75.96   10.30   -0.38
  75.92   10.30    0.03
  75.87   10.30   -0.43
  75.87   10.30   -0.12
  75.83   10.31   -0.20
  75.79   10.31   -0.61
  75.75   10.32   -0.50
  75.75   10.32   -0.20
  75.75   10.32   -0.36
  75.62   10.33   -0.71
  75.53   10.34   -0.70
  75.53   10.34   -0.44
  75.53   10.34   -0.37
  75.49   10.34   -0.84
  75.36   10.35   -0.34
  75.36   10.35   -0.44
  75.32   10.36   -0.15
  75.32   10.36   -0.26
  75.32   10.36   -0.20
  75.28   10.36   -0.31
  75.28   10.36   -0.52
  75.28   10.36   -1.07
  75.28   10.36   -0.19
  75.23   10.37    0.39
  75.23   10.37   -0.02
  75.23   10.37   -0.63
  75.23   10.37   -0.29
  75.23   10.37   -1.06
  75.19   10.37    0.06
  75.15   10.37   -0.43
  75.15   10.37   -1.05
  75.15   10.37   -0.18
  75.15   10.37   -0.42
  75.10   10.38   -0.70
  75.10   10.38   -0.09
  75.10   10.38    0.01
  75.06   10.38   -0.34
  75.06   10.38   -0.53
  75.02   10.39    0.11
  75.02   10.39   -0.36
  74.97   10.39   -1.06
  74.89   10.40   -0.76
  74.85   10.40   -0.20
  74.85   10.40   -0.13
  74.85   10.40    0.03
  74.80   10.40    0.28
  74.80   10.40    0.55
  74.80   10.40   -0.88
  74.80   10.40   -0.17
  74.76   10.41   -0.72
  74.76   10.41   -0.40
  74.72   10.41    0.00
  74.72   10.41    0.07
  74.72   10.41   -0.09
  74.67   10.42   -0.44
  74.67   10.42   -0.45
  74.63   10.42   -1.01
  74.63   10.42   -0.63
  74.59   10.42   -0.16
  74.59   10.42    0.06
  74.59   10.42    0.14
  74.59   10.42    0.27
  74.54   10.43   -0.12
  74.54   10.43   -0.03
  74.50   10.43   -0.13
  74.50   10.43   -0.01
  74.50   10.43   -0.78
  74.46   10.43   -0.26
  74.28   10.45   -0.33
  74.28   10.45   -0.36
  74.24   10.45   -1.12
  74.20   10.46   -0.73
  74.20   10.46   -0.67
  74.15   10.46   -0.27
  74.15   10.46   -0.64
  74.11   10.46   -0.39
  74.07   10.47   -0.16
  74.07   10.47   -0.07
  73.89   10.48   -0.32
  73.89   10.48   -0.69
  73.85   10.48    0.13
  73.85   10.48   -0.68
  73.81   10.49   -0.80
  73.72   10.49   -0.73
  73.72   10.49   -0.63
  73.59   10.50   -0.60
  73.55   10.51   -0.66
  73.55   10.51   -1.07
  73.50   10.51   -0.32
  73.46   10.51   -0.76
  73.46   10.51    0.13
  73.46   10.51   -0.69
  73.41   10.52   -0.44
  73.41   10.52    0.01
  73.20   10.53   -0.47
  73.20   10.53   -0.83
  73.20   10.53   -0.71
  73.20   10.53   -0.41
  73.20   10.53   -0.04
  73.15   10.53   -0.46
  73.15   10.53   -0.36
  73.15   10.53   -0.14
  73.11   10.54   -0.72
  73.11   10.54    0.08
  73.11   10.54   -0.76
  73.07   10.54   -0.39
  73.07   10.54   -0.04
  73.07   10.54   -0.80
  73.02   10.54   -0.39
  72.98   10.55   -1.02
  72.98   10.55   -0.49
  72.98   10.55    0.16
  72.93   10.55   -0.79
  72.93   10.55   -0.46
  72.93   10.55   -0.61
  72.93   10.55    0.28
  72.89   10.55    0.31
  72.89   10.55    0.22
  72.89   10.55    0.77
  75.81    8.82    0.58
  71.91   17.38   -0.42
  71.96   17.38    0.27
  70.23   17.54   -0.27
  72.19   17.71    0.02
  79.02   14.73    0.07
  79.04   14.73    0.39
  79.07   14.73   -0.18
  79.07   14.73   -0.75
  79.09   14.73   -0.48
  79.09   14.73   -0.00
  79.11   14.73    1.01
  79.13   14.73    0.79
  79.13   14.73    0.65
  79.14   14.74    0.20
  79.14   14.74   -0.45
  79.16   14.74   -0.69
  79.18   14.74    0.28
  79.18   14.74   -0.64
  79.18   14.74    0.10
  79.20   14.74    0.01
  79.21   14.74   -0.08
  79.29   14.74    0.25
  79.34   14.74   -0.36
  79.68   14.75   -0.63
  79.91   14.76   -0.15
  79.96   14.76   -0.65
  76.78   14.14   -0.96
  76.78   14.14   -0.87
  76.80   14.14   -0.35
  76.88   14.14   -0.52
  77.28   14.15   -0.42
  77.30   14.15   -0.38
  77.32   14.15   -0.89
  78.06   14.17   -0.51
  78.60   14.18   -0.04
  78.95   14.18   -0.57
  78.95   14.18   -1.12
  72.43   14.84   -0.66
  72.45   14.84   -0.16
  72.48   14.85   -0.66
  72.56   14.85   -0.51
  72.56   14.85   -1.12
  72.62   14.86   -1.05
  72.62   14.86   -0.69
  72.62   14.86   -0.79
  72.67   14.86   -0.55
  72.73   14.87   -1.12
  72.75   14.87   -0.84
  72.75   14.87    0.09
  78.07   12.96   -0.65
  75.43   13.03   -0.69
  76.02   13.04    0.23
  76.02   13.04    0.45
  75.27   11.88   -0.80
  78.39   10.64    0.43
  78.42   10.64   -0.83
  78.45   10.64   -0.22
  78.46   10.64   -0.52
  78.46   10.64   -0.35
  78.47   10.64   -0.13
  78.47   10.64    0.14
  78.49   10.64    0.13
  78.50   10.64   -0.41
  78.52   10.64    0.32
  78.55   10.64   -0.92
  78.59   10.63   -0.78
  78.60   10.63    0.15
  78.65   10.63   -0.16
  79.06   10.62   -0.35
  79.06   10.62   -0.21
  79.16   10.62    0.12
  79.18   10.62    0.10
  79.29   10.61   -0.43
  79.48   10.61   -0.93
  76.35   11.60   -1.05
  76.48   11.61   -0.95
  76.78   11.65   -0.65
  77.26   11.72    0.19
  77.28   11.72   -0.16
  77.28   11.72   -0.73
  77.29   11.72   -0.99
  77.31   11.72   -0.42
  77.33   11.73    0.12
  77.33   11.73   -1.11
  77.35   11.73    0.38
  77.35   11.73    0.46
  77.36   11.73    0.18
  77.36   11.73   -0.20
  77.36   11.73   -0.37
  77.43   11.74   -0.46
  77.76   11.79   -0.57
  78.11   11.85   -0.72
  78.16   11.85   -0.28
  78.16   11.85   -0.23
  78.35   11.89   -0.85
  78.40   11.90   -0.33
  78.55   11.92   -0.40
  78.61   11.93   -0.28
  78.72   11.95   -0.08
  78.73   11.96   -0.49
  78.93   11.99   -0.82
  79.19   12.05   -0.31
  79.39   12.09   -0.54
  79.48   12.11   -0.76
  79.57   12.13   -0.30
  79.59   12.13   -0.27
  79.59   12.13   -0.53
  79.65   12.14   -0.40
  79.68   12.15   -0.43
  79.70   12.16    0.44
  79.70   12.16    0.44
  79.75   12.17    0.67
  79.76   12.17    0.40
  79.82   12.18    0.02
  79.82   12.18   -0.53
  79.82   12.18   -0.59
  79.84   12.19   -0.20
  73.43   13.08   -0.28
  73.83   13.20    0.30
  73.89   13.22   -0.31
  72.72   10.09    0.03
  75.44    8.48    0.02
  75.60    8.47   -0.13
  75.75    8.47    0.16
  75.84    8.47    0.44
  75.97    8.47   -0.44
  76.04    8.47   -0.32
  76.05    8.47    0.67
  76.22    8.47   -0.21
  76.23    8.47    0.54
  76.23    8.47   -0.35
  76.25    8.47    0.30
  76.30    8.47    1.04
  76.31    8.47    0.69
  76.34    8.47   -0.03
  76.34    8.47   -0.24
  76.52    8.47    0.31
  76.64    8.47   -0.30
  74.47    8.92   -0.60
  74.83    8.94   -0.66
  74.86    8.94   -0.87
  74.90    8.94   -0.12
  75.84    9.00   -0.25
  75.85    9.01   -0.66
  77.38   12.02   -0.81
  73.85    8.28    0.17
  70.71    6.15   -0.36
  71.54    6.14   -0.80
  73.31    9.46   -1.15
  73.39    9.49   -0.45
  73.44    9.51   -0.91
  73.44    9.51   -0.31
  73.46    9.52   -0.69
  73.46    9.52   -0.39
  73.48    9.53   -0.58
  73.48    9.53   -0.46
  73.48    9.53   -0.97
  73.50    9.53   -0.31
  73.52    9.54   -0.33
  73.52    9.54    0.12
  73.61    9.58   -0.66
  73.65    9.59   -0.68
  73.65    9.59   -1.00
  73.68    9.61   -0.97
  74.17    9.83   -0.99
  74.19    9.84   -1.10
  74.22    9.86   -0.90
  74.22    9.86    0.16
  74.22    9.86    0.72
  74.24    9.87   -0.44
  74.24    9.87   -0.22
  74.25    9.88   -0.69
  74.25    9.88   -0.54
  74.25    9.88   -0.59
  74.25    9.88   -0.43
  74.27    9.88   -0.62
  74.27    9.88    0.18
  74.35    9.93   -0.82
  74.36    9.93   -0.79
  74.36    9.93   -0.01
  74.43    9.97   -1.09
  74.43    9.97   -0.61
  74.43    9.97   -0.45
  74.44    9.98   -0.35
  74.67   10.11   -0.41
  74.77   10.17   -0.98
  74.81   10.20    0.16
  74.81   10.20   -0.55
  74.82   10.21   -0.78
  74.82   10.21   -0.58
  74.84   10.22   -0.37
  74.84   10.22   -0.68
  74.84   10.22   -0.33
  74.86   10.24   -0.30
  74.88   10.24   -0.67
  74.93   10.28   -0.84
  74.93   10.28   -0.25
  74.95   10.30   -0.90
  75.26   10.55   -0.69
  75.47   10.76   -0.78
  75.50   10.80   -1.05
  75.55   10.86   -0.83
  75.79   11.30   -0.66
  75.82   11.38   -0.98
  75.86   11.70   -0.93
  74.57   13.30    0.10
  72.70   14.10    0.44
  75.75   15.24   -1.17
  75.71   15.24   -1.03
  73.71   15.46   -0.99
  73.71   15.46   -0.68
  73.67   15.47   -0.94
  73.63   15.47   -0.81
  73.50   15.48    0.05
  76.32    6.08   -0.23
  75.21    6.55   -0.56
  74.30    6.85   -0.18
  74.30    6.85   -0.34
  74.14    6.90   -0.59
  73.86    6.98    0.53
  73.31    7.12    0.09
  73.30    7.12    0.20
  73.75    8.61   -0.55
  73.73    8.62   -0.92
  73.57    8.63   -1.16
  73.52    8.64   -0.05
  73.50    8.64    0.55
  73.50    8.64   -0.56
  73.48    8.64   -0.15
  73.48    8.64   -1.04
  73.46    8.64   -0.31
  73.46    8.64    0.49
  73.44    8.64   -0.59
  73.44    8.64   -1.05
  73.12    8.67    0.33
  73.08    8.68    0.09
  73.07    8.68   -0.52
  73.07    8.68   -0.06
  73.05    8.68   -0.17
  73.05    8.68   -0.78
  73.01    8.68    0.47
  73.01    8.68   -0.65
  72.99    8.68   -0.25
  72.99    8.68    0.57
  72.97    8.69   -0.91
  72.97    8.69   -0.15
  72.97    8.69    0.08
  72.96    8.69   -0.63
  72.96    8.69   -0.46
  72.94    8.69    1.02
  72.94    8.69    0.08
  72.94    8.69   -0.15
  72.94    8.69   -0.72
  72.92    8.69   -0.48
  72.92    8.69   -0.68
  72.90    8.69    0.09
  72.85    8.70   -0.70
  72.85    8.70   -1.07
  72.83    8.70   -0.50
  72.81    8.70   -0.45
  72.78    8.70    0.30
  72.78    8.70   -0.01
  72.74    8.71   -0.11
  72.74    8.71   -0.56
  72.72    8.71    0.02
  72.72    8.71   -0.39
  72.69    8.71   -0.16
  72.69    8.71    0.38
  72.10    8.76   -0.29
  72.08    8.76   -0.09
  72.06    8.76   -0.82
  72.05    8.76   -0.66
  72.03    8.76    0.10
  71.99    8.77   -0.26
  71.97    8.77   -0.21
  71.94    8.77   -0.63
  71.94    8.77   -0.24
  71.94    8.77   -0.30
  71.94    8.77    0.02
  71.94    8.77    0.33
  71.92    8.77    0.38
  71.92    8.77    0.34
  71.92    8.77   -0.30
  71.90    8.77    0.07
  71.90    8.77    0.19
  71.90    8.77    0.97
  71.89    8.78   -0.59
  71.89    8.78    0.52
  71.87    8.78    0.95
  70.51    6.36    0.16
