  77.50   10.04   -0.95
  77.91   10.04   -0.30
  77.95   10.04   -0.40
  77.95   10.04   -0.67
  77.97   10.04    0.56
  78.56   10.03   -0.32
  79.08   10.03   -0.36
  79.29   10.03    0.06
  79.32   10.03    0.33
  79.81   10.03   -0.66
  80.49   10.02   -0.58
  78.47   14.61   -0.23
  76.05   11.09    0.18
  77.00   11.21   -0.24
  77.19   11.23    0.28
  77.26   11.24   -0.08
  77.26   11.24    0.13
  77.40   11.26   -0.06
  77.43   11.26    0.46
  77.44   11.27    0.45
  77.78   11.31    0.12
  77.79   11.32   -0.11
  78.15   11.37   -0.22
  78.19   11.38    0.19
  78.22   11.38   -0.31
  78.31   11.39    0.21
  78.32   11.40   -0.13
  78.34   11.40    0.63
  78.37   11.40    0.53
  78.56   11.44    0.05
  78.58   11.44    0.13
  76.56    9.17    0.11
  76.60    9.17   -0.03
  76.61    9.17   -0.16
  76.61    9.17    0.16
  76.62    9.17    0.27
  76.62    9.17   -0.21
  76.63    9.17    0.08
  76.70    9.17    0.84
  77.15    9.16    0.41
  77.15    9.16    0.83
  73.26    9.34   -0.18
  75.51   11.88    0.10
  75.92   11.98    0.69
  76.41   12.10   -0.73
  74.25   10.28   -0.49
  76.46   13.36   -0.63
  76.64   16.67    0.14
  76.63   16.68    0.41
  76.54   16.74   -0.30
  76.45   16.80   -0.17
  76.44   16.80    0.23
  76.43   16.81    0.01
  76.39   16.83   -0.44
  73.38   11.85   -0.60
  73.64    8.94   -0.22
  73.68    8.94    0.20
  73.68    8.94   -0.32
  73.70    8.94    0.13
  73.72    8.94    0.33
  73.73    8.94   -0.18
  73.77    8.94   -0.25
  73.90    8.94    0.14
  74.10    8.94   -0.24
  74.63    8.94   -0.08
  74.65    8.94   -0.47
  74.78    8.94   -0.62
  74.80    8.94    0.25
  74.91    8.94   -0.48
  74.96    8.94    0.36
  74.97    8.94    0.55
  75.19    8.94   -0.10
  75.23    8.94    0.20
  75.25    8.94    0.57
  75.27    8.94    0.15
  75.28    8.94    0.03
  75.31    8.94    0.32
  75.32    8.94    0.41
  75.33    8.94    0.65
  75.37    8.94    0.23
  75.44    8.94   -0.40
  75.45    8.94   -0.09
  76.22    8.94   -0.62
  76.34    8.94   -0.52
  76.44    8.95    0.43
  76.60    8.95    0.41
  76.26   10.96    0.50
  76.86   11.15    0.67
  78.22   11.73   -0.28
  78.55   11.91   -0.57
  73.46   17.53   -0.33
  71.00   17.30   -0.71
  78.90   11.35   -0.58
  79.91   11.57   -0.35
  79.93   11.59    0.17
  79.95   11.61   -0.59
  79.96   11.61   -0.06
  79.97   11.62   -0.39
  80.00   11.65    0.16
  80.07   11.71   -0.08
  80.08   11.71    0.80
  80.24   11.86   -0.60
  72.65    8.51   -0.14
  76.05    9.89   -0.29
  76.05    9.89   -0.31
  76.60   10.08    0.17
  76.61   10.09    0.12
  74.10    6.36   -0.53
  74.57    6.35    0.73
  74.58    6.35    0.69
  74.61    6.35    0.72
  74.91    6.35    0.10
  74.93    6.35    0.21
  74.14    9.79   -1.25
  78.43   11.45   -1.10
  73.33    8.35   -0.54
  73.33    8.35   -0.55
  73.35    8.35   -0.36
  71.96   17.64    0.23
  68.94   17.74   -0.80
  68.31   17.76   -0.63
  74.62    9.25   -0.69
  74.62    9.25   -0.87
  74.67    9.27   -0.12
  74.75    9.29   -0.71
  74.89    9.34   -0.89
  75.04    9.39   -0.74
  75.11    9.42   -0.16
  75.12    9.42   -0.01
  75.16    9.44   -0.33
  75.19    9.45   -0.60
  75.20    9.45   -0.56
  75.22    9.46   -0.68
  75.25    9.47   -0.13
  75.34    9.50   -0.31
  75.43    9.54   -0.13
  75.44    9.54   -0.35
  75.45    9.55   -0.07
  75.45    9.55    0.34
  75.46    9.55   -0.26
  75.86    9.72   -0.23
  75.86    9.72   -0.40
  75.87    9.72    0.01
  75.87    9.72   -0.76
  75.97    9.77   -0.57
  75.99    9.78   -0.73
  75.99    9.78   -0.02
  76.00    9.78   -0.68
  76.02    9.79    0.22
  76.03    9.80    0.28
  76.03    9.80   -0.66
  76.06    9.81   -0.21
  76.06    9.81   -0.11
  76.06    9.81   -0.54
  76.06    9.81   -0.68
  76.07    9.82   -0.10
  76.07    9.82   -0.04
  76.07    9.82   -0.65
  76.07    9.82   -0.51
  76.08    9.82   -0.83
  76.09    9.82   -1.03
  76.09    9.82    0.33
  76.11    9.84   -0.79
  76.11    9.84   -0.61
  76.12    9.84    0.39
  76.13    9.84   -0.16
  76.13    9.84    0.04
  76.17    9.86   -1.20
  76.25    9.90   -0.79
  76.26    9.91   -0.02
  76.42    9.99   -0.61
  77.51   10.79   -0.23
  77.54   10.82   -0.14
  77.54   10.82   -0.18
  77.60   10.88   -0.42
  77.63   10.92    0.14
  77.72   11.03   -0.39
  77.73   11.04   -0.43
  77.74   11.05   -0.27
  77.76   11.09   -0.32
  77.77   11.10    0.28
  77.94   11.43   -0.22
  77.94   11.43    0.03
  77.95   11.44   -0.57
  77.95   11.44   -0.47
  77.95   11.44   -0.16
  77.95   11.45   -0.33
  77.97   11.51   -0.90
  77.97   11.51   -0.58
  77.97   11.51   -1.15
  78.01   11.65    1.10
  76.81   13.64   -0.37
  76.80   13.65   -0.53
  76.78   13.66   -0.50
  76.70   13.71   -0.92
  76.70   13.71   -0.94
  76.70   13.71   -0.37
  76.67   13.73   -0.36
  76.62   13.76   -0.07
  76.61   13.76   -0.74
  76.61   13.76   -0.80
  74.74   14.57   -0.74
  76.79   10.01   -0.89
  76.82   10.03   -0.76
  76.83   10.05   -0.75
  76.95   10.17   -0.33
  76.98   10.20   -0.53
  77.04   10.27   -0.74
  77.16   10.42   -0.35
  77.42   11.41   -0.88
  77.42   11.42   -0.98
  77.42   11.43   -1.11
  77.39   11.55   -0.74
  76.74   12.52   -0.73
  76.74   12.52   -0.82
  76.74   12.52   -0.76
  76.73   12.53   -0.69
  71.08    7.43    0.91
  71.12    7.44   -0.14
  71.14    7.44   -0.13
  71.23    7.45    1.13
  71.24    7.45   -0.57
  71.24    7.45   -0.27
  71.24    7.45   -0.47
  71.26    7.46    0.27
  71.36    7.47    0.00
  71.37    7.47   -0.40
  71.39    7.48   -0.30
  71.39    7.48    0.28
  71.43    7.48    0.23
  71.46    7.49    0.32
  71.56    7.50   -0.42
  73.47   15.72   -0.25
  72.59   15.79   -0.37
  72.59   15.79   -0.55
  74.33   16.61   -0.80
  78.69   11.48   -0.73
  77.44   12.65   -0.96
  77.30   12.73   -0.50
  77.26   12.75   -0.47
  77.26   12.75   -0.63
  77.11   12.83    0.29
  77.11   12.83   -0.75
  76.99   12.89   -0.99
  76.99   12.89   -0.93
  79.33   16.97   -0.71
  79.10   16.97   -0.47
  79.02   16.97   -0.77
  79.02   16.97   -0.76
  78.99   16.97   -0.64
  78.76   16.97   -0.51
  78.76   16.97   -0.64
  78.73   16.97   -0.46
  78.73   16.97   -0.91
  78.71   16.97   -0.39
  78.68   16.97   -0.11
  78.66   16.97   -0.43
  78.66   16.97   -0.62
  78.63   16.97    0.16
  78.63   16.97    0.09
  78.58   16.97   -0.62
  78.58   16.97   -0.31
  78.53   16.97   -0.53
  78.50   16.97   -1.05
  78.32   16.97   -0.60
  78.00   16.97   -0.58
  77.97   16.97   -0.57
  77.97   16.97   -0.17
  77.97   16.97   -0.83
  77.92   16.97   -0.62
  77.76   16.97   -0.71
  77.74   16.97    0.10
  77.74   16.97   -0.80
  77.71   16.97   -0.66
  77.68   16.97   -0.22
  77.63   16.97   -0.56
  77.53   16.97   -0.62
  77.53   16.97   -0.05
  77.47   16.97   -0.06
  77.45   16.97   -0.09
  77.45   16.97   -0.23
  77.45   16.97   -0.36
  77.39   16.97   -0.33
  77.37   16.97   -0.61
  77.37   16.97   -0.89
  77.37   16.97   -0.54
  77.34   16.97   -1.08
  77.34   16.97   -0.90
  77.34   16.97   -0.78
  77.21   16.97   -0.45
  77.16   16.97   -0.14
  77.16   16.97   -0.27
  77.16   16.97   -1.00
  77.13   16.97   -0.14
  77.13   16.97    0.93
  77.10   16.97   -0.33
  77.10   16.97   -0.09
  77.08   16.97    0.29
  77.08   16.97    0.02
  77.08   16.97    0.82
  77.05   16.97   -0.72
  77.02   16.97    0.14
  77.02   16.97   -0.36
  76.97   16.97   -0.74
  76.89   16.97   -1.08
  76.89   16.97   -0.78
  76.86   16.97   -0.37
  76.86   16.97   -0.16
  76.86   16.97    0.69
  76.84   16.97   -0.54
  76.84   16.97   -0.77
  76.81   16.97   -0.34
  76.81   16.97   -0.43
  76.81   16.97    0.31
  76.78   16.97   -0.59
  76.76   16.97   -0.54
  76.73   16.97   -0.25
  76.73   16.97   -0.96
  76.70   16.97   -0.18
  76.68   16.97    0.06
  76.68   16.97    0.89
  76.65   16.97    0.11
  76.65   16.97   -0.40
  76.63   16.97    0.09
  76.60   16.97    1.65
  76.60   16.97    0.56
  76.57   16.97   -0.46
  76.55   16.97    0.33
  76.55   16.97   -0.84
  76.52   16.97   -0.90
  76.52   16.97   -0.74
  76.49   16.97   -0.81
  76.47   16.97   -0.66
  76.41   16.97   -0.25
  76.36   16.97   -0.76
  76.36   16.97   -0.26
  76.33   16.97   -0.68
  76.33   16.97   -0.80
  76.22   16.97   -0.26
  76.17   16.97   -0.71
  75.88   16.97    0.31
  75.82   16.97   -1.10
  75.69   16.97   -0.74
  77.23   10.75   -0.63
  77.14   10.90   -0.17
  77.12   10.93   -0.50
  77.10   10.96    0.14
  77.10   10.96   -0.89
  77.10   10.96   -0.23
  77.02   11.07    0.64
  77.01   11.08    0.38
  77.00   11.10   -0.45
  76.88   11.23   -0.47
  76.88   11.23   -0.33
  76.83   11.27   -0.75
  76.82   11.28    0.24
  76.80   11.31    0.07
  76.79   11.31   -0.17
  76.79   11.31    0.56
  76.79   11.31    0.11
  76.79   11.31   -0.47
  76.78   11.32   -0.37
  76.78   11.32    0.43
  76.77   11.33    0.04
  76.77   11.33    0.57
  76.77   11.33    0.05
  76.77   11.33    0.29
  76.77   11.33    0.18
  76.76   11.34   -0.34
  76.76   11.34   -0.14
  76.76   11.34    0.53
  76.75   11.35   -1.14
  76.75   11.35   -0.62
  76.75   11.35   -0.48
  76.74   11.36   -0.65
  76.74   11.36    0.16
  76.73   11.37   -0.61
  76.73   11.37   -0.22
  76.73   11.37    0.55
  76.72   11.38    0.41
  76.72   11.38    0.21
  76.72   11.38    0.37
  76.71   11.38   -0.00
  76.71   11.38    0.41
  76.70   11.39    0.52
  76.70   11.39    0.80
  76.70   11.39   -0.10
  76.70   11.39    0.34
  76.69   11.40    1.05
  76.69   11.41   -0.31
  76.69   11.41   -0.75
  76.69   11.41   -0.11
  76.68   11.41   -0.04
  76.68   11.41   -0.54
  76.68   11.41   -0.52
  76.67   11.42    0.70
  76.66   11.43    0.64
  76.66   11.43    0.73
  76.65   11.43    0.03
  76.65   11.43    0.03
  76.65   11.43    0.42
  76.65   11.43   -0.81
  76.64   11.45   -0.71
  76.64   11.45    0.39
  76.64   11.45    0.15
  76.63   11.45   -0.80
  76.62   11.46   -0.03
  76.61   11.47   -1.15
  76.61   11.47    0.59
  76.60   11.48   -0.38
  76.60   11.48   -0.73
  76.59   11.48   -0.09
  76.59   11.48   -0.22
  76.59   11.48   -0.55
  76.59   11.49   -0.63
  76.59   11.49   -0.55
  76.58   11.50   -0.39
  76.57   11.50   -0.34
  76.57   11.50   -0.89
  76.57   11.50   -0.39
  76.57   11.50    0.07
  76.56   11.51   -0.23
  76.56   11.51   -1.05
  76.54   11.53   -0.93
  76.53   11.53   -0.52
  76.53   11.53   -0.15
  76.52   11.54   -0.53
  76.52   11.54   -0.66
  76.43   11.61   -0.38
  76.41   11.62   -0.91
  76.40   11.63   -0.41
  76.03   11.87   -0.85
  75.99   11.89    0.51
  75.81   11.99   -0.10
  76.29   11.04   -0.78
  76.29   11.04   -0.55
  76.28   11.05   -0.55
  76.28   11.05   -0.20
  75.35   11.80   -0.87
  75.22   11.87   -0.15
  75.21   11.88   -0.90
  75.20   11.88    0.04
  75.20   11.88    0.25
  75.14   11.92   -0.23
  75.12   11.92   -0.29
  75.12   11.92   -0.22
  75.12   11.92   -0.66
  75.12   11.92   -0.81
  75.09   11.94   -0.28
  75.09   11.94   -0.42
  75.09   11.94   -1.25
  75.05   11.96    0.22
  75.04   11.97   -0.19
  75.02   11.98   -0.43
  75.01   11.98    0.14
  75.00   11.99   -0.02
  75.00   11.99   -0.13
  74.98   12.00   -0.60
  74.98   12.00   -0.89
  74.98   12.00   -0.81
  74.97   12.00   -0.80
  74.97   12.00   -1.23
  74.92   12.03   -0.45
  74.92   12.03   -0.76
  74.91   12.04   -0.72
  74.89   12.04    0.17
  74.88   12.05   -0.78
  74.88   12.05   -0.61
  74.87   12.06   -0.83
  74.87   12.06   -0.33
  74.85   12.06   -0.02
  74.84   12.07   -0.08
  74.80   12.09   -0.17
  74.77   12.10    0.75
  74.76   12.11    0.01
  74.76   12.11   -0.53
  74.74   12.11   -0.49
  73.91   12.46   -0.92
  73.89   12.46   -0.92
  73.89   12.46   -0.60
  75.41   16.19    0.43
  75.35   16.19    0.05
  75.29   16.19   -0.19
  74.46   16.18    0.00
  74.38   16.18    0.71
  74.35   16.18   -0.58
  74.14   16.18    0.49
  74.11   16.18   -0.84
  73.66   16.17   -0.65
  73.63   16.17   -0.13
  72.92   16.17   -0.98
  72.89   16.17   -0.41
  72.71   16.17    0.15
  72.68   16.17    0.07
  72.68   16.17   -0.17
  72.62   16.17   -0.47
  72.59   16.16   -0.29
  72.56   16.16   -0.80
  72.53   16.16   -0.35
  75.50    8.03   -0.26
  75.64    8.09   -0.60
  77.50   10.00   -0.41
  77.46   10.46   -1.09
  77.45   10.47   -0.86
  77.45   10.48    0.52
  77.45   10.49   -0.25
  77.45   10.49   -0.84
  77.45   10.50   -0.59
  77.45   10.50   -0.38
  77.45   10.50   -0.53
  77.44   10.51   -0.84
  77.44   10.51   -0.96
  77.44   10.53   -0.75
  77.43   10.54   -0.96
  77.43   10.54   -0.23
  77.43   10.54   -0.13
  77.43   10.55   -1.06
  77.43   10.56   -0.90
  77.43   10.56   -0.83
  77.43   10.56   -0.96
  77.42   10.58   -0.81
  77.41   10.59   -1.17
  77.41   10.59   -0.38
  77.39   10.65   -0.70
  77.39   10.65    0.06
  77.39   10.65   -0.03
  77.38   10.69   -0.03
  77.38   10.69   -0.62
  77.37   10.70    0.28
  77.36   10.72   -0.18
  77.34   10.75   -1.09
  77.34   10.76   -1.04
  77.33   10.78   -0.10
  77.32   10.79    0.18
  77.31   10.81   -0.47
  77.31   10.81   -1.17
  77.30   10.83   -0.35
  77.26   10.90   -0.55
  77.24   10.92   -0.12
  77.20   10.99   -0.29
  77.19   11.00   -0.93
  77.19   11.00   -0.44
  77.16   11.04   -0.04
  77.14   11.07   -0.38
  77.12   11.09    0.01
  77.10   11.12   -0.34
  77.10   11.12   -0.04
  77.05   11.17   -0.61
  77.05   11.17   -0.47
  77.04   11.18   -0.83
  77.04   11.18   -0.69
  77.03   11.19   -0.80
  77.00   11.22   -0.66
  76.99   11.23   -0.75
  76.99   11.23   -0.72
  76.99   11.24   -0.43
  76.98   11.25   -0.14
  76.97   11.26   -0.88
  76.97   11.26   -0.66
  76.97   11.26   -0.90
  76.97   11.26   -0.44
  76.96   11.27   -0.10
  76.96   11.27   -0.35
  76.94   11.28   -0.51
  76.94   11.29   -0.40
  76.94   11.29   -0.79
  76.94   11.29   -0.42
  76.93   11.30   -0.69
  76.92   11.31   -0.89
  76.92   11.31   -1.11
  76.92   11.31   -0.50
  76.91   11.31   -0.62
  76.87   11.36    0.07
  76.86   11.36    0.39
  76.85   11.37   -0.85
  76.83   11.39   -0.14
  76.82   11.40   -1.18
  76.81   11.41   -0.38
  76.81   11.41   -0.89
  76.81   11.41    0.20
  76.79   11.43   -0.58
  76.78   11.44   -0.31
  76.78   11.44   -0.41
  76.77   11.44   -0.66
  76.76   11.45   -0.42
  76.76   11.45   -0.86
  76.75   11.46   -0.64
  76.75   11.46    0.01
  76.74   11.47   -0.95
  76.73   11.48    0.21
  76.72   11.48   -0.86
  76.72   11.48   -0.20
  76.72   11.48   -0.58
  76.72   11.48   -0.65
  76.71   11.49   -0.96
  76.69   11.51   -0.55
  76.69   11.51    0.13
  76.69   11.51   -0.42
  76.69   11.51   -0.44
  76.68   11.52   -0.88
  76.67   11.52   -0.80
  76.66   11.53   -1.11
  76.66   11.53   -0.94
  76.65   11.54    0.12
  76.64   11.55   -0.57
  76.64   11.55   -0.21
  76.63   11.56   -0.24
  76.63   11.56    0.12
  76.60   11.58   -0.07
  76.60   11.58    0.05
  76.59   11.59   -1.02
  76.59   11.59   -0.68
  76.58   11.60    0.07
  76.57   11.60    0.24
  76.57   11.60   -0.22
  76.56   11.61   -0.20
  76.55   11.62   -0.85
  76.54   11.63   -1.10
  76.52   11.64   -0.31
  76.51   11.65   -0.03
  76.51   11.65   -0.57
  76.51   11.65   -0.73
  76.51   11.65   -1.01
  76.50   11.66   -0.66
  76.50   11.66   -0.69
  76.50   11.66   -0.45
  76.48   11.67   -0.97
  76.48   11.67   -0.39
  76.47   11.67   -0.62
  76.46   11.68   -0.48
  76.45   11.69   -0.61
  76.44   11.70   -0.12
  76.43   11.71   -0.11
  76.43   11.71   -0.48
  76.39   11.73   -0.83
  76.35   11.76   -0.48
  76.32   11.77   -0.25
  76.32   11.77   -0.60
  76.31   11.78   -0.76
  75.86   12.04   -1.00
  79.94   15.52   -0.10
  79.05   15.55   -0.53
  78.88   15.56   -0.77
  77.90   15.58   -0.47
  80.66   12.56   -0.73
  72.00    6.56   -0.42
  72.01    6.57   -0.52
  72.03    6.57   -0.46
  72.05    6.58   -0.92
  72.11    6.59   -0.24
  72.11    6.59   -0.63
  72.13    6.60   -0.03
  72.13    6.60   -0.79
  72.13    6.60   -0.15
  73.83    7.09   -0.53
  73.89    7.11   -0.80
  76.26    8.36   -1.14
  76.27    8.37   -0.89
  76.28    8.38   -0.81
  76.34    8.43   -0.30
  76.35    8.45   -1.01
  76.36    8.46   -0.22
  76.62    8.76   -0.36
  76.62    8.77    0.51
  76.67    8.83    0.36
  76.67    8.84   -0.50
  76.67    8.84   -0.95
  76.67    8.84    0.86
  76.68    8.85   -0.51
  76.69    8.87   -0.93
  76.69    8.87   -0.70
  76.70    8.88   -0.48
  76.70    8.89   -0.74
  76.71    8.91   -0.58
  76.71    8.91   -0.27
  76.71    8.91   -0.24
  76.71    8.91   -0.38
  76.72    8.92   -0.33
  76.72    8.93    0.42
  76.72    8.93    0.21
  76.72    8.93   -0.18
  76.73    8.93   -0.39
  76.73    8.93    0.19
  76.73    8.95   -0.78
  76.73    8.95    0.32
  76.74    8.96   -0.63
  76.74    8.97    0.26
  76.74    8.97   -0.29
  76.74    8.97   -0.67
  76.75    8.98    0.47
  76.75    8.98   -0.52
  76.75    8.99   -0.40
  76.75    8.99   -0.42
  76.75    8.99    0.69
  76.77    9.02   -0.29
  76.78    9.04   -0.34
  76.78    9.04    0.23
  76.78    9.04   -0.39
  76.78    9.04    0.27
  76.78    9.04   -0.63
  76.78    9.04   -0.14
  76.78    9.05   -0.04
  76.78    9.05   -0.45
  76.78    9.05   -0.63
  76.80    9.08   -0.35
  76.80    9.09    0.01
  76.80    9.09   -0.28
  76.80    9.10   -0.68
  76.81    9.10   -0.30
  76.81    9.11    0.02
  76.82    9.15    0.73
  76.82    9.16   -0.20
  76.82    9.16   -0.21
  76.82    9.16    0.45
  76.82    9.16    0.79
  76.83    9.17   -0.75
  76.83    9.17    0.99
  76.84    9.19   -0.37
  76.84    9.19   -0.55
  76.84    9.20   -0.48
  76.84    9.20   -0.06
  76.84    9.20   -0.55
  76.84    9.20    0.32
  76.85    9.24   -0.58
  76.85    9.24   -0.82
  76.85    9.24   -0.67
  76.86    9.26   -0.66
  76.86    9.26   -0.57
  76.86    9.26   -0.55
  76.86    9.28   -0.38
  76.86    9.28   -1.22
  76.86    9.28   -0.81
  76.87    9.33    0.56
  76.88    9.39   -0.44
  76.89    9.40   -0.56
  76.89    9.40   -0.07
  76.89    9.41    0.07
  76.89    9.42   -1.05
  76.89    9.43   -0.63
  76.89    9.43   -0.31
  76.89    9.43   -0.20
  76.89    9.43   -0.70
  76.89    9.43   -0.42
  76.89    9.44   -0.82
  76.89    9.45   -1.08
  76.89    9.45   -0.38
  76.89    9.46    0.28
  76.89    9.46   -0.39
  76.89    9.46   -0.89
  76.89    9.47   -1.05
  76.89    9.49   -0.22
  76.89    9.49   -0.65
  76.90    9.50   -0.14
  76.90    9.52   -0.72
  76.90    9.55   -0.90
  76.90    9.55   -0.31
  76.90    9.56   -0.35
  76.90    9.56   -0.59
  76.90    9.57   -0.16
  76.90    9.57    0.17
  76.90    9.57   -0.42
  76.90    9.58   -0.87
  76.90    9.58   -0.59
  76.90    9.59    0.22
  76.90    9.59    0.99
  76.90    9.59   -0.32
  76.90    9.59   -0.29
  76.90    9.59   -0.25
  76.90    9.60    0.21
  76.90    9.60   -0.31
  76.90    9.61    0.03
  76.90    9.61    0.30
  76.90    9.63   -0.81
  76.90    9.64    0.16
  76.90    9.64    0.04
  76.89    9.65   -0.34
  76.89    9.66   -1.20
  76.89    9.66   -0.24
  76.89    9.67   -0.13
  76.89    9.67   -0.88
  76.89    9.68   -0.31
  76.89    9.69   -0.57
  76.89    9.70   -0.56
  76.89    9.72    0.67
  76.89    9.74   -0.38
  76.88    9.75   -0.87
  76.88    9.75   -0.55
  76.88    9.75   -0.68
  76.88    9.76   -0.67
  76.88    9.76   -0.67
  76.88    9.77    0.13
  76.88    9.80   -0.16
  76.87    9.81   -0.55
  76.87    9.81   -0.45
  76.87    9.81   -0.22
  76.87    9.81   -0.99
  76.87    9.82   -0.35
  76.87    9.83   -0.71
  76.87    9.83   -0.49
  76.87    9.83   -0.50
  76.87    9.83   -0.75
  76.87    9.83    0.42
  76.87    9.84   -1.07
  76.87    9.84   -0.03
  76.86    9.88   -0.92
  76.85    9.89   -0.47
  76.84    9.95   -0.45
  76.83    9.96   -0.65
  76.83    9.96   -0.88
  76.83    9.97    0.19
  76.83    9.98   -0.21
  76.82   10.00   -0.63
  76.81   10.03   -0.06
  76.78   10.08   -1.08
  76.78   10.08   -0.40
  76.78   10.10   -0.18
  76.78   10.10   -0.51
  76.78   10.10   -0.12
  76.76   10.14   -0.30
  76.65   10.33   -0.67
  76.65   10.33   -1.01
  76.65   10.33   -0.75
  72.65   14.95   -0.75
  72.54   14.96   -0.14
  72.43   14.96    0.09
  72.39   14.96   -0.57
  73.99   13.28   -0.38
  73.95   13.29   -0.69
  73.92   13.29   -0.44
  73.92   13.29   -1.23
  73.85   13.30   -0.36
  73.79   13.30   -0.90
  73.79   13.30   -1.13
  73.79   13.30   -1.05
  73.69   13.31   -0.77
  73.69   13.31   -0.90
  73.65   13.31   -0.39
  73.62   13.32   -0.15
  73.62   13.32   -0.40
  73.62   13.32   -0.36
  73.62   13.32   -0.53
  73.45   13.33    0.09
  73.35   13.34   -0.49
  73.32   13.34   -0.77
  79.79   12.65   -0.42
  79.76   12.66   -0.55
  79.76   12.66   -0.61
  79.73   12.66   -0.71
  79.73   12.66    0.02
  79.70   12.67    0.08
  79.70   12.67   -0.63
  79.70   12.67   -0.59
  79.11   12.82   -0.95
  79.78   10.67   -1.02
  78.76   11.17   -0.99
  78.76   11.17   -0.56
  78.44   11.30   -0.62
  78.44   11.30   -0.16
  78.44   11.30   -0.83
  78.10   11.42   -0.87
  78.07   11.43    0.51
  78.05   11.43   -0.03
  78.05   11.43   -0.82
  78.05   11.43   -0.09
  78.05   11.43   -0.51
  78.03   11.44   -0.37
  78.03   11.44   -0.11
  78.03   11.44   -0.26
  78.03   11.44    0.23
  78.00   11.45   -0.16
  78.00   11.45    0.42
  78.00   11.45    0.54
  77.98   11.46   -0.27
  77.98   11.46   -0.39
  77.96   11.47    0.19
  77.93   11.47    0.60
  77.91   11.48    0.04
  77.91   11.48    0.30
  77.89   11.49   -0.07
  77.89   11.49   -1.28
  77.89   11.49   -0.32
  77.89   11.49   -0.34
  77.86   11.50    0.09
  77.86   11.50   -0.88
  77.86   11.50   -0.14
  77.86   11.50   -0.42
  77.84   11.50    0.38
  77.84   11.50   -0.06
  77.82   11.51   -0.21
  77.82   11.51   -0.23
  77.82   11.51   -0.13
  77.82   11.51    0.67
  77.79   11.52   -0.35
  77.79   11.52   -0.50
  77.79   11.52   -0.48
  77.77   11.53   -0.42
  77.77   11.53   -0.52
  77.77   11.53   -0.25
  77.75   11.53   -0.61
  77.75   11.53   -0.16
  77.72   11.54   -0.81
  77.72   11.54    0.10
  77.72   11.54    0.05
  77.70   11.55    0.57
  77.70   11.55    1.15
  77.67   11.56   -0.61
  77.67   11.56    0.07
  77.65   11.56    0.32
  77.65   11.56    0.77
  77.63   11.57    0.03
  77.63   11.57   -0.36
  77.63   11.57    0.38
  77.63   11.57   -0.32
  77.60   11.58   -0.03
  77.60   11.58   -0.21
  77.60   11.58    0.41
  77.60   11.58   -0.26
  77.58   11.58   -0.35
  77.58   11.58    0.57
  77.55   11.59    0.57
  77.55   11.59   -0.16
  77.53   11.60   -0.33
  77.50   11.61    0.78
  77.50   11.61    0.04
  77.48   11.61   -0.36
  77.48   11.61   -0.89
  77.48   11.61   -0.96
  77.45   11.62    0.39
  77.45   11.62    0.04
  77.43   11.63    0.80
  77.43   11.63   -0.14
  77.41   11.64   -0.34
  77.41   11.64    0.22
  77.38   11.64    0.13
  77.38   11.64   -0.02
  77.36   11.65   -0.09
  77.36   11.65   -0.07
  77.36   11.65   -0.38
  77.33   11.66   -0.51
  77.33   11.66   -0.64
  77.31   11.66    0.51
  77.31   11.66    0.01
  77.31   11.66   -0.55
  77.31   11.66   -0.81
  77.28   11.67   -0.56
  77.28   11.67   -0.37
  77.26   11.68   -0.15
  77.26   11.68   -0.11
  77.26   11.68    0.03
  77.23   11.68   -0.53
  77.18   11.70   -0.86
  77.16   11.70   -0.99
  77.16   11.70   -0.08
  77.11   11.72   -0.79
  77.08   11.73   -0.64
  77.08   11.73   -1.01
  77.08   11.73   -0.99
  77.06   11.73   -1.01
  77.03   11.74    0.01
  77.03   11.74   -0.64
  77.03   11.74   -0.78
  77.01   11.75   -1.02
  77.01   11.75   -0.72
  77.01   11.75   -0.20
  76.98   11.75   -0.37
  76.98   11.75   -0.18
  76.98   11.75    0.24
  76.98   11.75   -1.09
  76.98   11.75   -0.01
  76.95   11.76   -0.51
  76.95   11.76   -0.22
  76.95   11.76    0.03
  76.90   11.77   -0.79
  76.90   11.77   -0.36
  76.90   11.77   -0.47
  76.88   11.78   -0.61
  76.88   11.78   -0.89
  76.85   11.79   -0.09
  76.85   11.79   -0.22
  76.85   11.79   -0.90
  76.83   11.79   -0.67
  76.83   11.79   -0.13
  76.80   11.80   -0.29
  76.80   11.80    0.60
  76.77   11.81   -0.54
  76.77   11.81   -0.70
  76.77   11.81   -0.87
  76.72   11.82    0.33
  76.70   11.82   -0.24
  76.70   11.82   -0.96
  76.70   11.82   -0.51
  76.67   11.83   -0.38
  76.67   11.83   -0.60
  76.64   11.84   -0.75
  76.64   11.84   -0.55
  76.64   11.84   -0.10
  76.64   11.84    0.14
  76.62   11.84    0.20
  76.62   11.84   -0.40
  76.62   11.84    0.84
  76.59   11.85   -1.09
  76.57   11.86   -0.77
  76.54   11.86    0.55
  76.54   11.86   -0.66
  76.51   11.87    0.01
  76.51   11.87   -0.36
  76.51   11.87   -0.50
  76.49   11.88    0.43
  76.46   11.88   -0.26
  76.46   11.88   -0.23
  76.46   11.88   -0.68
  76.46   11.88   -0.37
  76.43   11.89   -0.78
  76.43   11.89   -0.38
  76.43   11.89   -0.96
  76.43   11.89   -0.23
  76.43   11.89   -0.51
  76.41   11.89   -0.19
  76.41   11.89    0.05
  76.38   11.90   -0.39
  76.38   11.90   -0.53
  76.35   11.91   -0.35
  76.33   11.91   -0.45
  76.33   11.91   -1.24
  76.33   11.91   -0.97
  76.33   11.91   -1.17
  76.30   11.92   -0.41
  76.27   11.92   -0.82
  76.27   11.92    0.11
  76.25   11.93    0.39
  76.22   11.94   -0.46
  76.22   11.94   -0.42
  76.22   11.94   -0.42
  76.19   11.94   -0.93
  76.19   11.94   -1.07
  76.19   11.94   -0.76
  76.17   11.95   -0.12
  76.17   11.95   -0.09
  76.17   11.95   -0.42
  76.14   11.96    0.14
  76.14   11.96   -1.08
  76.14   11.96   -0.64
  76.11   11.96   -0.72
  76.11   11.96   -0.62
  76.11   11.96   -0.59
  76.09   11.97   -0.66
  76.09   11.97   -0.35
  76.06   11.97   -0.34
  76.03   11.98   -0.07
  76.03   11.98    0.06
  76.00   11.98   -0.87
  75.98   11.99   -0.54
  75.98   11.99   -0.21
  75.98   11.99   -0.73
  75.95   12.00   -0.43
  75.95   12.00   -0.14
  75.95   12.00    0.46
  75.92   12.00    0.14
  75.92   12.00   -0.06
  75.92   12.00   -0.33
  75.90   12.01   -0.08
  75.90   12.01   -0.37
  75.87   12.01   -0.57
  75.87   12.01   -0.57
  75.87   12.01   -0.47
  75.84   12.02    0.14
  75.81   12.03   -0.74
  75.81   12.03    0.82
  75.81   12.03    0.93
  75.79   12.03   -0.08
  75.79   12.03   -0.14
  75.79   12.03   -1.24
  75.79   12.03   -0.89
  75.76   12.04   -0.51
  75.76   12.04   -0.47
  75.73   12.04   -0.16
  75.73   12.04   -0.29
  75.73   12.04   -0.77
  75.73   12.04   -0.31
  75.70   12.05    0.04
  75.70   12.05   -1.06
  75.68   12.05   -0.94
  75.68   12.05    0.19
  75.65   12.06   -0.38
  75.65   12.06   -0.34
  75.65   12.06    0.11
  75.62   12.07   -0.88
  75.62   12.07   -0.64
  75.62   12.07   -0.53
  75.62   12.07   -0.27
  75.59   12.07    0.38
  75.59   12.07    0.42
  75.56   12.08   -0.53
  75.56   12.08    1.10
  75.56   12.08    0.15
  75.54   12.08    0.28
  75.54   12.08    0.88
  75.54   12.08    1.21
  75.51   12.09    0.64
  75.51   12.09   -0.93
  75.48   12.09    0.69
  75.45   12.10    0.65
  75.45   12.10    0.25
  75.45   12.10    0.35
  75.45   12.10   -0.39
  75.42   12.10   -0.65
  75.42   12.10    0.10
  75.42   12.10   -0.82
  75.42   12.10   -0.87
  75.40   12.11   -0.23
  75.40   12.11   -0.13
  75.40   12.11   -0.07
  75.37   12.12   -0.50
  75.37   12.12    0.58
  75.34   12.12    0.75
  75.34   12.12   -0.53
  75.34   12.12   -1.18
  75.31   12.13   -0.78
  75.31   12.13   -0.96
  75.31   12.13   -1.37
  75.31   12.13   -0.04
  75.28   12.13   -0.35
  75.28   12.13    0.44
  75.28   12.13   -0.00
  75.28   12.13   -1.36
  75.25   12.14    0.75
  75.25   12.14    0.05
  75.25   12.14    0.10
  75.23   12.14    0.33
  75.20   12.15    0.24
  75.20   12.15   -0.02
  75.20   12.15    0.24
  75.17   12.15   -0.59
  75.17   12.15   -0.36
  75.14   12.16   -0.77
  75.14   12.16   -0.20
  75.11   12.16   -0.73
  75.08   12.17   -0.03
  75.08   12.17   -0.14
  75.06   12.17    0.10
  75.06   12.17   -0.35
  75.03   12.18   -1.22
  75.03   12.18    0.18
  75.03   12.18    0.75
  75.00   12.18   -0.09
  75.00   12.18   -0.51
  74.97   12.19    0.19
  74.97   12.19    0.17
  74.94   12.20    0.08
  74.94   12.20    0.29
  74.91   12.20    0.26
  74.88   12.21   -0.35
  74.88   12.21   -0.11
  74.88   12.21    0.49
  74.85   12.21   -0.25
  74.83   12.22   -0.11
  74.83   12.22   -0.89
  74.83   12.22   -0.73
  74.80   12.22   -1.04
  74.80   12.22   -0.52
  74.80   12.22   -0.07
  74.80   12.22   -0.29
  74.77   12.23    0.60
  74.77   12.23    0.00
  74.77   12.23   -0.34
  74.74   12.23   -0.22
  74.74   12.23    0.01
  74.74   12.23    0.06
  74.74   12.23    0.15
  74.71   12.24   -0.09
  74.71   12.24   -0.71
  74.68   12.24   -0.42
  74.68   12.24   -0.40
  74.68   12.24   -0.88
  74.65   12.25   -0.92
  74.65   12.25   -0.34
  74.65   12.25   -0.81
  74.65   12.25    0.05
  74.62   12.25    0.23
  74.62   12.25   -1.19
  74.59   12.26   -1.04
  74.56   12.26    0.02
  74.56   12.26    0.52
  74.53   12.27    0.46
  74.53   12.27   -0.73
  74.53   12.27   -0.29
  74.48   12.28   -0.82
  74.45   12.28   -0.27
  74.42   12.29    0.11
  74.39   12.29   -0.97
  74.36   12.30   -0.10
  74.36   12.30   -0.36
  74.33   12.30   -0.67
  74.30   12.31   -0.40
  74.30   12.31   -0.24
  74.30   12.31   -0.26
  74.27   12.31   -0.90
  74.27   12.31   -0.22
  73.27   12.46   -0.71
  73.27   12.46   -1.01
  74.42   14.17   -0.40
  74.42   14.17   -0.68
  74.38   14.17   -1.02
  74.38   14.17   -1.12
  74.31   14.17   -1.05
  74.23   14.17   -0.36
  74.19   14.18   -0.03
  74.19   14.18   -0.24
  74.04   14.18   -0.57
  74.04   14.18   -0.52
  74.00   14.18   -0.39
  73.97   14.19   -0.66
  73.97   14.19   -0.60
  73.97   14.19   -0.35
  73.93   14.19   -0.70
  73.89   14.19   -0.84
  73.89   14.19   -0.87
  73.89   14.19   -0.01
  73.89   14.19    0.03
  73.85   14.19    0.32
  73.85   14.19   -0.15
  73.85   14.19    0.52
  73.82   14.19    1.16
  73.82   14.19    0.43
  73.78   14.19   -0.18
  73.78   14.19   -0.03
  73.78   14.19   -0.80
  73.78   14.19   -0.69
  73.74   14.20   -0.51
  73.70   14.20   -0.41
  73.66   14.20   -0.20
  73.66   14.20   -0.09
  73.66   14.20   -0.86
  73.63   14.20   -0.34
  73.63   14.20    0.22
  73.59   14.20   -0.54
  73.55   14.20   -0.11
  73.55   14.20    0.42
  73.55   14.20   -0.63
  73.51   14.21   -0.45
  73.51   14.21   -0.01
  73.51   14.21    0.17
  73.51   14.21   -0.09
  73.48   14.21   -0.74
  73.48   14.21   -0.76
  73.44   14.21   -0.81
  73.40   14.21    0.69
  73.40   14.21    0.75
  73.36   14.21    0.02
  73.36   14.21    0.53
  73.32   14.21   -0.22
  78.36    8.99   -0.17
  78.36    8.99   -0.32
  78.35    9.00   -0.37
  78.35    9.00   -0.83
  78.35    9.00    0.09
  78.35    9.01   -1.02
  78.35    9.01   -0.45
  78.34    9.02   -0.37
  78.34    9.03   -0.49
  78.33    9.04   -1.02
  78.33    9.05   -0.37
  78.32    9.06   -1.07
  78.23    9.22   -0.92
  78.23    9.23   -0.93
  78.21    9.25   -0.63
  78.21    9.25   -0.97
  78.21    9.25   -1.01
  77.74    9.78   -0.66
  77.71    9.80    0.31
  77.71    9.80    0.26
  77.70    9.81    0.54
  77.70    9.81    0.23
  77.69    9.82   -0.59
  77.68    9.83   -0.84
  77.66    9.85   -0.72
  77.66    9.85    0.34
  77.66    9.85    0.54
  77.64    9.86    0.95
  77.64    9.86   -0.89
  77.64    9.86   -0.91
  77.63    9.87    0.39
  77.62    9.88   -0.93
  77.61    9.89   -0.80
  77.61    9.89   -0.25
  77.61    9.89    0.68
  77.60    9.90   -0.63
  77.60    9.90    0.00
  77.60    9.90   -0.96
  77.60    9.90   -0.35
  77.60    9.90   -0.48
  77.58    9.91   -0.63
  77.58    9.91   -0.46
  77.58    9.91    0.30
  77.57    9.92    0.37
  77.57    9.92   -0.88
  77.56    9.93   -0.97
  77.56    9.93   -0.67
  77.55    9.94   -0.72
  77.55    9.94   -0.63
  77.55    9.94   -0.40
  77.53    9.95   -0.59
  77.53    9.95   -0.45
  77.52    9.96    0.14
  77.51    9.96    0.18
  77.51    9.96    0.25
  77.51    9.96    0.01
  77.50    9.97    0.00
  77.48    9.98    0.89
  77.48    9.98    0.38
  77.47    9.99   -0.58
  77.47    9.99   -0.55
  77.47    9.99   -0.69
  77.47    9.99   -0.75
  77.46   10.00   -0.41
  77.46   10.00   -1.04
  77.44   10.01   -0.40
  77.43   10.02    0.83
  77.42   10.03   -0.52
  77.25   10.14   -0.35
  77.25   10.14   -0.81
  77.21   10.17   -0.76
  77.21   10.17   -0.93
  77.12   10.22   -0.99
  77.12   10.22   -0.27
  77.11   10.23   -0.77
  76.92   10.34   -0.79
  76.90   10.35    0.06
  76.90   10.35   -0.24
  76.69   10.46   -0.44
  76.67   10.47   -0.28
  76.66   10.48    0.84
  76.66   10.48    0.88
  76.64   10.49   -0.02
  76.64   10.49    0.34
  76.62   10.50   -0.24
  76.62   10.50   -0.36
  76.62   10.50    0.13
  76.60   10.50   -0.23
  76.60   10.50   -0.83
  76.60   10.50   -0.50
  76.60   10.50    0.15
  76.59   10.51   -0.72
  76.57   10.52   -0.58
  76.54   10.54    0.01
  76.54   10.54    0.24
  76.52   10.55    0.07
  76.52   10.55   -0.66
  76.50   10.55    1.36
  76.48   10.56    1.35
  76.48   10.56   -0.59
  76.48   10.56   -0.30
  76.48   10.56    0.27
  76.46   10.57   -0.71
  76.46   10.57    0.65
  76.45   10.58    0.03
  76.45   10.58   -0.56
  76.45   10.58    0.22
  76.45   10.58   -0.88
  76.41   10.60   -1.02
  76.39   10.60   -0.90
  76.39   10.60   -0.71
  76.37   10.61   -0.39
  76.37   10.61   -0.49
  76.36   10.62    0.13
  76.34   10.63   -0.22
  76.34   10.63   -1.18
  76.32   10.64    0.11
  76.32   10.64    0.65
  76.32   10.64   -0.46
  76.30   10.65   -1.17
  76.30   10.65   -0.24
  76.28   10.65   -0.26
  76.26   10.66   -0.06
  76.26   10.66   -0.35
  76.23   10.68   -0.18
  76.23   10.68    0.10
  76.19   10.69   -0.66
  76.17   10.70   -0.74
  76.15   10.71   -0.97
  76.15   10.71   -0.49
  76.13   10.72    0.23
  76.11   10.73    0.01
  76.11   10.73   -0.25
  76.11   10.73   -0.22
  76.09   10.73   -0.13
  76.09   10.73   -0.96
  76.09   10.73   -0.99
  76.09   10.73   -0.06
  76.07   10.74    0.07
  76.07   10.74   -1.08
  76.07   10.74   -1.09
  76.07   10.74   -0.68
  76.06   10.75   -0.84
  76.06   10.75   -0.72
  76.06   10.75   -1.01
  76.06   10.75   -0.56
  76.04   10.76    0.02
  76.02   10.77   -0.66
  76.00   10.77   -0.93
  76.00   10.77   -1.06
  76.00   10.77   -0.67
  75.98   10.78   -0.55
  75.98   10.78   -0.83
  75.96   10.79   -0.31
  75.94   10.80    0.06
  75.94   10.80   -0.76
  75.92   10.80   -0.05
  75.92   10.80   -0.71
  75.92   10.80   -1.05
  75.92   10.80    0.17
  75.90   10.81   -0.50
  75.90   10.81   -0.34
  75.88   10.82    0.12
  75.86   10.83    0.22
  75.84   10.84   -0.29
  75.82   10.84   -0.64
  75.82   10.84   -0.50
  75.80   10.85    0.19
  75.78   10.86   -0.36
  75.78   10.86    0.36
  75.76   10.87   -0.04
  75.76   10.87   -0.02
  75.74   10.87    0.25
  75.74   10.87   -0.58
  75.74   10.87   -0.51
  75.72   10.88   -0.14
  75.70   10.89   -0.19
  75.70   10.89   -0.66
  75.70   10.89   -0.12
  75.68   10.90   -0.46
  75.68   10.90    0.48
  75.68   10.90   -0.29
  75.64   10.91   -0.19
  75.61   10.92   -0.18
  75.59   10.93    0.03
  75.57   10.93   -0.13
  75.57   10.93   -0.93
  75.57   10.93   -0.19
  75.53   10.95   -0.49
  75.51   10.96   -0.63
  75.49   10.96    0.01
  75.47   10.97   -0.72
  75.47   10.97   -0.84
  75.45   10.98   -0.62
  75.45   10.98   -0.56
  75.40   10.99    0.17
  75.38   11.00   -0.24
  75.38   11.00   -0.63
  75.36   11.01   -0.68
  75.36   11.01   -0.36
  75.34   11.02    0.11
  75.32   11.02   -0.46
  75.32   11.02   -0.57
  75.32   11.02   -0.62
  75.30   11.03   -0.86
  75.30   11.03   -0.38
  75.30   11.03   -0.91
  75.30   11.03   -0.87
  75.28   11.04   -0.30
  75.28   11.04   -0.63
  75.28   11.04   -0.50
  75.25   11.05   -0.53
  75.25   11.05   -0.33
  75.23   11.05   -0.85
  75.23   11.05   -0.79
  75.21   11.06   -0.51
  75.19   11.07   -0.54
  75.19   11.07    0.01
  75.17   11.07   -0.28
  75.08   11.10   -0.65
  75.06   11.11   -0.17
  75.01   11.12   -0.01
  75.01   11.12   -0.66
  75.01   11.12   -0.77
  74.99   11.13   -0.56
  74.99   11.13    0.21
  74.99   11.13   -0.44
  74.97   11.14    0.21
  74.94   11.14    0.31
  74.94   11.14    0.06
  74.92   11.15   -0.23
  74.92   11.15   -0.28
  74.90   11.16    0.09
  74.90   11.16   -0.28
  74.90   11.16   -0.09
  74.90   11.16    0.00
  74.88   11.17   -0.05
  74.88   11.17    0.15
  74.85   11.17   -0.24
  74.83   11.18    0.32
  74.83   11.18   -0.22
  74.83   11.18   -0.62
  74.83   11.18   -0.59
  74.81   11.19   -0.98
  74.81   11.19    0.13
  74.81   11.19    0.20
  74.78   11.19   -0.89
  74.76   11.20   -0.48
  74.76   11.20    0.32
  74.76   11.20    0.56
  74.76   11.20   -0.16
  74.74   11.21   -0.40
  74.74   11.21   -1.11
  74.74   11.21   -0.75
  74.71   11.21   -0.64
  74.71   11.21   -0.53
  74.69   11.22   -0.92
  74.69   11.22   -1.14
  74.69   11.22   -0.51
  74.67   11.23   -0.58
  74.64   11.23    0.01
  74.62   11.24   -0.51
  74.62   11.24   -1.04
  74.62   11.24   -0.57
  74.57   11.25   -0.58
  74.57   11.25   -0.77
  74.55   11.26   -0.83
  74.53   11.27   -0.95
  74.50   11.27   -0.61
  74.50   11.27   -0.54
  74.50   11.27   -0.33
  74.46   11.29   -0.70
  74.43   11.29   -0.69
  74.43   11.29   -0.86
  74.41   11.30   -1.01
  74.41   11.30    0.03
  74.41   11.30    0.44
  74.39   11.31   -0.70
  74.39   11.31   -0.74
  74.36   11.31   -1.01
  74.36   11.31   -0.03
  74.31   11.33   -0.87
  74.29   11.33   -0.88
  74.26   11.34   -0.64
  74.26   11.34   -0.38
  74.24   11.35   -0.61
  74.22   11.35   -0.08
  74.22   11.35    0.17
  74.19   11.36    0.61
  74.19   11.36    0.12
  74.17   11.37   -0.98
  74.17   11.37   -0.24
  74.12   11.38   -0.49
  74.12   11.38   -0.01
  74.09   11.39   -0.46
  74.09   11.39   -0.99
  74.09   11.39   -0.46
  74.09   11.39   -0.15
  74.07   11.39    0.04
  74.07   11.39   -0.73
  74.05   11.40    0.02
  74.05   11.40   -0.61
  74.02   11.40   -0.40
  74.02   11.40   -0.67
  74.00   11.41    0.10
  74.00   11.41   -0.19
  74.00   11.41   -0.67
  73.97   11.42   -0.95
  73.97   11.42   -0.22
  73.97   11.42   -0.24
  73.95   11.42   -0.39
  73.95   11.42   -0.64
  73.92   11.43    0.85
  73.92   11.43   -0.83
  73.92   11.43   -0.10
  73.90   11.44   -0.63
  73.90   11.44    0.75
  73.87   11.44   -0.78
  73.85   11.45    0.72
  73.85   11.45   -0.48
  73.85   11.45    0.11
  73.85   11.45    0.38
  73.82   11.45   -0.30
  73.82   11.45   -0.34
  73.80   11.46   -0.31
  73.80   11.46   -0.63
  73.80   11.46   -0.45
  73.77   11.47   -0.58
  73.77   11.47   -0.50
  73.77   11.47   -0.23
  73.75   11.47   -0.34
  73.75   11.47    0.02
  73.75   11.47   -0.50
  73.75   11.47   -0.27
  73.72   11.48   -0.34
  73.72   11.48    0.49
  73.69   11.49    0.42
  73.69   11.49   -0.27
  73.69   11.49    0.49
  73.69   11.49   -0.20
  73.67   11.49   -1.25
  73.67   11.49   -0.81
  73.67   11.49   -0.84
  73.67   11.49    0.45
  73.64   11.50    0.38
  73.64   11.50   -0.17
  73.64   11.50   -0.82
  73.64   11.50    0.28
  73.62   11.50    0.25
  73.62   11.50   -0.78
  73.62   11.50    0.39
  73.59   11.51   -0.95
  73.59   11.51   -0.41
  73.57   11.52   -0.56
  73.54   11.52   -1.16
  73.49   11.53   -0.79
  73.44   11.55   -1.05
  73.41   11.55    0.15
  73.36   11.56   -1.26
  73.33   11.57    0.05
  73.33   11.57   -0.52
  73.31   11.58   -0.31
  73.31   11.58    0.80
  73.28   11.58    0.41
  73.28   11.58   -0.26
  73.28   11.58    0.07
  73.26   11.59   -0.10
  73.26   11.59   -0.78
  74.75    6.46   -0.58
  75.44    6.85   -0.80
  75.44    6.85   -0.49
  75.44    6.85   -0.82
  76.34    7.70   -0.74
  76.09    9.42   -0.58
  76.09    9.43   -0.73
  76.07    9.45   -0.32
  76.06    9.46   -0.62
  75.99    9.52   -1.13
  75.48    9.92   -0.51
  75.32   10.03   -0.78
  75.31   10.03   -1.11
  75.31   10.03   -0.75
  75.31   10.03    0.47
  75.29   10.04   -1.13
  75.29   10.04    0.38
  75.28   10.05    0.03
  74.96   10.23   -0.29
  74.96   10.23   -0.86
  74.96   10.23   -0.61
  74.87   10.28   -0.45
  74.87   10.28   -0.58
  74.87   10.28   -0.66
  74.85   10.29   -0.21
  74.85   10.29   -0.01
  74.85   10.29   -0.95
  74.75   10.33   -1.07
  74.73   10.34   -0.64
  74.72   10.35   -0.60
  74.60   10.41   -0.46
  74.58   10.41   -0.91
  74.10   10.62   -0.77
  74.10   10.62   -0.90
  73.95   10.68   -0.82
  73.95   10.68   -0.84
  73.93   10.68   -0.01
  73.93   10.68   -0.16
  73.91   10.69   -0.79
  73.81   10.73   -0.94
  73.81   10.73   -1.03
  73.81   10.73   -1.03
  73.77   10.74   -0.63
  73.77   10.74   -0.39
  73.75   10.75   -0.78
  73.75   10.75   -1.06
  73.71   10.77   -0.83
  73.62   10.79   -0.64
  73.62   10.79   -0.94
  73.62   10.79   -0.64
  73.62   10.79   -0.51
  73.60   10.80   -0.56
  73.60   10.80   -0.26
  73.58   10.81   -0.15
  73.58   10.81   -0.89
  73.56   10.82    0.11
  73.56   10.82   -0.35
  73.56   10.82   -0.67
  73.54   10.82   -0.69
  73.54   10.82   -0.28
  73.54   10.82   -0.47
  73.54   10.82    0.05
  73.54   10.82   -0.53
  73.54   10.82    0.19
  73.52   10.83   -0.01
  73.52   10.83   -0.52
  73.52   10.83   -0.56
  73.50   10.84   -0.53
  73.50   10.84   -1.10
  73.50   10.84   -0.15
  73.48   10.84   -0.06
  73.45   10.85   -0.22
  73.41   10.87   -0.57
  73.39   10.87   -1.10
  73.39   10.87   -0.83
  73.35   10.89   -0.59
  73.33   10.89   -0.94
  73.30   10.90   -0.74
  73.30   10.90   -0.34
  73.28   10.91   -0.45
  73.28   10.91   -0.51
  73.26   10.92   -0.32
  73.17   10.94   -0.36
  73.13   10.96   -0.72
  73.13   10.96   -0.31
  73.11   10.96   -0.54
  73.11   10.96    0.04
  73.11   10.96    0.31
  73.11   10.96   -0.25
  73.11   10.96   -0.44
  73.08   10.97    0.30
  73.08   10.97    0.19
  73.06   10.98   -0.63
  73.06   10.98   -0.47
  75.86    9.15   -0.60
  75.86    9.15   -0.33
  75.80    9.24   -0.97
  75.80    9.24   -0.31
  75.80    9.24   -0.59
  75.74    9.31   -0.18
  75.73    9.33   -0.35
  75.72    9.34    0.11
  75.71    9.35   -0.16
  75.70    9.36    0.12
  75.70    9.36    0.02
  75.69    9.37   -0.65
  75.68    9.38   -1.16
  75.68    9.38   -1.07
  75.67    9.39   -0.38
  75.67    9.39   -0.97
  75.66    9.40   -0.75
  75.65    9.41   -0.98
  75.64    9.42   -0.52
  75.64    9.43   -0.98
  75.63    9.44   -0.29
  75.61    9.46   -0.84
  75.61    9.46   -0.96
  75.60    9.47   -0.72
  75.59    9.48   -0.88
  75.59    9.48   -0.99
  75.59    9.48   -0.67
  75.58    9.49   -0.23
  75.58    9.49   -0.28
  75.57    9.50   -0.55
  75.57    9.50   -0.20
  75.55    9.52   -0.49
  75.55    9.52   -0.44
  75.55    9.52   -0.62
  75.54    9.53   -0.20
  75.54    9.53   -0.59
  75.52    9.54   -0.11
  75.51    9.55    0.42
  75.51    9.55   -0.08
  75.51    9.55    0.32
  75.50    9.56   -1.04
  75.50    9.56   -0.20
  75.49    9.57   -0.53
  75.49    9.57   -0.05
  75.49    9.57   -0.58
  75.48    9.58   -0.64
  75.48    9.58   -0.14
  75.48    9.58   -0.80
  75.47    9.59    0.02
  75.47    9.59   -0.90
  75.47    9.59   -0.38
  75.47    9.59   -0.38
  75.46    9.60   -0.19
  75.46    9.60    0.01
  75.46    9.60   -0.73
  75.45    9.61   -0.20
  75.45    9.61   -0.51
  75.44    9.62   -0.82
  75.44    9.62   -0.44
  75.43    9.63   -1.25
  75.43    9.63   -0.65
  75.42    9.64    0.30
  75.42    9.64    0.38
  75.42    9.64   -0.98
  75.42    9.64    0.53
  75.41    9.65   -0.51
  75.41    9.65   -0.03
  75.40    9.66   -0.14
  75.40    9.66   -0.24
  75.39    9.67   -0.84
  75.39    9.67   -0.40
  75.38    9.68    0.29
  75.38    9.68    0.23
  75.38    9.68   -0.12
  75.37    9.68    0.49
  75.34    9.70   -0.45
  75.34    9.70   -0.26
  75.34    9.70   -0.33
  75.34    9.70   -0.48
  75.32    9.72   -0.47
  75.27    9.76   -0.73
  75.27    9.76   -0.64
  75.24    9.79   -0.62
  75.23    9.80   -1.07
  75.23    9.80   -1.16
  75.23    9.80   -0.11
  75.21    9.80    0.03
  75.21    9.80    0.40
  75.21    9.80   -0.33
  75.20    9.81   -0.36
  75.20    9.81    0.41
  75.19    9.82    0.64
  75.19    9.82   -0.51
  75.19    9.82   -0.32
  75.18    9.83   -0.47
  75.18    9.83   -0.88
  75.18    9.83   -0.62
  75.16    9.84   -0.65
  75.15    9.85   -0.64
  75.14    9.86   -0.28
  75.14    9.86   -0.71
  75.13    9.87    0.84
  75.13    9.87   -1.21
  75.11    9.88    0.77
  75.10    9.89   -0.51
  75.10    9.89   -0.48
  75.10    9.89   -0.49
  75.09    9.90   -0.41
  75.09    9.90   -0.70
  75.09    9.90    0.33
  75.07    9.90   -0.42
  75.06    9.91    0.17
  75.05    9.92   -0.52
  75.03    9.93   -0.46
  75.03    9.93   -0.80
  75.02    9.94   -0.16
  75.02    9.94    0.07
  75.01    9.95   -0.75
  75.01    9.95   -0.14
  74.99    9.96   -0.01
  74.99    9.96   -0.71
  74.99    9.96   -0.43
  74.95    9.98   -0.93
  74.94    9.99   -0.28
  74.94    9.99   -0.61
  74.92   10.00   -0.57
  74.90   10.02   -0.42
  74.88   10.03   -0.46
  74.88   10.03   -0.94
  74.69   10.14   -0.19
  74.60   10.19   -0.68
  74.60   10.19   -0.37
  74.60   10.19   -0.03
  74.60   10.19   -0.51
  74.56   10.21   -0.41
  74.56   10.21   -0.36
  74.55   10.22   -0.17
  76.21   14.21   -0.52
  76.17   14.21   -0.14
  76.14   14.21   -0.78
  75.91   14.21   -0.21
  75.87   14.21   -0.73
  75.46   14.21   -0.38
  75.43   14.21   -0.31
  75.43   14.21   -0.16
  75.39   14.21   -0.62
  75.39   14.21   -0.80
  75.39   14.21   -0.63
  75.39   14.21   -1.06
  75.35   14.21   -0.71
  75.35   14.21   -0.69
  75.31   14.21   -0.32
  75.28   14.21   -0.70
  75.28   14.21   -0.90
  75.28   14.21   -0.83
  75.28   14.21   -0.81
  75.09   14.21   -0.70
  75.09   14.21   -0.75
  75.09   14.21   -0.35
  75.84    6.75   -0.76
  75.84    6.75   -0.77
  76.59    7.29   -0.93
  76.61    7.31   -0.39
  76.62    7.32    0.19
  76.64    7.33   -0.01
  76.65    7.34    0.12
  76.69    7.38   -0.42
  76.70    7.40   -0.73
  76.70    7.40   -0.17
  76.72    7.42   -0.02
  76.73    7.43   -0.45
  76.74    7.43   -0.38
  76.80    7.49   -0.72
  76.80    7.49   -0.17
  76.84    7.54    0.09
  76.89    7.61   -0.64
  76.90    7.62   -0.77
  77.00    7.76   -0.14
  77.08    7.90   -0.63
  77.14    8.02   -0.32
  77.15    8.05   -0.06
  77.15    8.06   -1.02
  77.15    8.06   -0.03
  77.15    8.06   -0.78
  77.15    8.07   -0.17
  77.16    8.08    0.40
  77.22    8.33   -0.93
  77.23    8.42   -0.43
  77.23    8.43   -0.13
  77.23    8.62   -1.01
  77.23    8.63   -0.57
  77.23    8.64   -0.26
  77.23    8.64   -0.56
  77.23    8.67   -0.78
  77.23    8.67   -0.32
  77.22    8.68   -1.15
  77.21    8.75    0.46
  77.21    8.75    0.08
  77.20    8.82    0.15
  77.20    8.82   -0.31
  77.19    8.84   -0.15
  77.19    8.86   -0.30
  77.19    8.86   -0.57
  77.18    8.88   -0.29
  77.18    8.88   -0.58
  77.14    8.98   -0.17
  77.14    8.99   -0.27
  77.13    9.00   -0.18
  77.13    9.00    0.07
  77.13    9.02    0.01
  77.12    9.03   -0.16
  77.10    9.08   -0.00
  77.08    9.12   -0.66
  77.08    9.12   -1.08
  77.08    9.13   -0.47
  77.05    9.18   -0.87
  77.04    9.19    0.29
  77.03    9.20    0.23
  77.03    9.21   -0.58
  77.03    9.21    0.14
  77.01    9.24   -0.62
  77.01    9.25   -0.64
  76.93    9.37   -0.14
  76.91    9.39   -1.12
  76.91    9.39   -0.22
  76.90    9.40   -0.92
  76.90    9.40   -0.23
  76.89    9.41   -0.66
  76.85    9.47   -0.13
  77.00   13.56   -0.45
  76.52   13.58   -0.25
  76.52   13.58   -0.81
  76.49   13.58   -0.77
  76.45   13.58   -0.22
  76.41   13.58   -0.34
  76.34   13.59   -0.29
  76.30   13.59   -0.73
  76.30   13.59   -0.64
  76.30   13.59   -0.48
  76.27   13.59   -0.87
  76.23   13.59   -0.66
  76.23   13.59   -0.43
  76.19   13.59   -0.56
  76.04   13.60   -0.17
  75.93   13.60   -0.36
  75.45   13.62   -0.68
  75.41   13.62   -0.88
  75.19   13.62   -0.77
  75.15   13.62   -0.88
  74.96   13.63   -0.93
  74.92   13.63   -0.56
  74.89   13.63   -0.83
  74.89   13.63   -0.74
  74.89   13.63   -0.42
  74.85   13.63   -0.99
  74.81   13.63    0.39
  74.77   13.64    0.04
  74.66   13.64   -0.76
  74.66   13.64   -0.70
  74.62   13.64   -0.38
  74.62   13.64   -0.58
  74.36   13.65   -0.69
  74.36   13.65   -0.85
  74.36   13.65   -0.73
  74.36   13.65   -0.59
  74.32   13.65   -0.71
  74.32   13.65   -0.99
  74.32   13.65   -0.59
  74.29   13.65   -0.55
  74.29   13.65   -1.14
  74.21   13.65   -0.76
  74.21   13.65   -0.52
  74.21   13.65   -0.80
  74.17   13.65   -0.32
  74.17   13.65   -0.60
  74.13   13.65   -1.15
  74.13   13.65   -0.17
  74.10   13.65   -0.62
  74.10   13.65   -0.74
  79.22    9.76   -1.11
  79.19    9.80   -0.04
  79.19    9.80   -1.00
  79.17    9.81    0.22
  79.17    9.81    0.13
  79.17    9.81   -0.52
  79.17    9.81   -0.51
  79.17    9.81   -0.72
  79.16    9.83   -0.32
  79.16    9.83   -1.07
  79.16    9.83   -0.70
  79.11    9.88   -0.80
  79.11    9.88   -0.86
  79.10    9.89   -0.50
  79.10    9.89   -0.92
  79.10    9.89   -0.66
  79.10    9.89   -0.26
  79.08    9.91   -0.47
  79.08    9.91   -0.71
  79.08    9.91    0.05
  79.07    9.92   -0.44
  79.07    9.92   -0.24
  79.06    9.93   -0.32
  78.87   10.10   -0.72
  81.50    6.52   -0.79
  81.90    8.61   -0.76
  81.24    9.57   -0.51
  81.24    9.57   -0.26
  81.24    9.57   -0.01
  80.97    9.81   -0.93
  80.95    9.83   -0.88
  80.95    9.83   -0.69
  80.93    9.84   -0.41
  80.91    9.86   -0.88
  80.89    9.87   -0.99
  80.89    9.87   -0.74
  80.89    9.87   -0.98
  80.81    9.94   -0.35
  80.76    9.97   -0.49
  80.66   10.04   -1.09
  80.50   10.14   -0.80
  80.50   10.14   -0.33
  80.48   10.16   -0.25
  80.48   10.16   -0.76
  80.48   10.16   -0.86
  80.39   10.21    0.25
  80.39   10.21   -0.17
  80.36   10.23   -0.48
  80.36   10.23   -0.62
  80.34   10.24   -0.90
  80.34   10.24   -0.73
  80.27   10.28   -0.33
  80.27   10.28   -0.50
  80.19   10.32   -0.63
  80.05   10.40    0.51
  80.02   10.41   -0.40
  80.02   10.41    0.24
  80.00   10.43    0.56
  79.97   10.44    0.27
  79.97   10.44   -0.60
  79.41   10.70   -0.09
  79.36   10.72   -0.89
  75.65   11.73   -0.51
  75.61   11.74   -0.77
  77.18    9.71   -0.65
  76.40   10.01   -0.52
  76.32   10.03   -1.02
  76.29   10.04   -0.07
  76.27   10.05   -0.81
  76.03   10.13   -0.55
  76.03   10.13   -0.87
  76.03   10.13   -0.35
  76.03   10.13   -0.48
  76.00   10.14   -0.11
  75.97   10.14   -0.91
  75.97   10.14   -0.77
  75.81   10.19   -0.72
  75.65   10.24   -0.80
  75.53   10.27   -1.15
  75.53   10.27   -0.29
  75.51   10.28   -0.52
  75.51   10.28   -1.26
  75.51   10.28   -0.62
  75.48   10.29   -0.90
  75.48   10.29   -0.97
  75.48   10.29   -0.72
  75.42   10.30   -0.79
  75.39   10.31   -0.72
  75.34   10.33   -1.20
  75.34   10.33   -0.69
  75.34   10.33   -1.11
  75.31   10.33   -0.69
  75.31   10.33   -0.89
  75.31   10.33   -0.40
  75.11   10.39   -0.95
  74.93   10.43   -0.99
  74.84   10.45   -0.75
  74.72   10.48   -0.48
  74.72   10.48   -0.86
  74.72   10.48   -0.55
  74.69   10.49   -0.78
  74.63   10.50   -0.90
  74.60   10.51   -0.56
  74.54   10.52   -0.18
  74.51   10.53    0.18
  74.51   10.53    0.05
  74.48   10.54   -0.17
  74.48   10.54   -1.06
  74.48   10.54   -0.91
  74.45   10.55   -0.39
  74.45   10.55   -0.37
  74.45   10.55   -0.55
  74.42   10.55    0.26
  74.42   10.55   -1.02
  74.42   10.55    0.13
  74.39   10.56    0.15
  74.39   10.56   -0.06
  74.36   10.57   -0.61
  74.36   10.57   -0.22
  74.36   10.57   -0.60
  74.36   10.57   -0.66
  74.33   10.57   -0.16
  74.33   10.57   -0.95
  74.33   10.57    0.35
  74.33   10.57    0.31
  74.33   10.57   -0.49
  74.30   10.58   -0.79
  74.30   10.58   -0.64
  74.27   10.59    0.46
  74.24   10.59   -0.66
  74.24   10.59   -0.87
  74.24   10.59   -0.18
  74.24   10.59   -0.03
  74.24   10.59    0.26
  74.21   10.60    0.05
  74.21   10.60   -0.13
  74.21   10.60   -1.12
  74.21   10.60   -0.16
  74.21   10.60   -0.65
  74.17   10.61   -0.59
  74.14   10.61   -0.32
  74.11   10.62   -0.73
  74.11   10.62   -0.85
  74.08   10.63    0.83
  74.08   10.63   -0.21
  74.05   10.63   -0.38
  74.05   10.63    0.21
  74.02   10.64   -0.03
  74.02   10.64   -0.26
  74.02   10.64   -0.48
  74.02   10.64   -0.49
  73.99   10.65   -0.53
  73.96   10.65    0.47
  73.92   10.66   -0.57
  73.92   10.66   -0.23
  73.92   10.66   -0.38
  73.89   10.67   -0.61
  73.89   10.67   -0.84
  73.89   10.67   -0.49
  73.86   10.67   -0.48
  73.86   10.67   -0.01
  73.86   10.67    0.24
  73.83   10.68   -0.75
  73.83   10.68   -0.65
  73.83   10.68   -0.55
  73.83   10.68   -0.70
  73.80   10.68   -0.78
  73.80   10.68    0.29
  73.80   10.68    0.30
  73.74   10.70   -0.61
  73.67   10.71   -0.31
  73.67   10.71    0.19
  73.67   10.71    0.55
  73.64   10.72    0.35
  73.61   10.72   -0.05
  73.58   10.73    0.58
  73.54   10.74   -0.56
  73.54   10.74   -0.61
  73.54   10.74    0.31
  73.54   10.74    0.11
  73.54   10.74    0.46
  73.51   10.74    0.11
  73.51   10.74    0.12
  73.51   10.74   -0.45
  73.51   10.74    0.36
  73.48   10.75    0.38
  73.48   10.75   -0.41
  73.48   10.75    0.27
  73.45   10.75   -0.86
  73.45   10.75    0.26
  73.45   10.75   -0.26
  73.41   10.76    0.20
  73.41   10.76    0.43
  73.38   10.77   -0.24
  73.38   10.77   -0.92
  73.38   10.77   -1.01
  73.38   10.77   -0.81
  73.35   10.77   -0.99
  73.35   10.77   -0.34
  73.32   10.78   -0.88
  73.32   10.78   -0.40
  73.32   10.78    0.08
  73.29   10.78   -0.48
  73.29   10.78   -0.44
  73.29   10.78    0.18
  73.25   10.79    0.13
  73.25   10.79    0.12
  73.25   10.79   -0.75
  73.22   10.80   -0.06
  73.22   10.80   -0.15
  73.22   10.80   -0.41
  73.22   10.80    0.82
  73.19   10.80    0.21
  73.19   10.80    0.15
  73.19   10.80    0.79
  73.15   10.81    0.43
  73.15   10.81    0.48
  73.15   10.81   -0.06
  73.12   10.81    0.45
  73.12   10.81    0.85
  73.09   10.82   -0.63
  73.09   10.82    0.39
  73.09   10.82   -0.91
  73.06   10.83   -0.83
  73.06   10.83   -0.16
  73.06   10.83   -0.49
  73.02   10.83   -0.37
  73.02   10.83   -0.96
  72.99   10.84   -0.28
  77.16    8.90    1.27
  77.16    8.90    0.55
  76.75    9.18   -0.70
  76.71    9.21   -0.77
  76.71    9.21   -0.87
  76.67    9.23   -0.46
  76.63    9.25    0.66
  76.63    9.25    0.16
  76.63    9.25    0.72
  76.63    9.25    1.14
  76.63    9.25    0.85
  76.63    9.25   -0.27
  76.63    9.25   -1.14
  76.61    9.26    0.36
  76.61    9.26   -0.82
  76.61    9.26    0.64
  76.61    9.26    0.62
  76.59    9.27   -0.62
  76.57    9.29   -0.12
  76.57    9.29    0.31
  76.55    9.30    0.66
  76.53    9.31    0.11
  76.53    9.31   -0.33
  76.51    9.32   -0.85
  76.51    9.32    0.07
  76.51    9.32   -0.48
  76.51    9.32   -0.04
  76.51    9.32   -0.27
  76.49    9.33   -0.17
  76.47    9.34   -0.08
  76.47    9.34   -1.05
  76.45    9.35   -0.22
  76.45    9.35   -0.72
  76.43    9.36   -0.49
  76.43    9.36   -0.66
  76.41    9.38   -0.26
  76.41    9.38    0.22
  76.41    9.38    0.53
  76.38    9.39   -0.12
  76.38    9.39    0.04
  76.38    9.39   -0.03
  76.36    9.40    0.85
  76.36    9.40    0.34
  76.36    9.40   -0.35
  76.34    9.41   -0.73
  76.34    9.41   -0.43
  81.26   10.59   -0.34
  81.24   10.59   -0.46
  81.22   10.60   -0.93
  81.21   10.61   -0.87
  81.19   10.61    0.30
  81.19   10.61   -0.50
  81.17   10.62   -0.47
  80.74   10.76   -0.52
  80.74   10.76   -0.35
  80.72   10.77   -0.38
  80.67   10.78   -0.61
  80.67   10.78   -0.98
  80.65   10.79   -0.76
  80.63   10.79   -0.19
  80.63   10.79   -0.59
  80.56   10.81   -1.24
  80.56   10.81   -0.94
  80.53   10.82   -0.12
  80.51   10.83   -0.12
  80.49   10.84   -0.55
  80.49   10.84   -0.30
  80.49   10.84   -0.80
  80.44   10.85   -1.10
  80.19   10.92    0.26
  80.19   10.92   -0.34
  80.17   10.93   -1.01
  80.17   10.93   -0.16
  80.15   10.93    0.03
  80.15   10.93    0.25
  80.10   10.94   -0.29
  80.06   10.95   -0.20
  80.00   10.97   -0.98
  79.97   10.98   -1.15
  79.97   10.98   -0.44
  79.95   10.98   -0.17
  79.91   10.99   -0.83
  79.90   11.00   -0.60
  79.84   11.01   -0.26
  79.84   11.01   -0.58
  79.82   11.01   -0.63
  79.80   11.02   -1.29
  79.77   11.03   -0.61
  79.41   11.11   -0.80
  79.28   11.14   -0.79
  78.64   11.27   -0.38
  78.52   11.29   -0.77
  78.02   11.38   -0.41
  77.98   11.39   -0.35
  77.96   11.39   -1.21
  77.96   11.39   -1.11
  77.73   11.43   -0.63
  77.71   11.43   -0.80
  77.67   11.44   -0.41
  77.59   11.45   -0.69
  77.57   11.46    0.79
  77.55   11.46   -0.83
  77.53   11.46   -0.36
  77.47   11.47   -0.01
  77.43   11.48   -0.54
  77.39   11.48   -0.11
  77.29   11.50   -0.35
  77.27   11.50   -0.94
  77.25   11.50   -0.63
  77.23   11.51   -0.47
  77.06   11.53   -0.27
  77.04   11.54   -0.63
  77.04   11.54   -0.52
  77.02   11.54   -0.79
  77.02   11.54   -0.11
  77.00   11.54   -0.89
  76.82   11.57   -0.35
  76.78   11.57    0.26
  76.70   11.58   -0.04
  76.66   11.59    0.55
  76.66   11.59   -0.13
  76.64   11.59   -0.23
  76.62   11.59   -0.28
  76.60   11.60   -0.61
  76.60   11.60   -0.49
  76.58   11.60   -0.11
  76.56   11.60   -0.84
  76.34   11.63   -0.91
  76.32   11.63   -0.54
  76.32   11.63   -0.54
  76.30   11.63   -0.36
  76.28   11.64   -0.68
  76.18   11.65   -0.30
  76.16   11.65   -0.14
  76.10   11.66   -0.51
  76.10   11.66   -0.05
  75.99   11.67   -0.79
  78.68   12.52   -0.45
  77.69   12.53   -0.28
  77.65   12.53   -0.56
  77.60   12.53   -0.24
  77.52   12.53   -0.14
  77.47   12.53   -0.31
  77.43   12.53   -0.55
  77.43   12.53   -1.29
  77.39   12.53   -0.42
  77.39   12.53   -0.27
  77.39   12.53   -0.72
  77.00   12.54   -0.31
  76.74   12.54   -0.11
  76.66   12.54   -0.31
  76.61   12.54   -0.20
  75.95   11.83   -0.34
  75.95   11.83   -0.20
  75.87   11.83   -0.13
  75.82   11.84   -0.25
  75.82   11.84   -0.33
  75.43   11.84    0.39
  75.08   11.85    0.00
  75.08   11.85   -0.34
  75.08   11.85    0.24
  74.95   11.85   -0.19
  74.95   11.85   -0.13
  74.95   11.85   -0.18
  74.87   11.85   -0.03
  74.82   11.85   -0.21
  74.82   11.85   -0.25
  74.78   11.85    0.14
  74.78   11.85   -0.50
  74.74   11.85   -0.35
  74.69   11.85    0.30
  74.69   11.85   -0.11
  74.65   11.85    0.85
  74.65   11.85    0.25
  74.65   11.85   -0.46
  74.65   11.85    0.05
  74.65   11.85    0.16
  74.61   11.85   -0.21
  74.56   11.85   -0.14
  74.39   11.85   -0.60
  74.35   11.86   -0.20
  74.26   11.86    0.16
  74.26   11.86    0.34
  79.41   11.96   -1.17
  79.24   11.96   -0.09
  79.19   11.96   -0.42
  79.19   11.96   -0.25
  78.93   11.95   -0.39
  78.84   11.95   -0.18
  78.84   11.95   -0.04
  78.80   11.95   -0.54
  78.75   11.95    0.00
  78.75   11.95    0.18
  78.75   11.95   -0.66
  78.75   11.95   -0.47
  78.27   11.95    0.08
  78.22   11.95   -0.17
  77.83   11.94   -0.60
  77.83   11.94   -0.29
  77.78   11.94   -0.31
  77.78   11.94   -0.23
  77.70   11.94    0.00
  77.65   11.94   -0.53
  76.69   11.70    0.14
  76.69   11.70   -0.97
  75.98   11.70   -0.37
  75.98   11.70    0.11
  75.81   11.70    0.18
  75.81   11.70   -0.23
  75.76   11.70   -0.59
  75.76   11.70   -0.69
  75.72   11.70   -0.56
  75.72   11.70   -0.97
  75.67   11.70   -0.27
  75.67   11.70    0.22
  75.63   11.70   -0.43
  75.63   11.70    0.41
  75.63   11.70   -0.35
  75.58   11.70    0.22
  75.58   11.70   -0.05
  75.58   11.70   -0.15
  75.58   11.70   -0.67
  75.58   11.70   -0.63
  75.54   11.70    0.23
  75.54   11.70   -0.65
  75.50   11.70   -0.61
  75.50   11.70   -0.43
  75.50   11.70   -0.38
  75.45   11.70    0.10
  75.45   11.70   -0.87
  75.41   11.70   -0.05
  75.41   11.70    0.37
  75.41   11.70    0.39
  75.36   11.70    0.17
  75.32   11.70   -0.55
  75.32   11.70   -0.26
  75.27   11.70   -1.01
  75.27   11.70   -0.97
  75.27   11.70   -0.84
  74.92   11.70   -0.57
  74.92   11.70   -1.28
  74.92   11.70   -0.27
  74.88   11.70   -0.65
  74.88   11.70   -0.39
  74.88   11.70   -0.43
  74.83   11.70   -0.51
  74.83   11.70   -0.44
  74.83   11.70    0.12
  74.79   11.70   -0.81
  74.79   11.70    0.30
  74.79   11.70    0.01
  74.74   11.70    0.75
  74.74   11.70   -0.30
  74.70   11.70   -0.73
  74.65   11.70   -1.16
  74.65   11.70   -0.10
  74.61   11.70    0.03
  74.61   11.70    1.11
  74.48   11.70    0.19
  74.48   11.70   -0.25
  74.48   11.70   -0.20
  74.48   11.70   -0.99
  74.48   11.70    0.60
  74.43   11.70    0.08
  74.43   11.70   -0.07
  74.39   11.70   -0.66
  74.39   11.70   -0.34
  74.39   11.70    0.29
  74.39   11.70   -0.61
  79.03    7.12    0.42
  78.53    7.67    0.69
  77.91    8.11    0.62
  77.54    8.32    0.60
  76.38    9.89    1.18
  74.36   10.21    0.21
  74.20   10.23    0.68
  74.20   10.23    0.15
  74.20   10.23    0.52
  78.25    8.64   -0.62
  78.25    8.64   -0.75
  78.22    8.65   -0.91
  78.19    8.66   -0.62
  78.19    8.66   -0.39
  78.09    8.69   -0.73
  78.09    8.69   -0.34
  78.06    8.70   -0.08
  77.80    8.78   -0.41
  77.77    8.79   -0.31
  77.77    8.79   -0.71
  77.73    8.80   -0.95
  77.70    8.81   -0.85
  76.95    9.01   -0.57
  76.77    9.05   -0.05
  76.70    9.07   -0.21
  76.66    9.08   -0.85
  76.63    9.09   -0.74
  76.63    9.09   -0.77
  76.59    9.09   -0.59
  76.48    9.12   -0.61
  76.16    9.19   -0.49
  76.12    9.20   -0.84
  76.09    9.20   -0.63
  75.90    9.24    0.04
  75.75    9.27    0.49
  75.72    9.28   -0.65
  75.72    9.28   -0.16
  75.72    9.28   -0.65
  75.68    9.28   -0.53
  75.68    9.28    0.54
  75.64    9.29    0.33
  75.60    9.30   -0.84
  77.01    7.51   -0.26
  76.77    7.64   -0.26
  76.77    7.64   -0.59
  76.77    7.64   -0.51
  76.65    7.70   -0.25
  76.65    7.70   -0.66
  76.60    7.72   -0.03
  76.60    7.72   -0.36
  76.58    7.73   -0.97
  80.21   10.54   -0.40
  80.12   10.55   -0.40
  80.08   10.55   -0.57
  80.03   10.55   -0.57
  79.99   10.55   -0.73
  79.72   10.57   -0.35
  79.72   10.57   -0.39
  79.59   10.57   -0.21
  79.59   10.57   -0.02
  79.59   10.57   -0.99
  79.54   10.58   -0.38
  79.41   10.58   -0.50
  79.41   10.58   -0.02
  79.41   10.58   -1.06
  79.41   10.58   -1.08
  79.41   10.58   -0.99
  79.36   10.59   -0.27
  79.36   10.59   -0.60
  79.32   10.59    0.26
  79.32   10.59    0.04
  79.27   10.59   -0.15
  79.27   10.59   -0.23
  79.18   10.59   -0.12
  79.18   10.59   -0.36
  79.18   10.59   -0.19
  79.18   10.59   -0.13
  79.14   10.60   -0.21
  79.14   10.60    0.50
  79.14   10.60   -0.52
  79.14   10.60   -0.92
  79.14   10.60    0.38
  79.14   10.60    0.78
  79.09   10.60    0.97
  79.09   10.60   -0.50
  79.09   10.60    0.47
  79.09   10.60   -0.20
  79.09   10.60   -0.59
  79.05   10.60   -0.66
  79.05   10.60   -1.00
  79.05   10.60   -0.06
  79.05   10.60    0.05
  79.00   10.60    0.60
  78.96   10.60    0.17
  78.96   10.60    0.40
  78.96   10.60    0.51
  78.96   10.60    0.59
  78.92   10.61    0.32
  78.92   10.61   -0.13
  78.92   10.61    0.27
  78.87   10.61    0.23
  78.87   10.61   -0.43
  78.87   10.61    0.00
  78.87   10.61   -0.86
  78.83   10.61   -0.40
  78.83   10.61    0.13
  78.83   10.61   -0.01
  78.83   10.61    0.08
  78.83   10.61    0.54
  78.78   10.61    0.36
  78.78   10.61    0.09
  78.78   10.61   -0.10
  78.74   10.61   -0.00
  78.74   10.61    0.76
  78.74   10.61   -0.87
  78.74   10.61   -0.88
  78.74   10.61   -0.56
  78.69   10.62   -0.86
  78.69   10.62   -0.33
  78.69   10.62    0.04
  78.65   10.62   -0.70
  78.60   10.62    0.15
  78.60   10.62    0.02
  78.56   10.62   -0.33
  78.56   10.62    0.18
  78.56   10.62    0.15
  78.51   10.62    0.34
  78.51   10.62   -1.29
  78.51   10.62   -0.26
  78.47   10.63   -0.12
  78.47   10.63   -0.01
  78.47   10.63   -1.12
  78.42   10.63   -0.88
  78.42   10.63   -1.06
  78.42   10.63   -0.19
  78.38   10.63   -0.33
  78.38   10.63    0.34
  78.38   10.63    0.58
  78.38   10.63   -0.09
  78.33   10.63    0.51
  78.33   10.63   -0.70
  78.33   10.63   -0.79
  78.33   10.63   -0.98
  78.24   10.64    0.37
  78.24   10.64    0.02
  78.24   10.64    0.20
  78.24   10.64    0.72
  78.20   10.64    0.25
  78.20   10.64   -0.29
  78.20   10.64    0.32
  78.15   10.64   -0.85
  78.15   10.64   -0.58
  78.11   10.64    0.10
  78.11   10.64    0.59
  78.11   10.64   -0.27
  78.11   10.64    0.80
  78.07   10.64    1.32
  78.07   10.64    1.11
  78.07   10.64    0.09
  78.02   10.64   -0.06
  78.02   10.64   -1.02
  78.02   10.64    0.32
  78.02   10.64    0.35
  77.98   10.65    0.31
  77.98   10.65    0.52
  77.98   10.65    1.10
  77.98   10.65    0.32
  77.98   10.65    0.12
  77.93   10.65    0.60
  77.93   10.65   -1.15
  77.93   10.65    0.77
  77.93   10.65    1.19
  77.89   10.65    0.26
  77.89   10.65   -0.55
  77.89   10.65    0.04
  77.89   10.65    0.21
  77.89   10.65   -0.12
  77.84   10.65    0.36
  77.84   10.65   -0.40
  77.84   10.65   -0.49
  77.84   10.65   -0.47
  77.80   10.65   -0.22
  77.80   10.65    0.03
  77.80   10.65    0.47
  77.80   10.65    0.72
  77.80   10.65    0.46
  77.75   10.65    0.62
  77.71   10.66    0.56
  77.71   10.66    0.60
  77.71   10.66    0.49
  77.66   10.66    0.42
  77.66   10.66    0.74
  77.66   10.66    1.21
  77.62   10.66    0.34
  77.62   10.66   -0.22
  77.62   10.66   -0.43
  77.57   10.66   -0.61
  77.57   10.66   -0.36
  77.57   10.66   -0.41
  77.57   10.66   -0.61
  77.53   10.66   -0.78
  77.53   10.66   -0.58
  77.48   10.66   -0.95
  77.48   10.66   -0.18
  77.48   10.66   -0.26
  77.48   10.66   -0.14
  77.44   10.67   -0.37
  77.39   10.67   -0.40
  77.39   10.67   -0.74
  77.30   10.67   -1.21
  77.22   10.67   -0.16
  77.22   10.67   -0.48
  77.22   10.67   -0.68
  77.17   10.67   -0.59
  77.17   10.67   -0.98
  77.17   10.67   -0.87
  77.13   10.68   -0.90
  77.13   10.68   -0.47
  77.13   10.68   -0.35
  77.08   10.68   -0.11
  77.08   10.68    0.19
  77.08   10.68   -0.47
  77.04   10.68   -0.48
  76.99   10.68    0.11
  76.95   10.68   -0.48
  76.95   10.68   -0.99
  76.86   10.68   -0.92
  76.81   10.69   -0.65
  76.81   10.69   -0.75
  76.77   10.69   -0.32
  76.77   10.69   -0.07
  76.77   10.69    0.04
  76.77   10.69   -0.34
  76.72   10.69    0.28
  76.72   10.69   -0.40
  76.72   10.69   -0.02
  76.72   10.69   -0.73
  76.68   10.69    0.46
  76.68   10.69   -0.75
  76.68   10.69   -0.30
  76.68   10.69   -0.46
  76.63   10.69   -0.84
  76.63   10.69   -1.06
  76.59   10.69    0.17
  76.59   10.69   -0.38
  76.59   10.69   -0.31
  76.59   10.69    0.02
  76.54   10.69    0.24
  76.54   10.69    0.35
  76.54   10.69   -0.15
  76.50   10.70   -0.62
  76.50   10.70   -0.11
  76.45   10.70   -0.35
  76.45   10.70    0.38
  76.45   10.70    0.18
  76.41   10.70   -0.59
  76.28   10.70   -0.72
  76.28   10.70   -0.82
  76.28   10.70   -0.51
  76.28   10.70   -0.32
  76.05   10.71   -0.33
  75.92   10.71   -0.74
  75.87   10.71   -0.22
  75.83   10.71    0.16
  75.47   10.72   -0.20
  75.34   10.73   -0.44
  75.25   10.73   -0.47
  75.20   10.73   -0.20
  75.20   10.73   -1.05
  74.86    6.55    0.80
  74.65    6.68    0.39
  76.64    6.68    0.35
  76.32    6.87    0.13
  77.11    9.49    0.83
  77.11    9.49    0.66
  76.24    9.56    0.48
  76.24    9.56    0.21
  72.20    8.96    0.81
  72.05    8.97    1.08
  78.47    6.30    0.68
  77.60    6.57    1.10
  77.34    6.64    0.29
  77.21    6.68    0.27
  74.31    8.07    0.25
  74.17    8.08    0.33
  74.17    8.08    0.92
  72.77    6.63    0.99
  71.28    6.01    0.20
  71.28    6.01    0.45
  71.28    6.01    0.50
  78.20    8.82    0.68
  78.05    8.82    1.37
  77.90    8.82    0.72
  71.73    6.05    0.37
  71.62    6.07    1.18
  70.78    6.23    0.68
  79.50    7.48    0.54
  77.52    7.74    0.39
  76.64    7.73    0.59
  76.27    7.73    0.09
  71.04    6.21    0.86
  70.78    6.22    0.87
  70.19    6.22    1.36
  70.11    6.23    1.49
  70.11    6.23    1.24
  70.14   17.36   -0.73
  73.23   17.35   -0.05
  73.35   17.35   -0.33
  73.42   17.35   -0.02
  73.45   17.35    0.08
  73.54   17.35   -0.94
  73.58   17.35   -0.61
  73.61   17.35   -0.16
  73.61   17.35   -0.72
  73.64   17.35   -0.67
  73.70   17.34   -0.41
  73.73   17.34   -0.57
  73.73   17.34   -0.37
  73.77   17.34   -0.32
  73.83   17.34   -0.27
  73.83   17.34   -0.78
  73.86   17.34   -0.68
  73.86   17.34   -0.52
  73.89   17.34   -0.68
  73.89   17.34   -0.84
  73.89   17.34   -1.01
  73.92   17.34   -0.62
  73.96   17.34   -0.18
  73.99   17.34   -0.75
  73.99   17.34   -0.10
  74.11   17.34   -0.78
  74.11   17.34   -0.70
  74.46   17.34   -0.72
  74.56   17.34   -0.82
  74.59   17.34   -0.67
  74.71   17.34   -0.77
  74.78   17.34   -0.09
  74.78   17.34    0.00
  74.93   17.34    0.08
  74.96   17.34    0.13
  74.96   17.34   -0.32
  74.96   17.34   -0.48
  74.96   17.34   -0.89
  74.99   17.34   -0.04
  74.99   17.34   -0.12
  75.06   17.34   -0.25
  75.06   17.34   -0.66
  75.09   17.34   -0.91
  75.12   17.34   -0.48
  75.12   17.34   -0.84
  75.15   17.34   -0.73
  75.18   17.34   -1.01
  75.18   17.34   -0.37
  75.21   17.34   -0.96
  75.21   17.34   -0.67
  75.24   17.34   -0.46
  77.46   17.33   -0.46
  77.46   17.33   -0.16
  77.49   17.33   -0.36
  77.80   17.32   -0.00
  75.51   17.67   -0.93
  75.53   17.67   -1.09
  75.60   17.68   -1.34
  75.62   17.69   -0.43
  75.62   17.69   -0.92
  75.65   17.69   -0.94
  79.58   17.05   -0.40
  74.89   13.65   -0.19
  75.42   13.64   -0.67
  75.47   13.64    0.33
  75.47   13.64   -0.05
  75.47   13.64   -0.42
  75.49   13.64    0.34
  75.49   13.64   -0.44
  75.49   13.64   -0.62
  75.51   13.64    0.09
  75.51   13.64   -0.70
  75.51   13.64   -0.41
  75.51   13.64    0.24
  75.52   13.64    0.30
  75.54   13.64    0.19
  75.54   13.64   -1.01
  76.14   13.63   -0.90
  77.81   13.59   -0.96
  77.83   13.59   -0.76
  77.86   13.58   -1.04
  76.68   17.08   -0.11
  77.09   17.24   -0.55
  77.12   17.26   -0.89
  76.69   13.96    0.05
  76.70   13.96   -0.15
  76.72   13.96   -0.24
  76.72   13.96   -0.17
  76.79   13.96   -0.37
  77.05   16.86   -0.81
  77.86   17.18   -0.23
  74.46   15.02   -0.68
  77.78   15.46   -0.97
  78.71   16.76   -0.05
  79.03   16.90   -0.95
  74.15   13.67   -1.11
  76.85   13.73   -0.70
  78.97   16.69   -0.73
  80.63   12.27   -0.70
  80.93   12.25   -0.08
  80.95   12.25   -0.24
  75.95   15.56    0.36
  75.96   15.56    0.66
  76.28   15.75    0.02
  76.29   15.76   -0.27
  76.30   15.76    0.04
  76.32   15.77    0.55
  76.32   15.78   -0.29
  76.32   15.78    0.62
  76.33   15.78    0.08
  76.33   15.78    0.09
  76.33   15.78    0.40
  76.34   15.79   -0.02
  76.35   15.79    0.38
  76.35   15.79   -0.01
  76.38   15.81   -0.38
  76.39   15.82   -0.76
  76.39   15.82   -0.28
  76.42   15.84   -0.79
  76.69   16.04   -0.74
  73.06   14.26   -0.42
  77.84   15.67   -0.29
  78.45   17.29   -0.17
  78.45   17.29   -0.36
  78.45   17.31   -0.19
  80.08   10.69   -0.30
  82.97   10.57   -0.64
  76.54   12.57   -0.92
  78.66   13.16   -0.10
  78.66   13.16   -0.33
  78.69   13.17   -0.07
  78.73   13.19   -0.32
  79.03   13.29   -0.78
  77.35   11.39   -0.05
  77.35   11.39   -0.13
  77.40   11.40   -0.72
  77.44   11.41    0.01
  77.46   11.41   -0.85
  77.47   11.42   -0.27
  77.49   11.42   -0.26
  77.51   11.43   -0.71
  77.52   11.43   -0.97
  77.57   11.44    0.73
  77.61   11.45   -0.39
  77.61   11.45   -0.10
  77.62   11.45    0.23
  77.92   11.54   -0.33
  78.00   11.56   -1.25
  78.01   11.56   -0.80
  78.21   11.62   -0.70
  78.21   11.62   -0.39
  78.23   11.62   -0.39
  78.24   11.63   -0.30
  78.24   11.63    0.31
  78.25   11.63    0.27
  78.26   11.63   -0.16
  74.92    9.41   -0.86
  74.94    9.41   -0.02
  75.00    9.42    0.31
  75.03    9.42   -1.24
  75.03    9.42   -0.70
  75.04    9.42   -0.67
  75.04    9.42    0.99
  75.07    9.42    0.46
  75.08    9.42    0.37
  75.09    9.42   -0.80
  75.14    9.42   -0.91
  75.14    9.42   -0.17
  75.19    9.43   -1.21
  75.24    9.43   -0.75
  75.26    9.43   -0.42
  75.27    9.43   -0.31
  75.29    9.43   -0.70
  75.89    9.47   -0.31
  75.90    9.47    0.48
  75.93    9.47    0.37
  75.95    9.47    0.10
  76.02    9.47   -0.50
  76.03    9.47   -0.21
  76.18    9.48   -0.76
  76.43    9.50   -1.02
  76.44    9.50   -0.16
  76.49    9.50    0.01
  76.50    9.50    0.16
  76.51    9.50   -0.22
  76.51    9.50   -0.63
  76.52    9.51    0.03
  76.57    9.51   -0.75
  76.57    9.51   -0.15
  76.66    9.51   -0.42
  76.80    9.52   -1.14
  76.82    9.53   -1.07
  76.82    9.53   -1.00
  76.84    9.53   -0.73
  77.41    9.57   -1.06
  75.89    8.74   -0.76
  76.26    8.74   -0.88
  76.44    8.74   -1.04
  76.95    8.75   -0.37
  77.03    8.75   -0.06
  77.07    8.75   -0.73
  77.43    8.75   -0.63
  77.44    8.75   -0.65
  77.45    8.75   -0.88
  77.47    8.75    0.74
  77.48    8.75   -0.34
  77.48    8.75   -0.62
  77.72    8.76   -0.83
  74.06    8.41    0.33
  77.74    6.20   -0.66
  83.06    6.18   -0.14
  83.10    6.18   -0.21
  83.28    6.18   -0.28
  83.28    6.18   -0.86
  83.43    6.18   -0.78
  83.68    6.18   -1.01
  75.71   11.60   -0.81
  75.71   11.60   -0.30
  75.72   11.62   -0.81
  75.73   11.63   -0.69
  75.73   11.64   -0.03
  75.74   11.66   -0.91
  75.79   11.74    0.17
  75.79   11.75   -0.52
  75.81   11.78   -0.24
  75.83   11.82   -0.37
  75.83   11.83   -0.35
  75.83   11.83   -1.02
  75.84   11.86   -0.59
  75.84   11.86   -0.68
  75.84   11.86   -1.04
  75.84   11.86   -1.07
  75.86   11.90   -1.16
  75.89   11.98   -1.01
  75.89   12.00   -0.52
  75.90   12.04    0.01
  75.90   12.04    0.14
  75.91   12.06   -0.12
  75.91   12.06   -0.61
  75.91   12.08   -0.10
  75.91   12.08   -0.24
  75.93   12.36   -1.07
  75.93   12.37   -1.13
  75.93   12.39   -1.09
  75.92   12.50   -0.82
  75.90   12.58   -1.13
  75.90   12.59   -1.01
  75.90   12.60   -0.11
  75.87   12.67   -0.30
  75.84   12.76   -1.05
  75.82   12.82   -1.11
  75.79   12.86   -0.75
  75.79   12.86   -0.58
  75.79   12.87   -0.86
  75.79   12.87   -0.69
  75.78   12.88   -1.06
  75.78   12.89   -0.71
  75.76   12.92   -0.70
  75.74   12.95   -0.96
  75.71   13.01   -0.10
  75.68   13.06   -0.58
  75.68   13.06   -0.82
  75.64   13.11   -0.63
  75.61   13.14   -0.83
  75.54   13.23   -0.44
  75.54   13.23   -1.22
  75.50   13.27    0.44
  75.50   13.27   -0.26
  75.50   13.27   -0.46
  75.49   13.29   -0.36
  75.48   13.30   -0.68
  75.48   13.30   -0.90
  75.48   13.30   -1.05
  75.48   13.30   -0.15
  75.48   13.30   -0.43
  75.47   13.31   -0.89
  75.46   13.32   -0.75
  75.12   13.62   -0.20
  75.12   13.62   -0.66
  75.11   13.63   -0.44
  75.10   13.64   -0.42
  75.03   13.69   -1.14
  75.03   13.69   -0.21
  75.02   13.70   -0.57
  75.02   13.70   -0.51
  74.97   13.72   -0.98
  74.84   13.81   -0.84
  74.82   13.83   -0.74
  74.80   13.84   -0.76
  74.80   13.84   -0.57
  74.77   13.86   -0.78
  74.77   13.86   -0.84
  74.77   13.86   -0.58
  74.75   13.87   -0.88
  74.75   13.87   -1.12
  74.75   13.87   -0.39
  74.75   13.87   -0.50
  74.72   13.89   -0.77
  74.71   13.90   -1.07
  74.68   13.92   -0.83
  74.55   13.99   -0.87
  74.43   14.06   -0.86
  74.43   14.06   -0.67
  69.64   16.84   -0.02
  77.50    7.30   -1.08
  77.50    7.30   -0.79
  77.96   16.03   -0.82
  76.53   17.04    0.06
  75.14   17.10   -1.12
  79.76   17.72   -0.67
  78.91   17.70   -0.22
  78.91   17.70   -0.38
  78.87   17.70   -0.68
  78.87   17.70   -0.17
  78.83   17.70   -0.10
  78.79   17.70   -0.36
  78.79   17.70   -0.69
  78.70   17.70   -0.08
  78.70   17.70   -0.98
  78.66   17.70   -0.69
  78.66   17.70   -0.57
  78.66   17.70   -0.33
  78.62   17.70   -0.77
  78.62   17.70    0.09
  78.49   17.70    0.28
  78.49   17.70   -0.01
  78.45   17.70   -0.76
  78.45   17.70    0.10
  78.41   17.70   -0.82
  78.41   17.70   -0.45
  78.36   17.70   -0.33
  78.36   17.70   -0.96
  78.36   17.70   -0.10
  78.19   17.69   -0.79
  78.19   17.69   -0.75
  78.11   17.69   -0.05
  78.07   17.69   -0.71
  77.56   17.69    0.23
  77.56   17.69   -0.33
  77.56   17.69   -0.80
  77.52   17.69   -0.77
  77.43   17.69   -0.78
  77.39   17.69   -0.92
  77.39   17.69   -0.78
  77.39   17.69   -0.33
  77.35   17.68   -0.32
  77.35   17.68    0.36
  77.31   17.68    0.52
  77.31   17.68   -0.80
  77.26   17.68    0.73
  77.26   17.68   -0.51
  77.22   17.68    0.21
  77.18   17.68   -0.47
  77.18   17.68   -0.06
  77.14   17.68   -0.52
  76.29   17.67   -0.30
  76.20   17.67   -0.60
  75.69   17.67   -0.31
  75.69   17.67   -0.92
  75.65   17.67   -0.51
  74.29   17.66   -0.43
  73.52   17.65   -0.42
  73.48   17.65   -0.61
  73.43   17.65    0.15
  73.43   17.65    0.31
  73.39   17.65    0.03
  73.26   17.65   -0.60
  73.18   17.65   -0.29
  74.79    6.48   -0.87
  74.79    6.48   -0.79
  74.82    6.48   -1.01
  74.82    6.48   -0.47
  74.38    7.58   -0.78
  74.48    7.61   -0.40
  74.51    7.62   -0.48
  77.19   10.33   -0.68
  77.16   10.40   -0.75
  77.16   10.41   -0.49
  77.15   10.43   -1.01
  77.15   10.44   -0.44
  77.15   10.44   -0.71
  77.15   10.44   -0.80
  77.13   10.48   -0.44
  77.13   10.50   -0.23
  77.13   10.50   -0.57
  77.13   10.50   -0.51
  77.13   10.50   -0.11
  77.13   10.50   -0.34
  77.12   10.51    0.30
  77.12   10.51   -0.36
  77.11   10.52   -0.70
  77.11   10.54   -0.60
  77.11   10.54   -0.15
  77.11   10.54    0.03
  77.10   10.55   -0.15
  77.10   10.55   -0.50
  77.10   10.57   -0.56
  77.10   10.57   -0.31
  77.08   10.59   -0.62
  77.07   10.61   -0.70
  77.07   10.62   -0.49
  77.07   10.62   -0.38
  77.07   10.62    0.05
  77.06   10.64   -0.48
  77.05   10.65   -0.37
  77.05   10.65    0.03
  77.04   10.66   -0.37
  77.04   10.66   -0.64
  77.04   10.68   -0.35
  77.03   10.69   -0.97
  77.03   10.69   -0.48
  77.03   10.69   -0.52
  77.02   10.71   -0.21
  77.02   10.71   -0.83
  77.02   10.71   -0.08
  77.00   10.73    0.25
  76.99   10.75   -0.41
  76.90   10.88   -0.54
  76.89   10.90   -0.14
  76.86   10.94   -0.49
  76.84   10.95   -0.62
  76.82   10.98   -0.60
  76.82   10.98    0.03
  76.81   10.99   -0.41
  76.80   11.01   -0.70
  76.80   11.01   -0.72
  76.80   11.01   -0.63
  76.80   11.01   -0.52
  78.09   15.51   -0.53
  76.67   15.61   -0.31
  76.63   15.61   -1.09
  75.96   15.65    0.14
  75.96   15.65    0.01
  75.38   15.68   -0.70
  75.29   15.68   -0.44
  75.29   15.68   -0.63
  75.24   15.68   -0.55
  75.15   15.69   -1.26
  75.15   15.69   -0.19
  74.70   15.71   -0.96
  78.67   11.88   -0.61
  78.65   11.90   -1.09
  78.60   11.93   -0.78
  78.60   11.93   -0.38
  78.53   11.97   -0.83
  78.51   11.98   -0.19
  78.43   12.02   -0.86
  78.34   12.07   -0.98
  78.34   12.07   -0.80
  78.31   12.09   -0.64
  78.31   12.09   -0.86
  78.21   12.14   -0.76
  78.19   12.15   -0.59
  78.16   12.17   -0.79
  78.14   12.18   -0.77
  78.14   12.18   -0.88
  78.14   12.18   -0.99
  78.11   12.19   -0.21
  78.11   12.19   -0.08
  77.98   12.25   -0.65
  77.90   12.29   -1.00
  77.74   12.36   -0.64
  77.71   12.38   -0.75
  77.66   12.40   -0.48
  77.63   12.41   -0.51
  77.29   12.55   -0.69
  77.26   12.56   -0.63
  77.26   12.56   -0.91
  77.23   12.57   -0.53
  77.23   12.57   -0.74
  77.20   12.58   -0.89
  77.20   12.58   -0.67
  77.17   12.59   -0.59
  77.17   12.59   -0.63
  77.14   12.60    0.16
  77.14   12.60   -0.30
  77.11   12.61   -0.45
  77.11   12.61   -0.17
  77.08   12.63   -1.04
  77.08   12.63   -0.85
  77.05   12.64   -0.59
  77.05   12.64   -0.76
  77.05   12.64   -0.81
  77.02   12.65   -1.14
  77.02   12.65   -1.05
  76.99   12.66   -0.54
  76.93   12.68   -0.99
  76.87   12.70   -0.49
  76.87   12.70   -0.68
  76.87   12.70   -0.39
  76.87   12.70   -0.61
  76.84   12.71   -0.71
  76.84   12.71   -0.55
  76.84   12.71   -0.68
  76.81   12.72   -0.33
  76.81   12.72   -0.72
  76.78   12.73   -0.91
  76.78   12.73   -0.93
  76.75   12.74   -0.74
  76.75   12.74   -0.55
  76.75   12.74    0.11
  76.59   12.79   -0.60
  76.59   12.79   -0.48
  76.53   12.81   -0.52
  76.50   12.82   -0.83
  76.47   12.83   -0.71
  76.47   12.83   -0.34
  76.47   12.83   -0.55
  76.43   12.84   -0.53
  76.43   12.84   -0.31
  76.27   12.89   -0.29
  76.27   12.89   -0.78
  76.24   12.90   -0.13
  76.24   12.90   -0.50
  76.24   12.90   -0.22
  76.21   12.91   -0.20
  76.21   12.91    0.24
  76.18   12.92    0.52
  76.18   12.92   -0.23
  76.18   12.92    0.34
  76.18   12.92   -0.88
  76.15   12.93   -0.13
  76.30    7.97   -0.90
  76.63   11.13    0.26
  76.60   11.13   -0.12
  76.52   11.13   -0.48
  76.52   11.13   -0.87
  76.50   11.13   -0.23
  76.45   11.13   -0.83
  76.45   11.13   -0.06
  76.42   11.13   -0.86
  76.40   11.13   -0.72
  76.35   11.13    1.01
  76.25   11.13    0.12
  76.15   11.12   -0.45
  76.15   11.12   -0.63
  76.12   11.12   -0.35
  76.10   11.12    0.22
  76.05   11.12   -0.15
  76.05   11.12   -0.58
  76.02   11.12   -0.21
  76.02   11.12   -0.80
  76.00   11.12    0.09
  75.97   11.12   -0.65
  75.97   11.12   -1.00
  75.95   11.12   -0.17
  75.87   11.12   -0.84
  75.85   11.12    0.10
  75.82   11.12   -0.09
  75.82   11.12   -0.55
  75.80   11.12    0.22
  75.75   11.12    0.52
  75.72   11.12    0.13
  75.72   11.12   -0.46
  75.70   11.12   -0.04
  75.67   11.12   -0.74
  75.65   11.12   -0.01
  75.65   11.12   -0.04
  75.60   11.12   -0.09
  75.55   11.12    0.24
  74.76   11.11   -0.54
  74.76   11.11   -0.89
  74.76   11.11    0.48
  74.47   11.10   -0.91
  74.26    7.43   -0.53
  74.19    7.45    0.01
  79.66    9.55   -1.28
  78.28    9.67    0.15
  78.28    9.67    0.34
  78.25    9.67   -0.37
  76.62    9.77   -0.04
  75.89    9.81   -0.20
  75.89    9.81   -0.70
  75.13    9.85    0.15
  75.50    6.54   -0.98
  73.71    7.09   -0.67
  73.34    7.18   -0.52
  73.32    7.18   -0.67
  79.17   10.34   -0.80
  78.35   10.34   -1.21
  74.60    6.20    2.14
  74.05    8.58    0.59
