  77.13   10.65   -0.14
  77.14   10.65   -0.33
  78.36   10.71   -0.22
  78.49   10.72   -0.35
  78.98   10.75   -0.49
  77.95   11.56   -0.74
  80.36   12.01   -1.02
  80.37   12.01   -0.32
  80.39   12.01    0.14
  80.43   12.02   -0.76
  80.47   12.03   -0.61
  80.47   12.04   -1.17
  80.52   12.05   -0.68
  80.54   12.05   -0.60
  80.56   12.06   -0.85
  80.58   12.06   -0.79
  80.60   12.07   -0.26
  80.60   12.07   -0.39
  80.61   12.07   -0.74
  80.61   12.07   -0.91
  80.61   12.07   -0.46
  80.65   12.08   -0.07
  80.66   12.08   -0.99
  80.66   12.08   -0.28
  80.68   12.09    0.43
  80.74   12.10   -0.75
  80.74   12.10   -0.54
  80.75   12.11   -0.49
  80.76   12.11   -0.22
  80.77   12.11   -0.47
  80.78   12.11   -0.82
  80.78   12.11   -0.67
  75.57   12.86    1.03
  75.59   12.86    1.15
  75.77   12.92   -0.46
  75.87   12.95    0.04
  76.06   13.01   -0.09
  76.51   13.16    0.35
  76.75   13.25    0.39
  76.79   13.26   -0.02
  76.89   13.30   -0.64
  76.90   13.31   -0.10
  76.90   13.31    0.21
  76.93   13.32   -0.55
  76.93   13.32   -0.28
  76.93   13.32   -0.05
  77.01    9.31   -0.01
  77.03    9.31   -0.35
  77.10    9.32    0.08
  77.15    9.33    0.29
  77.17    9.34   -0.93
  77.17    9.34   -0.43
  77.18    9.34   -0.80
  77.18    9.34   -0.46
  77.20    9.34   -0.41
  77.20    9.34   -0.61
  77.21    9.34    0.06
  77.22    9.34   -1.15
  77.26    9.35   -0.74
  77.26    9.35   -0.87
  77.28    9.35   -0.73
  77.33    9.36   -0.75
  77.37    9.37   -0.76
  77.42    9.38   -0.44
  77.43    9.38   -0.16
  77.54    9.40   -0.32
  77.54    9.40    0.00
  78.10    9.51   -0.78
  78.11    9.51   -0.13
  78.14    9.51   -0.89
  78.15    9.52   -0.19
  78.16    9.52   -0.74
  78.25    9.54   -0.30
  72.06    8.47   -0.02
  72.15    8.48    0.19
  72.21    8.50    0.21
  72.89    8.65   -0.67
  73.18    8.72   -1.04
  73.31    8.75   -0.96
  73.38    8.77   -0.38
  73.90    8.91   -0.67
  74.21    9.00   -0.49
  74.22    9.00   -0.20
  74.43    9.06   -0.51
  74.57    9.11    0.09
  74.58    9.11   -0.24
  74.63    9.12   -0.28
  74.65    9.13   -0.25
  74.66    9.13   -0.44
  74.67    9.14   -0.88
  75.06    9.27   -0.93
  75.34    9.38   -0.71
  75.45    9.42   -0.82
  76.81   10.11   -0.23
  77.10   10.31   -0.77
  77.10   10.31   -0.23
  77.10   10.31    0.26
  77.11   10.31   -1.16
  77.12   10.32   -0.65
  77.19   10.38   -0.91
  77.33   10.50   -0.31
  77.42   10.58   -0.30
  77.42   10.58   -0.61
  77.46   10.63   -0.13
  77.50   10.66   -0.56
  77.51   10.68    0.36
  77.52   10.68    0.11
  77.52   10.69   -0.22
  77.54   10.71    0.12
  77.59   10.76   -0.76
  77.68   10.88   -1.09
  77.68   10.88   -0.61
  77.88   11.19   -0.48
  77.93   11.32   -0.31
  77.99   11.50   -0.79
  78.02   11.77   -0.38
  78.00   12.08   -0.49
  78.00   12.08   -0.52
  77.99   12.12   -0.58
  77.98   12.13   -1.03
  77.98   12.16   -0.44
  77.97   12.19   -0.41
  77.90   12.37   -0.66
  77.83   12.52   -0.46
  77.83   12.52   -0.81
  77.81   12.55   -0.24
  77.25   13.19   -0.95
  77.07   13.33   -0.32
  76.01   13.96   -0.68
  75.99   13.97   -0.31
  75.98   13.97   -0.33
  75.82   14.04   -0.50
  75.82   14.04   -0.10
  75.78   14.06   -0.34
  75.58   14.14   -0.64
  75.55   14.16    0.07
  75.53   14.16   -0.47
  75.45   14.20   -0.67
  75.83    6.02    0.37
  75.83    6.02    0.05
  78.70    6.07   -0.60
  74.90    8.42   -0.15
  75.66    8.61    0.38
  75.67    8.61   -0.08
  75.82    8.65    0.04
  75.86    8.66   -0.18
  75.89    8.67   -0.80
  75.90    8.67   -0.44
  79.90   12.48   -0.79
  79.90   12.48   -0.69
  79.90   12.48   -0.72
  79.70   12.81   -0.40
  79.70   12.81   -0.51
  79.65   12.88   -0.85
  79.62   12.93   -0.62
  79.59   12.96   -0.26
  78.31    6.76   -0.11
  78.37    6.76   -0.38
  78.37    6.76   -0.90
  77.53    7.55   -0.26
  77.53    7.55   -0.36
  77.61    7.56   -0.48
  77.61    7.56   -0.66
  77.64    7.57   -0.17
  77.64    7.57   -0.41
  77.66    7.57   -0.93
  77.68    7.58   -0.45
  77.69    7.58    0.46
  77.70    7.58   -0.52
  78.00    7.64   -0.40
  78.06    7.65   -0.18
  78.07    7.65   -0.29
  78.09    7.66   -0.24
  78.29    7.70    0.38
  75.68    8.88   -0.22
  75.69    8.88   -0.76
  75.70    8.89    0.37
  75.76    8.91   -1.00
  75.76    8.91   -0.90
  75.77    8.91   -0.96
  75.79    8.92   -0.35
  75.79    8.92   -0.37
  77.23    9.65   -0.72
  76.38    7.38   -0.29
  76.84    7.49   -0.29
  74.75   16.68    0.12
  72.71   16.67   -0.12
  76.03    7.37   -0.35
  76.05    7.38   -0.17
  76.07    7.38   -0.67
  76.96    7.63    0.11
  76.96    7.63    0.18
  77.07    7.66   -0.54
  77.45    7.79   -0.58
  77.46    7.79   -0.72
  77.49    7.80   -0.59
  77.49    7.80   -0.33
  77.49    7.80   -0.55
  77.51    7.81    0.24
  77.51    7.81   -0.11
  77.52    7.81   -0.26
  77.54    7.82   -1.03
  77.54    7.82   -0.78
  77.55    7.82   -0.17
  77.61    7.85   -1.00
  77.61    7.85   -0.55
  77.72    7.88   -0.81
  77.72    7.88   -0.39
  77.74    7.89    0.25
  77.75    7.90   -0.63
  77.75    7.90   -0.55
  77.75    7.90   -0.90
  77.78    7.91   -1.14
  77.78    7.91   -0.88
  77.80    7.91   -0.84
  77.80    7.91   -0.29
  77.80    7.91   -0.17
  77.81    7.92   -0.47
  77.83    7.92   -0.46
  77.83    7.92   -1.00
  77.83    7.92   -0.92
  77.89    7.95   -0.16
  77.92    7.96    0.39
  77.96    7.98   -0.71
  77.96    7.98   -0.80
  77.96    7.98   -0.94
  78.02    8.00   -0.27
  78.03    8.00   -0.36
  78.05    8.01   -0.69
  78.06    8.02   -0.26
  78.13    8.05   -0.46
  78.13    8.05   -0.63
  78.16    8.06    0.01
  78.16    8.06   -0.80
  78.16    8.06    0.43
  78.19    8.07   -0.47
  78.26    8.10   -0.79
  78.34    8.13   -0.84
  78.36    8.14   -0.77
  78.36    8.14   -0.72
  78.36    8.14   -0.76
  78.36    8.14    0.33
  78.38    8.15   -0.71
  78.39    8.16   -0.52
  78.39    8.16   -0.59
  78.39    8.16   -0.55
  78.41    8.16   -0.22
  78.41    8.16   -0.30
  78.43    8.18    0.55
  78.43    8.18   -0.49
  78.46    8.19   -1.28
  78.46    8.19   -1.04
  78.46    8.19   -0.64
  78.48    8.19   -0.44
  78.49    8.20    0.00
  78.49    8.20   -1.02
  78.50    8.21   -0.60
  78.50    8.21   -0.65
  78.53    8.22   -0.69
  78.61    8.26   -0.69
  78.61    8.26   -0.29
  78.63    8.27   -0.31
  78.64    8.27   -0.32
  78.64    8.27   -0.53
  78.65    8.28   -1.12
  78.68    8.29   -0.30
  78.68    8.29   -0.42
  78.69    8.30   -0.76
  78.76    8.33   -0.46
  78.78    8.34   -0.25
  78.84    8.37   -0.87
  78.89    8.40   -0.34
  80.20    9.38   -0.46
  80.21    9.39   -1.07
  80.24    9.44   -0.83
  80.25    9.44   -0.04
  80.64   11.27   -1.12
  80.63   11.29   -0.35
  80.62   11.32   -0.63
  80.60   11.36   -0.77
  80.60   11.37   -1.05
  80.60   11.37   -0.96
  80.60   11.37   -0.70
  80.58   11.42   -0.72
  80.51   11.56   -0.92
  80.50   11.57   -1.05
  80.44   11.66   -0.18
  80.44   11.67   -0.66
  80.44   11.67    1.22
  80.44   11.67    0.14
  80.44   11.67   -0.88
  80.44   11.67   -0.22
  80.43   11.68   -0.43
  80.42   11.69   -0.04
  80.42   11.69   -0.78
  80.42   11.70   -0.01
  80.41   11.71   -0.61
  80.40   11.72   -0.78
  80.40   11.74   -1.12
  80.40   11.74   -1.09
  80.40   11.74   -0.74
  80.39   11.75   -0.17
  80.37   11.78   -0.78
  80.31   11.86   -1.00
  80.30   11.87   -0.85
  80.23   11.95   -0.75
  80.23   11.95   -0.08
  80.22   11.96   -0.72
  80.22   11.97   -0.87
  80.21   11.98   -0.42
  80.21   11.98   -1.08
  80.20   11.99   -0.75
  80.11   12.09   -0.94
  80.11   12.09   -0.27
  80.10   12.10   -0.56
  80.10   12.10   -0.57
  80.08   12.12   -0.69
  80.06   12.14   -0.68
  80.05   12.15   -0.55
  80.05   12.15   -0.21
  79.97   12.23   -0.88
  79.93   12.26   -0.79
  79.93   12.26   -0.69
  79.92   12.27   -0.97
  79.92   12.27   -0.53
  79.91   12.28   -0.25
  79.90   12.29   -0.67
  79.83   12.35   -0.94
  79.83   12.35   -0.97
  79.83   12.35   -0.87
  79.78   12.39   -1.20
  79.75   12.42   -0.92
  79.71   12.44   -0.40
  79.70   12.45   -0.74
  79.69   12.46   -1.19
  79.61   12.53   -0.33
  79.54   12.57   -0.82
  79.53   12.58   -0.91
  79.39   12.68   -0.65
  79.36   12.69   -0.97
  79.32   12.72   -0.82
  79.15   12.82   -0.50
  79.14   12.83   -0.45
  79.14   12.83   -0.28
  79.12   12.84   -0.34
  79.11   12.85   -0.93
  79.09   12.86   -0.47
  79.08   12.87   -0.84
  79.04   12.89   -0.28
  78.84   13.00   -0.64
  78.78   13.03   -0.78
  78.67   13.08   -0.78
  78.65   13.09   -0.71
  78.60   13.12   -0.17
  78.60   13.12   -0.14
  78.49   13.17   -0.74
  78.47   13.18   -0.57
  78.32   13.25   -1.13
  78.25   13.27   -0.59
  78.17   13.31   -0.54
  78.11   13.33   -0.84
  78.11   13.33   -0.91
  78.08   13.35   -0.74
  78.06   13.35   -1.11
  78.04   13.36   -0.66
  77.99   13.38   -0.11
  77.97   13.39   -1.00
  77.95   13.40   -0.76
  77.86   13.43   -0.43
  77.75   13.47   -0.64
  77.70   13.49   -0.15
  77.66   13.51   -0.69
  77.64   13.51   -0.50
  77.57   13.54   -0.40
  77.53   13.56   -0.19
  77.53   13.56    0.06
  83.85   11.18   -0.72
  83.85   11.18   -0.56
  77.44   14.78   -1.00
  77.41   14.78   -0.46
  77.38   14.79   -0.90
  77.36   14.79   -0.37
  74.77    6.26   -0.22
  78.16    6.95   -0.97
  78.20    6.96   -1.14
  78.27    6.99   -0.49
  78.32    7.00   -1.08
  78.32    7.00   -0.19
  78.37    7.01   -0.56
  78.47    7.04    0.22
  78.49    7.05   -0.17
  79.52    7.40    0.03
  79.53    7.41    0.09
  79.53    7.41   -0.81
  79.53    7.41   -0.63
  79.54    7.41   -0.54
  79.58    7.43   -0.98
  79.58    7.43   -0.57
  79.61    7.44   -0.16
  79.62    7.45   -0.61
  79.81    7.52   -0.72
  79.81    7.52    0.10
  79.81    7.52   -0.73
  79.82    7.53   -0.84
  79.83    7.54   -0.74
  79.85    7.54   -0.70
  80.05    7.63   -0.58
  80.05    7.63   -0.51
  80.11    7.66   -1.07
  80.12    7.67   -0.72
  80.12    7.67   -0.98
  80.16    7.69   -0.83
  80.17    7.69   -0.35
  80.17   12.88   -1.01
  80.11   12.91   -1.09
  80.11   12.91   -1.18
  79.99   12.96   -0.70
  79.87   13.02   -0.74
  79.85   13.03   -0.43
  79.85   13.03   -0.43
  79.83   13.03   -0.54
  79.82   13.04   -1.03
  79.82   13.04    0.11
  79.80   13.05   -0.91
  79.80   13.05   -0.86
  79.80   13.05   -0.44
  79.79   13.05   -0.75
  79.77   13.06   -1.12
  79.75   13.07   -0.32
  79.69   13.10   -0.52
  79.67   13.10   -0.93
  79.67   13.10   -0.47
  79.66   13.11   -0.43
  79.64   13.12   -0.97
  79.64   13.12   -0.82
  79.61   13.13   -0.31
  79.61   13.13   -0.84
  79.59   13.14   -0.36
  79.59   13.14   -0.42
  79.59   13.14   -0.90
  79.57   13.14   -0.47
  79.57   13.14   -0.50
  79.57   13.14   -0.46
  79.56   13.15   -0.66
  79.54   13.16   -0.48
  79.54   13.16   -0.70
  79.54   13.16   -0.28
  79.51   13.17   -0.81
  79.51   13.17   -0.53
  79.51   13.17   -0.89
  79.49   13.18   -0.58
  79.47   13.18   -0.34
  79.46   13.19   -0.81
  79.42   13.20   -0.97
  79.41   13.21   -0.88
  79.37   13.22   -0.75
  79.34   13.23   -1.13
  79.29   13.25   -0.84
  79.27   13.26   -0.44
  79.24   13.27   -0.20
  79.22   13.28   -0.81
  79.22   13.28    0.34
  79.20   13.28    0.59
  79.19   13.29   -0.98
  79.19   13.29   -0.77
  79.17   13.30   -0.40
  79.17   13.30   -0.72
  79.13   13.31   -0.69
  79.13   13.31   -0.09
  79.13   13.31   -0.17
  79.13   13.31    0.13
  79.13   13.31    0.29
  79.03   13.35   -1.01
  78.85   13.41   -0.59
  78.83   13.41   -0.93
  78.63   13.48   -0.12
  78.60   13.49   -0.39
  78.60   13.49   -0.67
  78.48   13.52   -0.26
  78.47   13.53   -0.13
  78.45   13.53   -0.42
  78.45   13.53   -0.20
  78.45   13.53   -0.40
  78.35   13.56    0.49
  78.33   13.57   -0.44
  78.32   13.57   -0.23
  78.30   13.58   -0.79
  78.05   13.65   -0.48
  77.54   13.78   -0.77
  76.88   13.93   -1.02
  76.82   13.94   -0.55
  76.80   13.94   -0.04
  76.80   13.94   -0.21
  76.78   13.95   -0.14
  76.50   14.00   -0.78
  76.50   14.00   -0.30
  76.48   14.01   -0.35
  76.48   14.01   -0.16
  76.48   14.01    0.12
  76.46   14.01   -0.25
  76.44   14.02   -0.17
  76.44   14.02   -0.47
  76.42   14.02   -0.67
  76.42   14.02   -0.81
  76.40   14.02    1.30
  76.40   14.02    0.28
  76.38   14.03   -0.42
  76.38   14.03    0.34
  76.36   14.03   -0.57
  76.23   14.06   -0.98
  76.20   14.06   -0.61
  76.20   14.06   -0.62
  76.10   14.08   -0.79
  75.25   14.23   -0.66
  77.76    8.12   -0.44
  77.77    8.13   -0.63
  77.94    8.23   -0.47
  78.46    8.58   -0.94
  78.62    8.71    0.39
  78.74    8.81   -0.84
  78.74    8.81   -0.76
  78.83    8.90   -0.79
  78.86    8.93    0.16
  78.86    8.94   -0.80
  78.93    9.01   -0.20
  78.96    9.04   -0.13
  79.01    9.10   -0.73
  79.02    9.11    0.12
  79.02    9.11   -0.55
  79.02    9.11   -0.13
  79.02    9.11   -0.29
  79.06    9.17   -0.65
  79.07    9.17   -0.94
  79.08    9.20   -1.10
  79.13    9.26    0.54
  79.13    9.26    0.21
  79.13    9.26   -1.32
  79.13    9.26   -0.55
  79.18    9.34   -1.06
  79.42   10.38   -0.45
  79.42   10.38   -0.60
  79.42   10.40   -1.00
  79.42   10.40   -1.25
  79.42   10.40   -0.80
  78.77   11.53   -0.82
  78.76   11.54   -0.34
  78.76   11.54   -0.74
  78.76   11.54   -0.25
  78.75   11.54   -0.58
  78.75   11.54   -0.61
  78.75   11.54   -0.20
  78.75   11.54   -0.33
  78.75   11.54   -0.61
  78.75   11.55   -0.59
  78.71   11.58   -0.51
  78.70   11.59   -0.60
  78.43   11.82    0.42
  78.43   11.82    0.09
  78.43   11.82   -0.74
  78.42   11.83   -0.08
  78.41   11.83   -0.77
  78.41   11.83   -0.94
  78.41   11.83   -0.69
  78.40   11.84   -0.18
  78.39   11.85   -0.29
  78.39   11.85    1.15
  78.38   11.86   -0.19
  78.38   11.86    0.19
  78.38   11.86    0.07
  78.37   11.86    0.04
  78.36   11.87    0.35
  78.32   11.89    0.24
  78.32   11.89   -0.34
  78.30   11.91    0.72
  78.30   11.91   -0.99
  78.29   11.92   -0.45
  78.29   11.92   -0.16
  78.27   11.93   -1.09
  78.26   11.94   -0.59
  78.26   11.94   -0.58
  78.25   11.94   -0.57
  78.24   11.95   -0.62
  78.17   12.00   -1.02
  78.11   12.04   -0.94
  78.11   12.04   -0.68
  78.11   12.04   -1.07
  77.71   12.27   -0.99
  77.62   12.32   -0.64
  77.58   12.34   -0.74
  76.98   12.61   -1.02
  82.29   16.60   -0.32
  81.68   16.57   -0.47
  81.51   16.56   -0.55
  81.49   16.56   -0.73
  80.79   16.54   -0.87
  80.79   16.54   -0.67
  80.08   16.51   -0.89
  79.72   16.50   -0.70
  79.26   16.49   -0.76
  77.77   16.46   -0.61
  77.74   16.46   -0.12
  77.68   16.46   -0.26
  77.68   16.46    0.61
  77.65   16.46    0.61
  77.57   16.46    0.16
  77.57   16.46   -0.70
  77.54   16.46   -0.51
  76.32    7.33   -0.49
  76.32    7.33   -0.05
  76.32    7.33   -0.49
  76.34    7.33   -0.80
  76.36    7.34   -0.90
  76.36    7.34    0.30
  76.37    7.34   -0.80
  76.37    7.34    0.69
  76.39    7.35    0.07
  76.40    7.35    0.16
  76.40    7.35    0.54
  76.42    7.36   -0.36
  76.42    7.36    0.63
  76.44    7.37    0.44
  76.44    7.37    0.81
  76.45    7.37    0.13
  76.45    7.37   -0.49
  76.45    7.37   -0.71
  76.47    7.38   -0.22
  76.47    7.38   -0.63
  76.47    7.38    0.10
  76.49    7.38   -0.17
  76.49    7.38    0.51
  76.50    7.39    0.01
  76.50    7.39   -0.43
  76.52    7.39   -0.42
  76.52    7.39   -0.70
  76.52    7.39    0.59
  76.53    7.40   -0.55
  76.53    7.40    0.19
  76.53    7.40    0.10
  76.55    7.40   -0.55
  76.55    7.40    0.01
  76.58    7.42    0.37
  76.58    7.42    0.15
  76.58    7.42    0.56
  76.58    7.42    0.31
  76.60    7.42   -0.23
  76.62    7.43   -0.62
  76.63    7.43   -0.65
  76.63    7.43    0.70
  76.70    7.46   -0.23
  76.70    7.46   -1.00
  76.70    7.46    0.15
  76.71    7.46   -0.15
  76.73    7.47   -0.14
  76.74    7.47   -0.53
  76.74    7.47   -0.56
  76.74    7.47   -0.26
  76.76    7.48   -0.10
  76.78    7.49   -0.32
  76.78    7.49   -0.23
  76.79    7.49    0.02
  76.81    7.50   -0.20
  76.82    7.50   -0.85
  76.82    7.50   -0.02
  76.82    7.50   -0.19
  76.84    7.51   -0.86
  76.84    7.51   -0.47
  76.84    7.51    0.18
  76.84    7.51    0.44
  76.85    7.52   -0.55
  76.85    7.52    1.06
  76.87    7.52   -0.65
  76.89    7.53   -0.65
  76.90    7.53   -0.16
  76.95    7.55   -0.97
  76.95    7.55   -0.22
  76.95    7.55   -0.45
  76.95    7.55   -0.78
  76.98    7.56   -0.93
  77.01    7.58    0.01
  77.03    7.58   -0.22
  77.03    7.58   -0.29
  77.04    7.59   -0.22
  77.04    7.59   -0.25
  77.04    7.59   -0.62
  77.06    7.59   -0.45
  77.06    7.59   -0.96
  77.07    7.60   -0.54
  77.09    7.61   -0.83
  77.09    7.61   -0.32
  77.12    7.62   -0.49
  77.12    7.62    0.09
  77.13    7.63    0.15
  77.16    7.64   -0.43
  77.18    7.64   -0.29
  77.19    7.65   -0.15
  77.19    7.65    0.04
  77.24    7.67   -0.65
  77.27    7.68   -0.67
  77.29    7.69   -0.22
  77.29    7.69   -0.72
  77.30    7.69   -0.06
  77.30    7.69    0.77
  77.32    7.70   -0.78
  77.35    7.71   -0.50
  77.36    7.72   -1.12
  77.38    7.73   -0.53
  77.38    7.73   -0.24
  77.39    7.73   -0.21
  77.39    7.73   -0.62
  77.40    7.74   -0.45
  77.40    7.74    0.23
  77.42    7.75   -0.74
  77.42    7.75   -0.17
  77.45    7.76   -0.34
  77.49    7.78   -0.71
  77.51    7.79   -0.97
  77.57    7.81   -1.01
  77.69    7.88   -0.98
  77.78    7.92   -0.84
  78.65    8.45   -0.95
  79.17    8.90   -1.21
  79.20    8.94   -0.41
  79.20    8.94   -0.60
  79.21    8.95   -0.29
  79.21    8.95   -0.64
  79.22    8.96   -0.57
  79.22    8.96   -0.14
  79.23    8.97   -0.73
  79.23    8.97   -0.21
  79.23    8.97   -0.16
  79.24    8.98    0.49
  79.24    8.99   -0.09
  79.25    9.00   -0.75
  79.26    9.01   -0.87
  79.26    9.01   -0.43
  79.26    9.01   -0.64
  79.26    9.01   -0.09
  79.27    9.03   -0.43
  79.27    9.03   -0.19
  79.27    9.03   -0.36
  79.29    9.04   -0.77
  79.29    9.04   -1.03
  79.29    9.04   -0.44
  79.31    9.06   -0.44
  79.31    9.07   -0.50
  79.31    9.07   -0.13
  79.32    9.08   -1.06
  79.34    9.11   -0.61
  79.34    9.11   -0.76
  79.36    9.13    0.06
  79.38    9.17   -0.75
  79.45    9.27    0.38
  79.45    9.28   -0.97
  79.46    9.29   -0.29
  79.47    9.30   -0.55
  79.47    9.30   -1.10
  79.47    9.30   -0.18
  79.47    9.31   -0.83
  79.47    9.31   -0.14
  79.48    9.32   -0.68
  79.56    9.48   -0.43
  80.28   15.12   -0.66
  79.42   15.14   -0.29
  79.42   15.14   -0.89
  79.39   15.14   -0.97
  79.36   15.14   -0.73
  79.33   15.14   -0.72
  79.17   15.15   -1.06
  79.17   15.15   -1.00
  78.95   15.15   -0.83
  78.80   15.15   -0.39
  78.80   15.15   -0.67
  78.77   15.15   -0.80
  78.73   15.15   -0.18
  78.70   15.15   -0.03
  78.61   15.16   -0.60
  78.61   15.16   -0.80
  78.58   15.16   -0.18
  78.52   15.16   -1.01
  78.48   15.16   -0.85
  78.45   15.16   -0.50
  78.45   15.16   -1.05
  78.42   15.16   -0.20
  78.33   15.16   -0.43
  78.33   15.16   -0.13
  78.33   15.16   -0.47
  78.33   15.16   -0.83
  78.17   15.16   -0.80
  78.17   15.16   -0.73
  78.17   15.16   -1.10
  78.17   15.16    0.15
  78.17   15.16    0.25
  78.14   15.16   -0.10
  78.14   15.16    0.34
  78.14   15.16   -0.17
  78.08   15.16   -0.09
  78.01   15.16   -0.72
  78.01   15.16   -0.64
  78.01   15.16   -0.24
  78.01   15.16   -0.08
  77.98   15.16   -0.97
  77.98   15.16   -0.99
  77.95   15.16   -0.89
  77.95   15.16   -0.58
  77.95   15.16   -0.84
  77.92   15.17   -0.10
  77.92   15.17   -0.32
  77.82   15.17   -0.72
  77.73   15.17   -0.64
  77.73   15.17   -0.59
  77.70   15.17   -0.60
  77.70   15.17   -0.20
  77.70   15.17   -0.40
  77.67   15.17   -0.49
  77.67   15.17   -0.17
  77.67   15.17   -0.51
  77.67   15.17   -0.74
  77.67   15.17   -1.10
  77.64   15.17   -1.14
  77.64   15.17   -0.97
  77.60   15.17   -0.02
  77.60   15.17   -0.41
  77.60   15.17   -0.30
  77.60   15.17   -0.23
  77.57   15.17    0.27
  77.57   15.17    0.28
  77.57   15.17   -1.11
  77.54   15.17   -0.71
  77.54   15.17   -0.68
  77.54   15.17   -0.78
  77.51   15.17   -0.62
  77.51   15.17   -1.09
  77.48   15.17    0.32
  77.48   15.17   -0.55
  77.45   15.17   -0.11
  77.41   15.17   -1.19
  77.41   15.17   -1.05
  77.41   15.17   -0.41
  77.38   15.17   -0.37
  77.35   15.17   -0.64
  77.29   15.17   -0.60
  77.29   15.17   -0.43
  77.29   15.17   -0.91
  77.16   15.17   -0.86
  77.07   15.18   -0.28
  77.07   15.18   -0.95
  77.03   15.18   -0.40
  77.03   15.18   -0.69
  76.91   15.18   -1.11
  76.87   15.18   -0.82
  76.87   15.18   -0.55
  75.45    6.89   -0.63
  75.46    6.90   -0.69
  75.89    7.05   -0.89
  75.91    7.05   -0.34
  75.93    7.06   -0.32
  75.93    7.06   -0.22
  75.96    7.07   -0.60
  75.96    7.07   -1.06
  75.98    7.08   -0.15
  76.01    7.09   -0.71
  76.01    7.09   -0.46
  76.03    7.10   -0.14
  76.03    7.10   -0.80
  76.03    7.10   -0.71
  76.03    7.10   -1.07
  76.04    7.10   -0.32
  76.04    7.10   -0.20
  76.04    7.10    0.22
  76.06    7.11    0.17
  76.46    7.28   -0.91
  76.51    7.30   -0.79
  76.57    7.32    0.50
  76.57    7.32    0.45
  76.57    7.32   -0.51
  76.59    7.33   -1.18
  76.83    7.44   -0.82
  76.85    7.45   -0.45
  76.88    7.47   -0.59
  76.89    7.47   -0.18
  76.95    7.50   -0.31
  76.95    7.50   -0.43
  77.01    7.53   -0.20
  77.05    7.56   -0.05
  77.11    7.59    0.36
  77.22    7.65   -0.57
  77.31    7.70    0.09
  77.36    7.73   -0.74
  77.37    7.73   -0.07
  77.41    7.76   -0.36
  77.47    7.80   -0.74
  77.51    7.82   -0.83
  77.72    7.97   -0.02
  77.92    8.11   -0.16
  77.92    8.11   -0.92
  77.95    8.14   -0.10
  78.06    8.24    1.17
  78.07    8.25   -0.20
  78.07    8.25    0.20
  78.10    8.28   -0.60
  78.15    8.32   -0.32
  78.42    8.63   -0.91
  78.44    8.65   -0.42
  78.50    8.73   -0.35
  78.50    8.74    0.00
  76.89   14.36   -0.88
  76.89   14.36   -1.18
  76.86   14.36   -0.98
  76.83   14.37   -0.57
  76.80   14.37   -0.89
  76.80   14.37   -0.84
  76.77   14.37   -0.91
  76.70   14.37   -0.67
  76.64   14.38   -0.83
  76.55   14.38   -0.99
  76.49   14.39   -0.78
  76.21   14.40    0.18
  76.21   14.40   -0.39
  76.17   14.41   -0.79
  76.17   14.41   -0.33
  76.17   14.41   -0.17
  76.14   14.41    0.26
  76.11   14.41   -0.37
  76.11   14.41    0.30
  76.08   14.41    1.41
  76.08   14.41    0.34
  76.08   14.41   -0.22
  76.05   14.41    0.85
  76.05   14.41    0.26
  76.02   14.42   -0.14
  76.02   14.42   -1.05
  75.99   14.42    0.64
  75.99   14.42   -1.23
  75.99   14.42   -0.56
  75.92   14.42   -0.33
  75.92   14.42   -0.09
  75.89   14.42   -0.83
  75.89   14.42   -0.51
  75.86   14.43    0.29
  75.83   14.43   -0.54
  75.80   14.43    0.67
  75.80   14.43    0.14
  75.80   14.43   -0.58
  75.77   14.43    0.47
  75.77   14.43    0.04
  75.73   14.43    0.16
  75.73   14.43   -0.57
  75.67   14.44   -0.30
  75.67   14.44   -0.12
  75.67   14.44   -0.74
  75.64   14.44   -0.57
  75.64   14.44   -0.61
  75.61   14.44    0.46
  75.61   14.44   -0.58
  75.55   14.44   -0.44
  75.51   14.44   -0.76
  75.45   14.45   -0.94
  75.39   14.45    0.44
  75.36   14.45   -0.32
  75.36   14.45   -1.02
  75.32   14.46   -0.07
  75.32   14.46   -0.56
  75.29   14.46   -0.31
  75.29   14.46   -0.81
  75.29   14.46   -0.80
  75.29   14.46   -0.84
  75.26   14.46   -0.64
  75.26   14.46   -0.59
  75.26   14.46   -1.00
  75.26   14.46   -0.18
  75.23   14.46   -0.16
  75.23   14.46   -0.11
  75.23   14.46   -0.70
  75.23   14.46   -0.14
  75.20   14.46   -0.55
  75.17   14.46   -0.09
  75.17   14.46   -0.46
  75.07   14.47   -1.02
  75.04   14.47   -1.03
  75.04   14.47   -0.74
  75.04   14.47   -0.83
  75.01   14.47   -1.08
  74.88   14.48   -0.71
  74.88   14.48   -0.45
  74.85   14.48   -0.05
  74.85   14.48    0.17
  74.85   14.48    0.16
  74.82   14.48   -0.64
  74.69   14.49   -0.09
  74.56   14.49   -0.40
  74.37   14.50   -0.47
  74.30   14.51    0.14
  74.27   14.51   -0.89
  74.27   14.51   -0.38
  74.24   14.51   -0.27
  74.24   14.51   -0.38
  74.17   14.51   -0.37
  74.17   14.51   -0.27
  74.17   14.51   -0.50
  74.05   14.52   -0.66
  74.01   14.52   -0.78
  74.01   14.52   -0.63
  73.98   14.52   -0.97
  73.98   14.52   -1.17
  73.98   14.52   -0.70
  73.95   14.52   -0.83
  73.92   14.52   -0.52
  73.88   14.52   -0.13
  73.85   14.53   -0.01
  73.76   14.53   -0.41
  73.76   14.53   -0.20
  73.72   14.53   -0.12
  73.72   14.53   -0.33
  73.69   14.53   -0.77
  73.63   14.54   -0.88
  73.53   14.54   -0.52
  73.53   14.54   -0.13
  73.53   14.54   -0.37
  73.50   14.54   -0.19
  73.50   14.54   -0.71
  73.50   14.54   -0.41
  73.50   14.54   -0.10
  73.46   14.54   -0.09
  73.46   14.54   -0.64
  73.46   14.54    0.51
  73.46   14.54   -0.27
  73.33   14.55   -0.95
  73.20   14.55   -0.59
  73.14   14.56   -0.70
  73.04   14.56   -0.50
  72.98   14.56   -0.48
  72.98   14.56   -0.66
  72.94   14.56   -0.00
  72.91   14.56    0.78
  72.91   14.56   -0.48
  72.91   14.56    0.33
  72.88   14.57   -0.62
  72.81   14.57   -0.98
  72.68   14.57   -0.69
  72.62   14.58   -0.12
  72.58   14.58   -0.02
  72.52   14.58   -0.77
  72.45   14.58   -0.98
  72.45   14.58   -0.18
  72.35   14.59   -0.23
  74.13   15.08   -0.81
  73.42    6.59   -0.69
  73.42    6.59   -0.47
  73.85    6.74   -0.04
  74.01    6.81   -0.81
  74.04    6.82    0.19
  74.06    6.82   -0.81
  74.07    6.83   -0.12
  74.07    6.83   -0.32
  74.07    6.83    0.15
  74.10    6.84    0.66
  74.16    6.87   -0.70
  74.19    6.88    0.03
  74.21    6.89    0.10
  74.22    6.89   -0.97
  74.22    6.89    0.12
  74.28    6.92   -0.51
  74.29    6.92   -0.10
  74.36    6.96   -0.34
  74.38    6.96   -0.91
  74.41    6.97   -0.19
  74.46    7.00   -0.10
  74.46    7.00   -0.34
  74.48    7.01   -0.46
  74.48    7.01    0.12
  74.49    7.01    0.44
  74.49    7.01   -0.29
  74.57    7.05   -0.34
  74.57    7.05   -0.14
  74.61    7.07   -0.23
  74.64    7.09   -0.29
  75.15    7.36   -1.16
  75.21    7.40   -0.73
  75.22    7.41   -0.25
  75.24    7.41   -0.52
  75.24    7.41   -0.29
  75.25    7.42   -0.62
  75.26    7.43    0.54
  75.27    7.44    0.00
  75.30    7.46   -0.18
  75.32    7.47   -0.64
  75.34    7.48   -0.08
  75.38    7.51   -0.24
  75.38    7.51   -0.06
  75.39    7.52    0.37
  75.42    7.53   -0.65
  75.42    7.53   -0.14
  75.42    7.53    0.03
  75.47    7.57   -0.80
  75.48    7.58   -0.68
  75.48    7.58   -0.75
  75.55    7.63    0.07
  75.56    7.64    0.09
  75.63    7.69   -0.83
  75.67    7.73   -0.24
  75.87    7.90   -0.64
  76.34    8.58   -0.96
  76.38    8.70   -0.38
  76.38    8.71   -0.81
  76.38    8.71   -0.84
  76.38    8.71   -0.65
  76.38    8.71   -0.49
  76.39    8.72    0.11
  76.39    8.73    0.11
  76.39    8.73   -0.10
  76.39    8.74   -0.14
  76.39    8.74   -0.74
  76.39    8.74   -0.51
  76.39    8.75   -0.79
  76.39    8.75   -0.85
  76.39    8.76   -0.23
  76.39    8.76   -0.60
  76.40    8.78   -0.54
  76.40    8.79   -0.23
  76.40    8.79   -0.52
  76.40    8.79   -0.18
  76.40    8.80   -0.65
  76.40    8.80    0.95
  76.40    8.81    0.74
  76.40    8.81   -0.71
  76.40    8.81   -0.40
  76.40    8.82   -0.64
  76.40    8.82    0.41
  76.41    8.82    0.62
  76.41    8.82    0.14
  76.41    8.85    0.01
  76.41    8.85   -0.18
  76.41    8.85   -0.61
  76.41    8.85   -0.19
  76.41    8.85   -0.04
  76.41    8.86   -0.72
  76.41    8.87   -0.82
  76.41    8.88    0.62
  76.41    8.88    0.16
  76.42    8.90    0.39
  76.42    8.91   -0.76
  76.42    8.91   -0.35
  76.42    8.91   -0.97
  76.42    8.95   -0.55
  76.42    8.95    0.62
  76.42    8.95   -0.13
  76.42    8.96   -0.18
  76.42    8.96   -0.60
  76.42    8.96   -0.48
  76.42    8.96   -0.49
  76.42    8.97   -0.84
  76.42    8.98   -0.23
  76.42    8.99   -0.41
  76.42    9.00   -0.50
  76.42    9.01   -1.05
  76.42    9.01   -0.44
  76.42    9.01   -0.91
  76.42    9.02   -0.25
  76.42    9.03   -0.48
  76.42    9.04   -0.15
  76.42    9.05   -0.17
  76.42    9.08   -1.03
  76.42    9.08   -0.28
  76.42    9.09   -0.58
  76.42    9.09    0.10
  76.42    9.09   -0.54
  76.42    9.09    0.05
  76.42    9.10    0.14
  76.42    9.10   -1.06
  76.42    9.11    0.16
  76.42    9.11   -0.21
  76.42    9.11   -1.00
  76.41    9.13   -1.06
  76.41    9.14   -0.28
  76.41    9.14    0.30
  76.41    9.15   -0.26
  76.41    9.15   -0.62
  76.41    9.17   -0.35
  76.41    9.18    0.17
  76.41    9.19   -0.42
  76.41    9.19   -0.63
  76.40    9.21   -0.57
  76.40    9.21   -0.65
  76.38    9.30   -0.43
  76.38    9.32   -0.69
  76.38    9.32   -0.37
  76.38    9.33   -0.92
  76.38    9.33   -0.43
  76.36    9.38   -0.54
  76.36    9.38   -0.32
  76.36    9.39   -0.85
  76.36    9.39    0.54
  76.35    9.40    0.10
  76.32    9.48   -0.82
  76.32    9.48   -0.67
  76.30    9.53   -0.49
  76.30    9.54   -0.55
  76.30    9.54   -0.66
  76.28    9.57    0.49
  76.28    9.58   -0.50
  76.28    9.58   -0.35
  76.14    9.80   -0.55
  76.14    9.80   -0.07
  76.14    9.81   -0.41
  76.13    9.82   -0.46
  76.10    9.86   -0.35
  76.09    9.87   -0.59
  73.88    6.19   -0.80
  74.35    6.33   -0.30
  74.37    6.34   -0.58
  74.52    6.39   -0.93
  77.32    7.82   -0.53
  77.50    8.00   -0.48
  77.51    8.01   -0.25
  77.60    8.13   -0.08
  77.61    8.14   -0.57
  77.71    8.28   -0.66
  77.71    8.29    0.45
  77.75    8.35   -0.47
  77.75    8.35   -0.41
  77.76    8.36   -0.11
  77.92    8.79   -1.14
  77.94    8.88    0.10
  77.94    8.89   -0.87
  77.94    8.91    0.76
  77.95    8.92   -0.40
  77.95    8.93   -0.18
  77.95    8.93   -0.18
  77.95    8.93    0.48
  77.95    8.94   -0.15
  77.95    8.95   -0.70
  77.95    8.96   -0.21
  77.95    9.08   -0.60
  77.58   10.03   -1.01
  80.12   13.75   -0.29
  80.12   13.75   -0.55
  80.09   13.75   -0.16
  80.09   13.75   -0.67
  80.05   13.76    0.06
  80.02   13.76   -0.48
  79.99   13.76   -0.82
  79.99   13.76   -0.62
  79.96   13.77   -0.26
  79.93   13.77   -1.02
  79.89   13.77   -0.48
  79.67   13.79   -0.04
  79.50   13.80   -0.93
  79.24   13.83   -0.57
  77.76   13.93   -1.08
  77.66   13.93   -0.99
  77.26   13.96   -0.89
  83.00   11.26   -0.55
  82.97   11.27   -0.67
  81.95   11.67   -0.95
  81.95   11.67   -0.46
  81.92   11.68   -0.53
  81.92   11.68   -0.59
  81.87   11.70   -0.52
  81.84   11.71   -1.01
  81.81   11.72   -0.68
  81.81   11.72   -0.26
  81.60   11.78   -0.71
  81.57   11.79   -1.07
  81.45   11.83   -0.44
  81.24   11.89   -0.78
  81.21   11.89   -0.98
  75.15   11.81   -0.77
  74.70   11.88   -1.00
  74.53   11.90   -0.44
  74.53   11.90   -0.86
  74.53   11.90   -0.59
  74.50   11.91   -0.87
  74.50   11.91   -0.46
  74.50   11.91   -0.17
  74.47   11.91   -0.37
  74.47   11.91   -0.81
  74.47   11.91   -0.81
  74.40   11.92   -0.80
  74.40   11.92   -0.82
  74.34   11.93   -1.07
  74.30   11.94   -0.57
  74.30   11.94   -0.45
  74.27   11.94   -0.39
  74.24   11.95   -0.51
  74.24   11.95   -0.63
  74.24   11.95   -0.58
  74.20   11.95   -0.59
  74.11   11.97   -0.09
  74.11   11.97   -0.31
  74.07   11.97   -0.65
  74.07   11.97   -0.78
  74.04   11.98   -1.11
  74.00   11.98   -0.83
  73.97   11.98   -0.62
  73.94   11.99   -1.04
  73.94   11.99   -0.92
  73.90   11.99   -0.89
  73.64   12.03   -1.00
  73.64   12.03   -0.66
  73.64   12.03   -0.53
  73.60   12.03   -0.87
  73.60   12.03   -1.02
  73.50   12.05   -0.43
  73.50   12.05   -0.33
  73.43   12.06   -0.83
  82.37   12.37   -0.62
  82.34   12.38   -0.30
  82.34   12.38   -0.41
  82.34   12.38   -0.07
  82.34   12.38    0.68
  82.30   12.39    0.06
  82.27   12.40    0.49
  82.27   12.40    0.33
  81.81   12.51   -0.11
  81.74   12.53   -0.62
  81.71   12.54   -0.61
  81.71   12.54   -0.52
  81.71   12.54   -0.67
  81.67   12.55   -0.65
  81.64   12.55   -0.74
  81.03   12.68   -0.48
  80.99   12.69   -0.37
  80.88   12.71   -0.65
  80.74   12.74   -0.62
  80.74   12.74   -0.49
  80.70   12.74   -1.01
  80.63   12.76   -0.50
  80.59   12.76    0.05
  80.41   12.80   -0.36
  79.78   12.89   -0.33
  79.63   12.92   -0.49
  79.60   12.92   -0.18
  79.60   12.92   -0.29
  79.52   12.93   -0.82
  79.48   12.94   -0.88
  79.48   12.94   -0.90
  79.45   12.94   -0.70
  79.41   12.95   -0.70
  79.41   12.95   -0.97
  79.37   12.95   -1.19
  79.37   12.95   -0.67
  79.37   12.95   -0.61
  79.33   12.96   -0.73
  79.33   12.96   -0.59
  79.30   12.96   -0.39
  79.30   12.96   -0.72
  79.26   12.97   -0.57
  79.26   12.97   -0.65
  79.26   12.97   -0.58
  79.22   12.97   -0.78
  79.18   12.98   -0.79
  79.15   12.98   -0.51
  79.15   12.98   -0.15
  79.15   12.98   -0.33
  79.11   12.99   -0.34
  79.07   12.99   -0.55
  79.07   12.99   -0.38
  79.03   13.00   -0.17
  79.03   13.00   -0.37
  79.03   13.00   -0.12
  79.00   13.00   -0.30
  79.00   13.00   -0.16
  79.00   13.00   -0.14
  79.00   13.00   -0.46
  79.00   13.00   -0.10
  78.77   13.03   -0.67
  78.69   13.04   -0.95
  78.62   13.05   -0.33
  78.62   13.05   -0.43
  78.51   13.06   -0.64
  78.47   13.07   -0.51
  78.47   13.07   -0.78
  78.43   13.07   -0.75
  78.35   13.08   -0.64
  78.35   13.08    0.47
  78.24   13.09    0.03
  78.24   13.09    0.05
  78.20   13.10   -0.97
  78.20   13.10   -0.40
  78.16   13.10   -0.10
  78.13   13.11   -0.35
  78.09   13.11   -0.58
  77.93   13.13    0.09
  77.93   13.13   -0.08
  77.90   13.13   -0.68
  77.90   13.13   -0.38
  77.86   13.13   -0.50
  77.86   13.13   -0.57
  77.82   13.14   -0.30
  77.82   13.14   -0.44
  77.82   13.14   -0.73
  77.78   13.14   -0.49
  77.74   13.15   -0.68
  77.74   13.15    0.30
  77.74   13.15   -0.75
  77.71   13.15   -0.96
  77.71   13.15   -0.59
  77.67   13.15   -0.09
  77.63   13.16   -0.12
  77.44   13.18   -0.52
  77.05   13.21   -0.46
  77.05   13.21   -0.48
  77.05   13.21   -0.91
  77.01   13.22    0.25
  77.01   13.22   -0.17
  76.70   13.24   -0.39
  76.67   13.25   -0.57
  76.63   13.25   -0.23
  74.12   10.99   -0.02
  74.09   11.00   -0.34
  74.06   11.01   -0.30
  74.03   11.01   -0.47
  73.95   11.03   -0.52
  73.95   11.03   -0.42
  73.92   11.04   -0.04
  73.46   11.14   -0.10
  76.19    6.96    0.69
  76.38    7.21    0.63
  80.63   13.18   -0.86
  78.14   13.15   -0.27
  78.10   13.15   -0.78
  78.10   13.15   -0.53
  78.10   13.15   -0.18
  78.10   13.15   -0.51
  78.06   13.15    0.20
  77.81   13.14   -0.64
  77.77   13.14   -0.20
  77.77   13.14   -0.36
  77.77   13.14   -0.38
  77.73   13.14   -0.69
  77.73   13.14   -0.66
  77.69   13.14    0.05
  77.69   13.14   -0.06
  77.69   13.14   -0.38
  77.64   13.14   -0.67
  77.64   13.14   -0.53
  77.60   13.14   -0.63
  77.60   13.14   -0.83
  77.56   13.14   -0.57
  77.27   13.14   -0.60
  77.02   13.14   -0.53
  76.98   13.13   -0.57
  76.94   13.13   -0.10
  76.94   13.13   -0.11
  76.89   13.13   -1.18
  76.89   13.13   -0.12
  76.89   13.13   -0.05
  76.68   13.13   -0.61
  76.35   13.13   -0.47
  76.27   13.13   -0.88
  76.27   13.13   -0.27
  75.36   10.04   -0.58
  75.33   10.05    0.43
  75.31   10.06   -0.26
  75.31   10.06   -0.32
  75.27   10.07    0.20
  75.27   10.07   -1.18
  75.24   10.07   -0.62
  75.21   10.08   -0.79
  75.21   10.08   -0.02
  75.19   10.09    0.05
  75.19   10.09    0.04
  75.16   10.09    0.06
  75.16   10.09   -0.02
  75.14   10.10    0.59
  75.14   10.10    0.34
  75.12   10.10    0.36
  75.12   10.10    0.45
  75.10   10.11   -0.80
  75.10   10.11   -0.78
  75.09   10.11   -1.18
  75.09   10.11   -0.01
  75.07   10.11    0.11
  75.07   10.11    0.06
  75.07   10.11    0.33
  75.05   10.12    0.31
  75.05   10.12    0.76
  75.04   10.12    1.24
  74.98   10.13   -0.63
  74.71   10.20   -0.47
  78.19    6.58    0.42
  78.19    6.58    0.23
  78.04    6.76    0.00
  78.04    6.76    0.60
  77.42    9.65    0.62
  77.66    9.78    0.34
  77.66    9.78    0.25
  74.91    8.25    0.65
  74.62    8.28    0.56
  76.52    7.08    0.42
  76.39    7.11    0.90
  76.25    7.15    0.32
  75.57    7.31   -0.02
  74.32    6.57    0.65
  77.49    8.75    0.23
  77.16    8.77    0.80
  75.38    8.43    0.98
  77.87    7.96    0.46
  77.29    7.97    0.38
  71.72    7.55    0.67
  70.42   17.81   -0.21
  70.49   17.81   -0.96
  70.60   17.81    0.67
  70.60   17.81   -0.15
  70.64   17.81   -0.87
  70.64   17.81   -0.90
  70.67   17.81   -0.84
  70.89   17.81   -0.38
  70.92   17.81   -0.91
  70.96   17.81   -0.11
  70.96   17.81   -0.93
  71.03   17.81   -0.35
  71.03   17.81   -0.22
  71.17   17.80   -0.41
  71.17   17.80   -1.15
  71.21   17.80   -1.04
  71.32   17.80   -0.00
  71.32   17.80   -0.62
  71.35   17.80   -0.43
  71.35   17.80   -0.32
  71.35   17.80    0.29
  71.39   17.80    0.36
  71.42   17.80    0.72
  71.42   17.80   -0.47
  71.42   17.80   -0.92
  71.42   17.80    0.42
  71.46   17.80    0.74
  71.46   17.80   -1.06
  71.49   17.80    0.64
  71.49   17.80    0.18
  71.49   17.80   -0.57
  71.53   17.80   -1.11
  71.53   17.80   -0.17
  71.57   17.80   -0.05
  71.60   17.80   -0.06
  71.60   17.80   -0.17
  71.64   17.80   -0.07
  71.64   17.80    0.31
  71.67   17.80   -0.26
  71.67   17.80   -0.15
  71.71   17.80   -0.73
  71.74   17.80   -0.22
  71.74   17.80   -0.43
  71.78   17.80   -0.29
  71.78   17.80   -0.11
  71.81   17.80   -0.21
  71.81   17.80   -0.38
  71.85   17.80    0.79
  71.92   17.80    1.13
  71.96   17.80   -0.01
  71.96   17.80    0.38
  71.96   17.80    1.28
  71.96   17.80    0.61
  71.99   17.80    0.52
  71.99   17.80    0.26
  71.99   17.80   -0.69
  72.03   17.80   -0.21
  72.03   17.80    0.33
  72.06   17.79   -0.22
  72.06   17.79    0.43
  72.13   17.79    0.64
  72.17   17.79   -1.25
  72.17   17.79    0.72
  72.20   17.79    0.42
  72.24   17.79   -0.45
  72.24   17.79   -0.00
  72.27   17.79   -0.33
  72.31   17.79   -1.00
  72.52   17.79   -0.68
  72.76   17.79   -0.18
  72.83   17.79   -0.69
  76.84   17.73   -0.44
  76.87   17.73    0.50
  74.00    6.02   -0.11
  73.14    6.01   -0.65
  73.06    6.01    0.32
  72.37    6.00    0.28
  72.04   16.69   -0.38
  72.60   16.69    0.37
  72.63   16.69    0.08
  72.68   16.68    0.32
  72.68   16.68   -0.24
  72.71   16.68   -0.02
  72.71   16.68   -0.11
  72.74   16.68   -0.48
  72.74   16.68   -0.80
  72.77   16.68   -0.41
  72.89   16.68   -0.69
  72.89   16.68   -1.08
  72.92   16.68    0.01
  72.97   16.68   -0.39
  72.97   16.68    0.26
  73.00   16.68    0.29
  73.03   16.68   -0.82
  73.09   16.68   -0.66
  73.38   16.68   -0.33
  73.38   16.68   -0.58
  73.46   16.68   -0.85
  73.61   16.68   -0.11
  73.87   16.67   -0.17
  73.92   16.67   -0.32
  73.98   16.67   -0.32
  74.01   16.67    0.15
  74.07   16.67   -0.55
  74.09   16.67   -0.21
  74.12   16.67   -0.56
  74.15   16.67    0.08
  74.18   16.67   -0.20
  74.18   16.67   -0.27
  74.18   16.67   -0.67
  74.29   16.67    0.17
  74.35   16.67   -0.27
  74.46   16.67   -0.83
  74.46   16.67   -0.51
  74.55   16.67   -0.18
  74.61   16.67    0.13
  74.61   16.67   -0.03
  74.08   17.55   -0.38
  74.22   17.57   -1.02
  74.95   17.67   -0.29
  71.72   17.80   -0.33
  71.74   17.80   -0.76
  71.95   17.83   -0.61
  71.95   17.83    0.77
  71.97   17.83    0.07
  72.10   17.85   -0.28
  72.12   17.85   -0.34
  72.12   17.85   -0.83
  72.31   17.87   -1.12
  77.80   16.11   -1.20
  74.03   16.11   -0.03
  74.03   16.11   -0.10
  74.05   16.11   -0.56
  74.12   16.11   -0.65
  74.14   16.11   -0.58
  74.19   16.11    0.24
  74.24   16.12   -0.98
  77.36   16.25   -0.70
  69.13   17.06   -0.66
  69.17   17.06   -0.50
  69.21   17.07   -0.54
  69.23   17.07    0.01
  69.25   17.07    0.16
  69.45   17.10    0.00
  69.65   17.12   -0.45
  69.80   17.14   -0.50
  69.80   17.14   -0.34
  70.24   17.20   -1.22
  70.29   17.21   -0.91
  70.31   17.21   -0.88
  70.31   17.21   -0.90
  70.31   17.21   -0.74
  70.31   17.21   -0.48
  70.35   17.21   -0.35
  70.37   17.22   -0.88
  70.38   17.22   -0.86
  70.38   17.22   -0.83
  70.40   17.22    0.52
  70.40   17.22    0.00
  70.42   17.22   -0.67
  70.42   17.22   -0.13
  70.49   17.23    0.30
  70.51   17.24   -0.51
  70.53   17.24   -0.80
  70.55   17.24    0.33
  70.58   17.25   -0.12
  70.62   17.25    0.59
  70.73   17.27   -1.25
  70.74   17.27   -0.99
  71.33   17.35   -0.74
  71.52   17.38   -1.20
  71.55   17.39    0.05
  71.55   17.39   -0.21
  71.57   17.39    0.38
  71.57   17.39    0.45
  71.59   17.40    0.28
  71.62   17.40   -0.36
  71.62   17.40   -0.83
  71.62   17.40   -0.31
  71.65   17.41   -0.05
  71.74   17.42   -0.86
  71.79   17.43    0.23
  71.81   17.43    0.38
  71.84   17.44   -0.77
  71.84   17.44   -0.16
  71.84   17.44   -0.99
  71.86   17.44   -0.93
  71.86   17.44   -0.94
  73.24   17.69   -0.51
  70.50   17.40   -0.23
  70.55   17.41    0.16
  72.02   14.97   -0.16
  72.06   14.97   -0.51
  72.10   14.97   -1.14
  72.10   14.97   -1.29
  72.17   14.97   -0.17
  72.29   14.97   -0.96
  72.42   14.97   -0.96
  72.42   14.97   -0.47
  72.44   14.97   -0.69
  72.46   14.97   -1.10
  72.46   14.97   -0.27
  72.48   14.97   -0.05
  72.48   14.97   -0.38
  72.53   14.97   -0.33
  72.78   14.96   -0.85
  72.80   14.96   -0.49
  72.84   14.96   -0.45
  72.91   14.96   -0.85
  72.95   14.96    0.11
  72.95   14.96   -0.04
  72.97   14.96   -0.42
  72.97   14.96   -0.62
  72.97   14.96   -0.69
  73.06   14.96    0.07
  73.10   14.96   -0.02
  73.22   14.96   -0.27
  73.22   14.96   -0.91
  73.24   14.96   -0.52
  73.27   14.96   -0.61
  73.27   14.96   -0.32
  73.27   14.96   -0.52
  73.29   14.96   -0.48
  73.29   14.96   -0.61
  73.31   14.96   -0.13
  73.33   14.96   -0.34
  73.37   14.96   -0.39
  73.39   14.96   -0.42
  73.45   14.96    0.12
  73.48   14.96   -1.01
  73.48   14.96   -0.49
  73.50   14.96   -0.23
  73.75   14.95   -0.71
  74.79   16.94   -0.23
  74.82   16.95   -0.65
  74.84   16.95   -1.01
  74.91   16.96   -0.85
  74.95   16.97   -0.24
  75.26   17.03   -0.12
  75.38   17.06   -0.70
  75.61   17.10   -0.51
  75.84   17.15   -0.93
  75.88   17.16   -0.89
  75.91   17.17   -0.06
  75.99   17.19   -0.95
  75.99   17.19   -0.73
  71.31   15.77   -0.98
  71.38   15.77   -0.73
  71.95   15.80   -0.84
  72.03   15.80    0.43
  72.07   15.81   -0.46
  72.66   15.84    0.08
  72.68   15.84   -0.00
  72.98   15.86   -0.19
  73.00   15.86    0.08
  73.00   15.86    0.07
  73.04   15.86    0.14
  73.06   15.86   -0.44
  73.06   15.86   -0.47
  73.08   15.86    0.28
  73.08   15.86   -0.23
  73.10   15.87   -0.33
  73.14   15.87   -0.64
  73.22   15.87   -0.08
  73.24   15.87   -0.84
  73.72   15.91   -0.50
  74.06   15.93   -0.31
  74.37   15.95    0.14
  74.47   15.96    0.02
  74.70   15.20   -0.09
  74.78   15.21    0.68
  73.35   14.26   -0.11
  73.35   14.26   -0.57
  73.56   14.26   -0.04
  73.62   14.26    0.34
  73.63   14.26   -0.25
  73.67   14.26   -1.01
  73.67   14.26   -0.83
  73.76   14.26   -0.59
  73.78   14.26   -0.73
  73.86   14.26   -0.33
  73.88   14.26   -0.82
  73.89   14.26   -0.36
  73.95   14.26   -0.68
  74.23   14.25   -0.23
  74.23   14.25   -0.17
  74.30   14.25   -0.48
  74.51   14.25   -0.13
  74.60   14.24   -0.41
  74.62   14.24   -0.49
  74.64   14.24   -0.18
  74.64   14.24   -0.18
  74.69   14.24   -0.83
  74.73   14.24    0.18
  74.89   14.24   -1.07
  74.97   14.24   -0.75
  75.00   14.24   -0.55
  75.13   14.23   -0.17
  75.15   14.23   -0.55
  81.69   14.11   -0.43
  74.09   14.64   -0.01
  75.44   14.66   -0.16
  75.57   14.66   -0.39
  75.59   14.66    0.09
  75.61   14.66   -0.18
  75.64   14.67    0.27
  75.66   14.67    0.41
  75.66   14.67    0.09
  75.76   14.67    0.44
  75.77   14.67   -0.33
  75.85   14.67    0.70
  75.87   14.67   -0.14
  75.96   14.67   -0.93
  75.98   14.67   -0.28
  76.00   14.67   -0.29
  76.01   14.67   -0.05
  76.01   14.67   -0.92
  76.22   14.67   -0.29
  79.14   12.92    0.18
  79.15   12.92   -0.04
  79.17   12.92    0.08
  79.20   12.92   -0.67
  79.21   12.92   -0.92
  79.21   12.92   -0.45
  79.21   12.92   -0.78
  79.41   12.91   -0.19
  79.44   12.91    0.40
  79.47   12.91   -0.22
  79.50   12.91    0.09
  79.51   12.91   -0.36
  79.51   12.91   -0.49
  79.53   12.91   -0.11
  79.63   12.91   -0.06
  79.63   12.91   -0.19
  79.63   12.91   -0.51
  79.65   12.90    0.21
  79.65   12.90    0.13
  79.66   12.90    1.08
  79.68   12.90   -0.96
  79.68   12.90   -0.50
  79.69   12.90    0.12
  79.87   12.90   -0.49
  79.93   12.89   -0.31
  80.01   12.89   -0.82
  77.21   13.25    0.32
  77.62   13.25   -0.74
  79.60   13.24   -0.80
  79.66   13.24   -0.83
  80.05   13.24   -0.30
  80.28   13.24   -1.18
  80.28   13.24   -1.19
  80.31   13.24   -0.10
  80.33   13.24   -0.99
  80.34   13.24   -0.92
  80.36   13.24    0.22
  80.36   13.24    0.20
  80.39   13.24   -0.50
  80.39   13.24   -0.55
  80.48   13.24   -0.60
  80.49   13.24   -0.11
  80.52   13.24   -0.01
  80.57   13.24   -0.42
  80.57   13.24   -0.37
  80.58   13.24   -0.48
  80.58   13.24   -0.45
  80.84   13.24   -0.62
  80.98   13.24    0.34
  80.99   13.24    0.08
  81.01   13.24    0.04
  77.21   13.83   -0.82
  81.12   12.73   -0.18
  81.28   12.73   -1.20
  81.60   12.71   -0.19
  81.71   12.71   -0.41
  81.75   12.71    0.42
  73.13   14.69    0.15
  73.23   14.70   -0.20
  73.24   14.71    0.21
  73.44   14.73   -1.04
  73.48   14.74   -0.78
  73.50   14.74   -0.11
  74.32   13.24   -0.93
  76.08   13.86   -0.40
  76.31   13.88   -0.49
  76.32   13.88   -0.04
  76.32   13.88   -0.56
  76.32   13.88   -0.86
  76.43   13.88   -1.03
  76.53   13.89   -0.59
  76.63   13.90   -0.44
  77.01   13.93   -0.45
  77.16   13.95   -0.23
  77.28   13.96   -0.03
  77.31   13.96   -0.43
  74.87   12.60   -0.06
  74.93   12.60    0.19
  75.01   12.60   -0.79
  75.28   12.59    0.15
  75.73   12.59    0.30
  75.78   12.59   -0.52
  75.79   12.59    0.19
  75.96   12.59    0.36
  75.98   12.59   -0.46
  76.06   12.59    0.07
  76.16   12.58   -0.14
  76.24   12.58    0.18
  76.30   12.58    0.09
  76.31   12.58    0.15
  76.33   12.58   -0.07
  76.35   12.58    0.45
  76.37   12.58   -0.45
  77.16   12.57   -0.36
  77.25   12.57   -0.48
  77.30   12.57    0.50
  77.31   12.57   -0.15
  77.32   12.57   -0.06
  77.33   12.57    0.17
  77.52   12.57    0.01
  77.53   12.57   -0.48
  77.55   12.57   -0.25
  77.55   12.57   -0.77
  77.55   12.57    0.01
  77.57   12.57    0.29
  77.61   12.57   -1.00
  77.64   12.57   -0.30
  76.92   12.19    0.16
  77.03   12.19    0.75
  77.03   12.19    0.61
  77.18   12.19    0.15
  74.00   15.15   -0.21
  73.92   11.90    0.50
  74.08   11.90    0.81
  74.32   11.90    0.20
  74.33   11.90   -0.25
  74.42   11.89    0.44
  74.42   11.89    0.25
  74.48   11.89    0.11
  74.48   11.89   -0.41
  74.49   11.89   -0.33
  74.50   11.89   -0.13
  74.70   11.89   -0.16
  77.97   11.27   -0.74
  78.71   11.25    0.50
  78.92   11.24   -0.24
  78.33   10.64   -0.04
  74.56   10.98   -0.67
  75.28   10.98   -0.90
  75.33   10.98   -0.78
  75.35   10.98   -0.46
  75.40   10.98   -0.53
  75.41   10.98   -1.28
  75.46   10.98   -0.39
  75.49   10.98   -0.29
  75.49   10.98   -0.26
  75.57   10.98   -0.60
  75.58   10.98   -0.35
  75.61   10.98   -0.51
  75.68   10.98   -0.60
  75.69   10.98   -0.08
  75.69   10.98    0.01
  75.70   10.98   -0.36
  75.71   10.98    0.06
  75.72   10.98    0.27
  75.73   10.98    0.49
  75.74   10.98    0.64
  75.74   10.98   -0.50
  75.75   10.98   -0.37
  75.75   10.98    0.03
  75.76   10.98   -0.25
  75.85   10.98   -0.45
  75.85   10.98   -1.00
  75.96   10.98   -0.89
  75.96   10.98   -0.99
  75.96   10.98   -1.18
  75.97   10.98   -1.19
  75.97   10.98   -0.24
  76.03   10.98   -0.66
  76.07   10.99   -1.12
  76.07   10.99   -1.02
  76.08   10.99   -0.36
  76.09   10.99   -0.25
  76.10   10.99   -0.27
  76.18   10.99   -0.52
  76.18   10.99   -0.78
  76.21   10.99   -1.01
  76.22   10.99   -0.99
  76.24   10.99   -1.13
  76.26   10.99   -0.45
  76.27   10.99   -0.53
  76.31   10.99   -1.03
  76.34   10.99   -0.07
  76.35   10.99    0.27
  76.38   10.99   -0.90
  76.43   10.99   -0.00
  76.43   10.99    0.21
  76.45   10.99    0.52
  78.14   12.57    0.53
  78.15   12.57    0.07
  78.20   12.58    0.38
  78.22   12.58    0.08
  78.25   12.59   -0.58
  78.27   12.59    0.11
  78.27   12.59   -0.21
  78.28   12.59   -0.46
  78.29   12.60   -0.32
  78.32   12.60   -0.57
  78.39   12.62   -0.58
  78.40   12.62   -0.71
  78.48   12.63   -0.76
  74.92   12.98   -1.14
  77.36   13.95   -0.64
  75.56    9.53   -0.47
  75.57    9.53   -0.59
  75.91    9.53   -0.52
  76.27    9.52   -0.49
  76.36    9.52   -0.48
  76.82    9.51   -0.98
  76.89    9.51   -0.14
  76.91    9.51   -0.09
  76.98    9.50   -0.17
  77.09    9.50   -0.18
  77.10    9.50   -0.84
  77.22    9.50   -0.72
  77.34    9.50   -0.01
  77.39    9.49   -1.22
  77.44    9.49   -0.56
  77.44    9.49   -0.31
  77.47    9.49    0.55
  77.51    9.49   -0.19
  77.51    9.49   -0.78
  77.52    9.49   -0.03
  77.53    9.49    0.73
  77.55    9.49    0.10
  77.56    9.49   -0.07
  77.60    9.49   -0.49
  77.63    9.49   -0.77
  77.65    9.49    0.87
  77.65    9.49   -0.14
  77.70    9.49   -0.54
  77.71    9.49   -0.37
  77.72    9.49   -0.58
  77.74    9.49   -0.47
  77.76    9.49   -0.49
  77.77    9.48    0.32
  77.82    9.48    0.98
  77.83    9.48   -0.88
  77.84    9.48   -0.38
  77.85    9.48   -0.14
  77.86    9.48   -0.91
  77.90    9.48   -0.40
  77.91    9.48   -0.09
  77.93    9.48   -0.40
  77.96    9.48   -0.52
  77.99    9.48   -0.46
  77.99    9.48   -0.42
  78.01    9.48   -0.03
  78.01    9.48   -0.75
  78.04    9.48   -0.31
  78.04    9.48   -0.94
  78.05    9.48   -0.38
  78.05    9.48    0.58
  78.06    9.48   -0.09
  78.07    9.48    0.00
  78.08    9.48    0.57
  78.09    9.48   -0.66
  78.09    9.48   -0.04
  78.10    9.48   -1.23
  78.11    9.48   -0.50
  78.12    9.48    0.46
  78.19    9.47   -0.83
  78.20    9.47   -1.00
  78.30    9.47   -0.44
  78.54    9.46   -1.14
  78.56    9.46   -0.29
  78.57    9.46    0.54
  78.57    9.46    0.95
  78.57    9.46   -0.54
  78.59    9.46   -0.33
  78.61    9.46    0.06
  78.64    9.46   -0.32
  78.69    9.46    0.12
  78.71    9.46   -0.51
  78.71    9.46   -0.93
  78.71    9.46   -0.34
  78.75    9.46   -0.63
  78.75    9.46   -0.73
  78.75    9.46   -0.21
  78.77    9.46    0.02
  78.79    9.46   -0.90
  78.84    9.46   -0.75
  78.84    9.45   -1.10
  79.28    9.44   -0.67
  79.30    9.44    0.16
  79.31    9.44   -0.77
  79.43    9.44   -0.86
  79.43    9.44   -0.50
  79.47    9.43   -0.78
  79.48    9.43   -0.45
  79.50    9.43   -0.37
  79.53    9.43   -0.79
  79.54    9.43   -1.02
  79.68    9.43   -0.28
  79.85    9.42   -0.30
  80.07    9.41   -0.51
  80.07    9.41   -1.04
  80.07    9.41   -0.73
  80.09    9.41   -0.60
  73.69   10.68   -0.76
  73.71   10.68   -0.55
  73.73   10.68   -0.31
  76.32    9.94    0.42
  76.33    9.94    0.45
  76.33    9.94    0.11
  76.88    9.97    0.51
  76.94    9.97   -0.61
  76.97    9.98    0.45
  75.23   12.46    0.05
  75.38   12.51    0.41
  75.40   12.51    0.11
  75.40   12.51   -0.04
  75.55   12.56   -0.20
  73.10    9.24   -0.35
  73.10    9.24   -0.08
  73.25    9.24    0.33
  73.35    9.24    0.33
  73.38    9.24   -0.47
  73.45    9.24    0.12
  73.48    9.24   -0.60
  73.49    9.24   -0.03
  73.61    9.24   -0.12
  73.69    9.24   -0.15
  73.79    9.24   -0.37
  73.86    9.24   -0.65
  73.96    9.24   -0.28
  73.97    9.24   -0.16
  74.01    9.24   -0.47
  74.01    9.24   -0.67
  74.02    9.24   -1.01
  74.27    9.24    0.45
  74.29    9.24   -0.09
  74.32    9.24    0.91
  74.84    8.22   -0.45
  74.89    8.22   -1.00
  74.99    8.22    0.93
  75.12    8.23   -0.08
  75.14    8.23    0.11
  75.17    8.23   -0.60
  75.19    8.23   -0.49
  75.19    8.23   -0.41
  75.24    8.23   -0.66
  75.44    8.23    0.03
  75.44    8.23    0.81
  75.49    8.23    1.07
  75.49    8.23    0.10
  75.49    8.23   -0.12
  75.52    8.23    1.15
  75.54    8.23    0.33
  75.60    8.23    1.06
  75.62    8.23    0.70
  75.62    8.23    0.23
  75.67    8.23   -0.36
  75.72    8.23   -0.02
  75.77    8.23   -0.64
  75.80    8.24   -0.05
  76.00    8.24   -0.37
  76.18    8.24   -0.61
  76.20    8.24   -0.55
  76.40    8.24    0.39
  76.45    8.25   -0.09
  76.53    8.25   -0.24
  76.53    8.25    0.62
  76.56    8.25   -0.22
  76.71    8.25    0.31
  76.86    8.25   -0.32
  76.86    8.25   -0.55
  76.96    8.25    0.23
  76.99    8.25   -0.03
  76.99    8.25   -0.48
  77.02    8.26   -0.45
  77.04    8.26   -0.40
  77.04    8.26    0.15
  77.04    8.26    0.36
  77.09    8.26    0.04
  77.12    8.26    0.18
  77.17    8.26   -0.37
  77.19    8.26   -0.27
  77.22    8.26    0.58
  77.22    8.26    0.49
  77.25    8.26   -0.43
  77.27    8.26   -0.25
  77.27    8.26   -0.48
  77.30    8.26    0.10
  77.32    8.26    0.28
  77.32    8.26    0.60
  77.40    8.26    0.22
  77.43    8.26    0.18
  77.48    8.26   -0.18
  77.48    8.26    0.20
  77.50    8.26   -0.59
  77.50    8.26   -0.05
  77.50    8.26    0.31
  77.53    8.26   -0.45
  77.55    8.27   -0.14
  77.55    8.27   -0.08
  77.55    8.27    0.17
  77.58    8.27   -1.08
  77.58    8.27   -0.75
  74.48   11.81   -0.77
  74.90   11.98   -0.97
  74.95   12.00   -0.73
  74.96   12.01   -0.52
  75.01   12.03    0.04
  75.11   12.07   -0.69
  75.11   12.07   -0.90
  75.12   12.08   -0.13
  75.15   12.09   -0.36
  75.16   12.10   -0.46
  75.17   12.10   -0.80
  75.18   12.11   -0.83
  75.18   12.11   -0.81
  75.39   12.20   -0.86
  75.43   12.22   -0.83
  75.48   12.25   -0.90
  73.01    7.88   -0.51
  73.24    7.88   -0.82
  73.55    7.87   -0.62
  73.55    7.87   -0.91
  73.55    7.87   -0.06
  73.57    7.87   -0.64
  73.60    7.87   -0.10
  73.62    7.87   -0.40
  73.64    7.87    0.11
  73.67    7.87   -0.05
  73.67    7.87   -0.02
  73.67    7.87    0.25
  73.69    7.87   -0.85
  73.71    7.87    0.06
  73.74    7.87   -0.77
  73.76    7.87   -0.92
  73.76    7.87   -0.79
  73.76    7.87    0.30
  73.79    7.87    0.57
  73.79    7.87   -0.07
  73.81    7.87   -0.70
  73.83    7.87   -0.65
  73.83    7.87   -1.04
  73.86    7.87   -0.42
  73.86    7.87   -1.28
  73.91    7.87    0.37
  73.98    7.87    0.40
  73.98    7.87   -0.42
  74.00    7.87   -0.41
  74.00    7.87   -0.56
  74.03    7.87   -0.97
  74.03    7.87   -1.02
  74.22    7.87   -0.95
  75.01    7.86   -0.98
  75.06    7.86   -0.14
  75.35    7.85    0.53
  75.60    7.85   -0.20
  75.96    7.85    0.10
  71.23    7.91   -0.56
  71.26    7.91    0.91
  71.26    7.91    1.18
  71.32    7.91   -0.10
  71.34    7.91    0.02
  71.43    7.91   -0.53
  71.43    7.91   -0.81
  71.45    7.91   -0.49
  71.45    7.91   -0.78
  71.45    7.91   -0.28
  71.48    7.91    0.33
  71.48    7.91   -0.93
  71.50    7.91   -0.97
  71.59    7.91   -0.25
  71.63    7.91   -0.33
  71.65    7.91    0.17
  71.65    7.91   -0.63
  71.72    7.91   -0.25
  71.72    7.91    0.15
  73.24   11.21   -0.50
  73.32   11.23   -0.80
  73.36   11.24   -0.82
  73.51   11.28   -0.75
  73.64   11.32   -0.39
  71.16   17.76   -0.37
  70.92   17.79   -0.90
  70.57   17.84   -0.37
  70.51   17.85   -0.45
  70.32   17.87   -0.26
  70.06   17.90   -0.38
  72.16    9.16   -0.42
  72.33    9.18   -0.63
  72.50    9.20   -0.02
  72.65    9.21    0.03
  72.75    9.23   -0.75
  72.80    9.23   -0.59
  72.83    9.23   -0.18
  72.93    9.24   -0.71
  72.95    9.25    0.22
  73.03    9.26   -0.48
  73.03    9.26   -0.73
  73.03    9.26   -0.35
  73.05    9.26   -0.63
  73.05    9.26   -0.88
  73.08    9.26   -0.80
  73.10    9.26   -0.36
  73.15    9.27   -0.53
  73.15    9.27   -0.80
  73.17    9.27   -0.70
  73.17    9.27   -0.28
  73.20    9.28   -0.20
  73.20    9.28   -0.82
  73.22    9.28   -0.73
  73.22    9.28    0.22
  73.22    9.28    0.04
  73.25    9.28    0.47
  73.25    9.28   -1.31
  73.27    9.28   -0.35
  73.27    9.28    0.21
  73.27    9.28   -0.68
  73.27    9.28   -0.24
  73.30    9.29   -0.34
  73.30    9.29   -0.22
  73.32    9.29    0.79
  73.32    9.29    0.68
  73.32    9.29   -0.72
  73.32    9.29   -0.42
  73.32    9.29   -0.94
  73.35    9.29    0.03
  73.35    9.29    0.72
  73.35    9.29   -0.48
  73.35    9.29   -0.25
  73.37    9.30   -0.15
  73.37    9.30    0.60
  73.40    9.30   -0.11
  73.40    9.30   -0.69
  73.42    9.30    0.44
  73.45    9.30   -0.81
  73.45    9.30   -0.97
  73.47    9.31   -0.02
  73.50    9.31    0.46
  73.50    9.31   -0.06
  73.50    9.31    0.59
  73.50    9.31    0.60
  73.50    9.31    0.54
  73.52    9.31   -0.69
  73.52    9.31   -0.85
  73.52    9.31   -0.21
  73.52    9.31    0.38
  73.55    9.32   -0.49
  73.55    9.32    1.04
  73.55    9.32    1.26
  73.57    9.32   -0.93
  73.57    9.32   -0.10
  73.60    9.32   -0.38
  73.62    9.33   -0.66
  73.65    9.33    0.30
  73.67    9.33   -0.77
  73.70    9.33   -0.08
  73.72    9.34   -0.90
  73.72    9.34   -0.04
  73.75    9.34   -0.45
  73.75    9.34    0.96
  73.77    9.34    0.57
  73.77    9.34   -0.37
  73.77    9.34    0.02
  73.77    9.34    0.92
  73.80    9.35    1.19
  73.82    9.35   -1.04
  73.85    9.35   -0.37
  73.90    9.36   -0.83
  73.97    9.37    0.40
  73.97    9.37   -0.39
  74.02    9.38   -0.57
  74.12    9.39   -0.50
  74.15    9.39   -0.21
  74.15    9.39    0.17
  74.17    9.39   -0.12
  74.17    9.39   -1.08
  74.17    9.39   -0.30
  74.17    9.39   -0.64
  74.17    9.39   -0.55
  74.20    9.40   -0.56
  74.20    9.40   -0.18
  74.20    9.40   -0.41
  74.22    9.40    0.22
  74.25    9.40   -0.48
  74.27    9.41   -0.45
  74.27    9.41   -0.19
  74.30    9.41   -0.76
  74.30    9.41   -0.87
  74.30    9.41   -0.72
  74.30    9.41   -0.64
  74.32    9.41   -0.86
  74.35    9.42   -0.75
  74.35    9.42   -0.40
  74.35    9.42    1.34
  74.37    9.42    1.62
  74.37    9.42    0.52
  74.37    9.42    0.73
  74.40    9.42   -0.15
  74.40    9.42   -0.38
  74.40    9.42    0.25
  74.40    9.42   -0.99
  74.42    9.43    0.25
  74.42    9.43   -0.92
  74.45    9.43   -0.07
  74.47    9.43   -0.33
  74.47    9.43    0.18
  74.47    9.43   -0.07
  74.50    9.44   -0.06
  74.50    9.44    1.16
  74.55    9.44    0.52
  74.55    9.44    0.21
  74.57    9.45   -0.98
  74.57    9.45   -0.79
  74.57    9.45   -1.12
  74.62    9.45   -0.18
  74.62    9.45    0.19
  74.65    9.46   -0.04
  74.65    9.46   -0.04
  74.67    9.46   -0.60
  74.67    9.46   -0.57
  74.67    9.46   -1.14
  74.67    9.46   -0.54
  74.70    9.47   -0.71
  74.70    9.47   -0.51
  74.72    9.47   -0.49
  74.75    9.47   -0.56
  74.75    9.47   -0.64
  74.77    9.48   -0.56
  74.77    9.48   -0.87
  74.79    9.48   -0.10
  74.82    9.48   -0.45
  74.82    9.48   -0.70
  74.84    9.49   -0.65
  74.84    9.49   -1.15
  74.87    9.49   -0.17
  74.87    9.49   -0.22
  74.89    9.49   -0.46
  74.92    9.50   -0.34
  74.92    9.50   -0.61
  74.94    9.50   -0.57
  74.94    9.50    0.01
  74.97    9.50   -0.52
  74.99    9.51   -0.21
  75.02    9.51   -0.93
  75.04    9.52   -0.76
  75.04    9.52   -0.62
  75.07    9.52   -0.64
  75.09    9.52   -0.91
  75.09    9.52   -0.52
  75.12    9.53   -1.27
  75.14    9.53   -0.41
  75.14    9.53   -0.15
  75.14    9.53   -0.51
  75.17    9.53   -0.72
  75.17    9.53   -0.67
  75.17    9.53   -0.57
  75.19    9.54    0.15
  75.19    9.54   -0.29
  75.19    9.54    0.04
  75.19    9.54   -0.14
  75.19    9.54   -0.69
  75.22    9.54    0.22
  75.22    9.54    0.18
  75.22    9.54    0.18
  75.22    9.54   -0.46
  75.24    9.54   -1.07
  75.24    9.54    0.34
  75.27    9.55   -0.31
  75.32    9.56   -0.81
  75.32    9.56   -0.23
  75.32    9.56   -0.21
  75.34    9.56   -0.81
  75.34    9.56   -0.45
  75.34    9.56    0.33
  75.34    9.56   -0.08
  75.34    9.56   -0.45
  75.37    9.56   -0.15
  75.37    9.56   -0.48
  75.37    9.56   -0.02
  75.39    9.57   -0.36
  75.42    9.57   -0.84
  75.42    9.57    0.94
  75.44    9.58    0.89
  75.47    9.58   -0.21
  75.49    9.58   -0.69
  75.49    9.58   -0.56
  75.49    9.58   -0.32
  75.52    9.59   -0.27
  75.52    9.59   -0.57
  75.52    9.59   -0.13
  75.52    9.59   -0.26
  75.52    9.59   -0.37
  75.54    9.59    0.17
  75.57    9.59   -0.75
  75.57    9.59   -0.02
  75.57    9.59    0.30
  75.57    9.59   -0.18
  75.59    9.60   -0.91
  75.59    9.60   -0.25
  75.59    9.60   -0.72
  75.59    9.60    0.29
  75.61    9.60   -0.15
  75.61    9.60   -0.30
  75.64    9.61   -0.84
  75.64    9.61    0.60
  75.64    9.61   -1.07
  75.66    9.61   -0.69
  75.66    9.61   -0.04
  75.66    9.61   -0.52
  75.71    9.62   -0.36
  75.71    9.62   -0.48
  75.71    9.62   -0.86
  75.74    9.62   -1.16
  75.74    9.62   -0.46
  75.74    9.62   -0.83
  75.76    9.63   -0.06
  75.76    9.63   -0.53
  75.79    9.63   -0.38
  75.81    9.64   -0.99
  75.81    9.64   -0.64
  75.81    9.64   -0.62
  75.84    9.64   -0.48
  75.86    9.64    0.26
  75.86    9.64   -0.47
  75.86    9.64    0.60
  75.89    9.65   -0.89
  75.89    9.65   -0.23
  75.89    9.65    0.04
  75.91    9.65   -0.67
  75.91    9.65   -0.58
  75.94    9.66   -0.76
  75.94    9.66   -0.47
  75.94    9.66   -0.66
  75.96    9.66   -0.93
  75.96    9.66   -0.55
  75.96    9.66   -0.53
  75.99    9.66   -0.34
  76.01    9.67   -0.42
  76.01    9.67   -0.73
  76.04    9.67   -0.11
  76.06    9.68   -0.78
  76.08    9.68   -0.68
  76.11    9.69   -1.18
  76.11    9.69   -0.53
  76.13    9.69    0.17
  76.16    9.69   -0.86
  76.16    9.69    0.23
  76.18    9.70   -0.30
  76.18    9.70    0.06
  76.18    9.70   -0.40
  76.23    9.71   -1.33
  76.23    9.71   -0.80
  76.26    9.71    0.02
  76.26    9.71   -0.06
  76.28    9.72    0.52
  76.28    9.72   -0.25
  76.28    9.72   -0.77
  76.31    9.72   -0.92
  76.33    9.72   -0.53
  76.33    9.72   -0.73
  76.36    9.73    0.08
  76.43    9.74   -0.87
  76.70    9.79   -1.00
  76.82    9.82   -0.80
  76.87    9.83   -1.14
  77.11    9.88   -1.01
  77.16    9.89    0.15
  77.28    9.91   -0.44
  77.31    9.92   -0.56
  77.33    9.92   -0.87
  77.36    9.93   -0.81
  77.48    9.95   -0.74
  77.72   10.01   -0.56
  77.72   10.01   -0.84
  72.94   10.65   -0.18
  72.95   10.65   -0.51
  72.95   10.65   -0.33
  72.95   10.65   -0.61
  72.95   10.65   -0.68
  72.97   10.66   -1.00
  72.97   10.66   -0.84
  72.97   10.66   -0.45
  72.97   10.66   -0.52
  72.99   10.66   -0.31
  73.03   10.67   -0.19
  73.05   10.68   -0.43
  73.06   10.68   -1.06
  73.06   10.68   -0.75
  73.06   10.68   -0.48
  73.10   10.69    0.25
  73.10   10.69   -1.20
  73.10   10.69   -0.89
  73.12   10.70    0.05
  73.12   10.70   -0.61
  73.12   10.70   -0.05
  73.14   10.71   -0.68
  73.14   10.71    0.25
  73.16   10.71   -0.44
  73.16   10.71   -0.07
  73.16   10.71    0.27
  73.17   10.72    0.23
  73.19   10.72    0.16
  73.21   10.73   -0.29
  73.21   10.73   -0.24
  73.23   10.73    0.15
  73.25   10.74    0.38
  73.25   10.74   -0.48
  73.25   10.74   -0.40
  73.25   10.74    0.10
  73.27   10.74    0.72
  73.28   10.75    0.42
  73.30   10.75   -0.54
  73.30   10.75   -0.25
  73.30   10.75   -0.97
  73.32   10.76   -0.44
  73.32   10.76    0.34
  73.34   10.77    0.23
  73.34   10.77   -0.57
  73.34   10.77   -0.86
  73.34   10.77    0.47
  73.34   10.77    0.36
  73.36   10.77   -0.55
  73.36   10.77   -0.78
  73.37   10.78   -0.53
  73.37   10.78   -0.55
  73.37   10.78   -1.04
  73.39   10.78   -0.13
  73.41   10.79    0.32
  73.41   10.79   -0.17
  73.41   10.79   -1.31
  73.41   10.79   -0.91
  73.41   10.79   -1.12
  73.44   10.80   -0.05
  73.46   10.81   -0.40
  73.46   10.81   -0.76
  73.48   10.81   -0.65
  73.50   10.82    0.04
  73.52   10.82   -0.43
  73.52   10.82   -0.21
  73.52   10.82   -0.92
  73.52   10.82    0.00
  73.52   10.82   -0.17
  73.53   10.83   -1.10
  73.53   10.83   -0.24
  73.53   10.83   -0.49
  73.55   10.83   -0.66
  73.57   10.84   -0.77
  73.59   10.85   -1.13
  73.60   10.85   -0.68
  73.62   10.86    0.78
  73.62   10.86    0.21
  73.64   10.86    0.33
  73.66   10.87   -0.76
  73.66   10.87   -0.73
  73.67   10.87   -0.10
  73.67   10.87    0.15
  73.69   10.88   -0.78
  73.73   10.89   -0.28
  73.74   10.90   -0.15
  73.80   10.92   -0.53
  73.80   10.92   -0.64
  73.80   10.92   -0.86
  73.81   10.92   -0.71
  73.95   10.97   -0.09
  73.95   10.97   -0.33
  73.97   10.98   -1.07
  74.00   10.99   -0.28
  74.02   10.99   -0.70
  74.02   10.99   -0.13
  74.19   11.06   -0.68
  74.19   11.06   -1.02
  74.20   11.06    0.07
  74.22   11.07   -0.55
  74.22   11.07    0.39
  74.24   11.07    0.16
  74.25   11.08   -0.02
  74.25   11.08    0.17
  74.29   11.09   -0.90
  74.32   11.11   -0.97
  74.32   11.11   -0.62
  74.34   11.11    0.35
  74.34   11.11    0.04
  74.34   11.11    0.10
  74.35   11.12    0.66
  74.35   11.12   -0.23
  74.37   11.13   -0.29
  74.39   11.13   -0.70
  74.42   11.14   -0.70
  74.42   11.14   -0.28
  74.43   11.15   -0.29
  74.43   11.15   -0.23
  74.47   11.16   -0.82
  74.47   11.16   -0.68
  74.47   11.16   -0.85
  74.51   11.18    0.08
  74.53   11.19   -0.52
  74.56   11.20   -0.31
  74.56   11.20   -0.49
  74.56   11.20   -0.18
  74.58   11.21   -0.13
  74.58   11.21   -0.48
  74.59   11.22   -0.68
  74.59   11.22   -0.58
  74.59   11.22   -0.93
  74.61   11.22    0.08
  74.64   11.24   -0.36
  74.86   11.33    0.96
  74.87   11.34    0.53
  74.89   11.35    0.31
  74.89   11.35   -0.14
  74.89   11.35   -0.75
  74.90   11.35   -0.04
  74.90   11.35   -0.06
  74.92   11.36   -0.66
  74.93   11.37   -0.23
  74.93   11.37   -0.06
  74.95   11.37   -0.53
  74.95   11.37   -0.95
  74.96   11.38   -0.70
  74.96   11.38   -0.49
  74.99   11.40   -0.40
  74.99   11.40   -0.53
  75.02   11.41   -0.64
  75.02   11.41   -0.59
  75.04   11.42    0.29
  75.04   11.42   -0.05
  75.08   11.44   -0.61
  75.14   11.47   -0.48
  75.15   11.47   -0.41
  75.15   11.47   -0.18
  75.17   11.48   -1.10
  75.17   11.48    0.03
  75.18   11.49    0.40
  75.18   11.49   -0.26
  75.20   11.50   -0.59
  75.20   11.50   -0.67
  75.20   11.50   -0.55
  75.21   11.50   -0.09
  75.21   11.50   -1.17
  75.22   11.51   -0.49
  75.22   11.51   -0.30
  75.24   11.52   -1.04
  75.25   11.53   -0.43
  75.25   11.53   -0.81
  75.25   11.53   -1.13
  75.25   11.53   -0.44
  75.27   11.53   -0.29
  75.29   11.55   -0.21
  75.29   11.55   -0.70
  75.31   11.56   -0.46
  75.31   11.56   -0.46
  75.32   11.56   -0.53
  75.32   11.56   -0.36
  75.34   11.57   -0.77
  75.34   11.57   -1.18
  75.34   11.57   -0.76
  75.35   11.58   -0.69
  75.35   11.58   -0.46
  75.36   11.58   -1.18
  75.36   11.58   -0.58
  75.36   11.58   -0.20
  75.36   11.58   -0.56
  75.38   11.59   -0.61
  75.38   11.59   -0.84
  75.38   11.59   -0.74
  75.39   11.60    0.32
  75.40   11.61   -0.34
  75.40   11.61   -0.09
  75.40   11.61   -0.22
  75.40   11.61   -0.75
  75.43   11.62   -1.00
  75.43   11.62   -0.84
  75.43   11.62   -0.42
  75.45   11.63   -0.47
  75.45   11.63   -0.40
  75.46   11.64   -0.70
  75.47   11.65   -0.21
  75.47   11.65    0.10
  75.47   11.65   -0.06
  75.47   11.65   -0.54
  75.47   11.65   -0.70
  75.47   11.65   -0.28
  75.49   11.65   -0.73
  75.49   11.65   -0.55
  75.49   11.65   -1.08
  75.49   11.65   -1.17
  75.50   11.66   -0.75
  75.50   11.66   -0.07
  75.51   11.67   -0.57
  75.51   11.67   -0.80
  75.52   11.68   -0.76
  75.52   11.68   -0.89
  75.54   11.68   -0.97
  75.54   11.68   -0.49
  75.55   11.69   -0.64
  75.58   11.71   -0.72
  75.59   11.71   -0.59
  75.59   11.71   -0.75
  75.59   11.71   -0.63
  75.60   11.72   -1.07
  75.62   11.73   -0.44
  75.62   11.73   -1.06
  75.63   11.74   -0.37
  75.64   11.75   -0.56
  75.64   11.75   -0.63
  75.65   11.75   -0.58
  75.67   11.76   -0.73
  75.67   11.76   -0.95
  75.67   11.76   -0.76
  75.68   11.77   -0.09
  75.68   11.77   -0.63
  75.68   11.77   -1.11
  75.70   11.79   -0.35
  75.73   11.80   -0.85
  75.74   11.81   -0.73
  75.79   11.84   -0.23
  75.79   11.84   -0.51
  75.80   11.85   -0.96
  75.80   11.85    0.32
  75.81   11.86   -0.50
  75.81   11.86   -0.09
  75.81   11.86    0.19
  75.83   11.87   -0.67
  75.83   11.87   -0.46
  75.84   11.87   -0.52
  75.84   11.87   -0.59
  75.84   11.87   -1.09
  75.85   11.88   -0.72
  75.85   11.88   -0.37
  75.85   11.88   -0.29
  75.86   11.89    0.32
  75.87   11.90   -0.02
  75.88   11.91   -0.86
  75.90   11.91   -0.47
  75.90   11.91   -0.58
  75.91   11.92   -0.51
  75.91   11.92   -0.85
  75.91   11.92   -1.12
  75.92   11.93   -0.57
  75.92   11.93   -0.80
  75.94   11.95   -0.51
  75.96   11.96   -0.57
  75.98   11.97   -0.80
  75.98   11.97   -0.62
  76.02   12.01   -0.93
  76.03   12.01   -0.77
  76.03   12.01   -0.68
  76.20   12.15   -0.90
  76.20   12.15   -0.43
  76.26   12.20   -0.70
  76.26   12.20   -0.03
  76.27   12.21    0.06
  76.27   12.21   -0.67
  76.33   12.27   -0.78
  76.43   12.37    0.21
  76.45   12.40   -0.32
  76.46   12.41   -0.94
  76.54   12.50   -0.89
  76.60   12.58   -0.76
  76.82   13.02   -0.65
  76.82   13.02   -0.38
  76.83   13.04   -0.72
  76.87   13.18   -0.57
  76.86   13.69   -0.84
  76.82   13.81   -0.73
  76.82   13.81   -1.06
  72.00    8.70   -0.21
  72.04    8.70    0.24
  72.04    8.70   -0.12
  72.04    8.70   -0.52
  72.06    8.71    0.52
  72.06    8.71    0.32
  72.10    8.71    0.15
  72.13    8.71    0.25
  72.15    8.71    0.49
  72.17    8.72    1.10
  72.17    8.72    0.96
  72.17    8.72    0.60
  72.17    8.72    0.52
  72.19    8.72    0.16
  72.19    8.72   -0.16
  72.19    8.72   -0.06
  72.19    8.72   -0.38
  72.21    8.72    0.18
  72.21    8.72   -0.16
  72.21    8.72    0.27
  72.23    8.72   -0.22
  72.23    8.72   -0.25
  72.36    8.74   -0.47
  72.43    8.74   -0.44
  72.43    8.74   -0.30
  72.45    8.74   -0.16
  72.47    8.75   -0.91
  73.76    8.88   -0.25
  73.25    8.30   -0.47
  73.31    8.31    0.17
  73.31    8.31    0.22
  73.31    8.31    0.74
  73.37    8.32   -0.62
  73.37    8.32   -0.92
  73.43    8.33    0.02
  73.43    8.33   -0.87
  73.49    8.34   -0.59
  73.49    8.34   -0.88
  73.52    8.34    0.15
  73.54    8.34    0.47
  73.54    8.34    0.40
  73.54    8.34    0.17
  73.57    8.35   -0.91
  73.60    8.35   -0.11
  73.63    8.36   -0.36
  73.66    8.36   -0.23
  73.66    8.36   -0.27
  73.69    8.37    0.37
  73.69    8.37    0.46
  73.72    8.37   -0.65
  73.72    8.37   -0.02
  73.75    8.37   -0.88
  73.84    8.39   -0.64
  73.90    8.40   -0.61
  73.96    8.40   -1.01
  73.96    8.40   -0.74
  74.31    8.46   -0.66
  74.31    8.46   -0.78
  74.46    8.48   -0.20
  74.52    8.49   -0.86
  74.55    8.50   -0.43
  74.55    8.50   -1.16
  74.58    8.50   -0.47
  74.58    8.50    0.03
  74.61    8.51   -0.67
  74.61    8.51   -0.54
  74.69    8.52   -0.50
  74.78    8.53   -0.67
  74.93    8.56   -0.40
  74.99    8.57    0.05
  75.10    8.59   -0.34
  75.13    8.60   -0.55
  75.71    8.70   -0.64
  75.77    8.71   -0.81
  76.00    8.76   -0.06
  76.00    8.76    0.38
  76.00    8.76   -0.07
  76.00    8.76   -0.23
  76.02    8.77   -0.37
  76.02    8.77   -0.53
  76.02    8.77   -0.79
  76.17    8.80   -0.43
  76.22    8.81   -0.53
  76.22    8.81   -0.65
  76.34    8.83   -1.12
  76.36    8.84   -0.94
  76.39    8.85   -0.36
  76.42    8.85    0.05
  76.48    8.86   -0.38
  76.51    8.87   -0.48
  76.51    8.87   -0.35
  76.53    8.88   -0.86
  76.53    8.88   -0.66
  76.53    8.88    0.33
  76.53    8.88    0.23
  76.56    8.88   -0.66
  76.59    8.89   -0.71
  76.70    8.92   -0.75
  76.73    8.92    0.22
  76.76    8.93   -0.64
  76.76    8.93   -0.35
  76.90    8.96   -0.11
  77.04    9.00   -0.40
  77.06    9.00   -1.10
  77.06    9.00   -1.06
  77.09    9.01   -0.73
  77.15    9.02   -0.82
  77.15    9.02   -0.48
  77.17    9.03   -0.87
  77.20    9.04   -0.76
  77.20    9.04   -0.52
  77.53    9.13   -0.47
  77.53    9.13   -0.66
  77.58    9.14   -0.79
  78.27    9.35   -1.06
  78.45    9.41   -1.23
  78.47    9.42   -0.44
  78.47    9.42   -0.99
  78.53    9.44   -0.61
  78.53    9.44   -0.93
  78.53    9.44   -1.00
  79.47    9.82   -1.02
  80.21   10.21   -1.14
  73.87    8.28    0.07
  73.87    8.28   -0.40
  74.99    8.41   -0.73
  78.19    8.97   -0.54
  74.00    7.41   -0.89
  74.17    7.43   -0.53
  75.39    7.53   -1.11
  75.39    7.53   -0.73
  75.89    7.58   -0.17
  75.89    7.58   -0.38
  75.93    7.59   -1.05
  75.93    7.59   -0.82
  75.93    7.59   -0.23
  75.96    7.59    0.01
  76.09    7.60   -0.84
  76.12    7.61   -0.89
  76.16    7.61   -0.81
  76.26    7.62   -0.23
  76.26    7.62   -0.45
  76.29    7.63   -0.16
  76.29    7.63   -0.21
  76.32    7.63    0.02
  76.32    7.63   -0.93
  76.36    7.63   -0.08
  76.36    7.63   -0.63
  76.39    7.64   -0.52
  76.49    7.65   -0.13
  76.49    7.65   -0.45
  76.52    7.65   -0.66
  76.52    7.65   -0.70
  76.56    7.65   -0.83
  76.56    7.65   -0.24
  76.66    7.67   -0.59
  76.82    7.68   -0.32
  76.82    7.68   -0.68
  76.82    7.68   -0.47
  76.96    7.70   -0.41
  76.96    7.70    0.08
  76.99    7.70   -0.10
  76.99    7.70   -0.31
  76.99    7.70   -0.50
  72.90    9.60   -0.40
  72.94    9.62   -0.77
  73.00    9.64   -1.06
  73.14    9.69   -0.57
  73.16    9.69   -0.44
  73.18    9.70   -0.56
  73.18    9.70   -0.11
  73.20    9.71   -0.14
  73.22    9.71   -0.63
  73.22    9.71   -0.98
  73.24    9.72    0.06
  73.27    9.73   -0.64
  73.29    9.73   -0.66
  73.29    9.73   -1.19
  73.46    9.80   -0.95
  73.54    9.83   -1.01
  73.54    9.83   -0.61
  73.54    9.83   -0.28
  73.56    9.83   -0.56
  73.58    9.84   -0.04
  73.60    9.85   -0.70
  73.60    9.85   -0.30
  73.62    9.85   -0.46
  73.62    9.85   -0.73
  73.62    9.85   -1.02
  73.64    9.86   -0.72
  73.64    9.86   -1.19
  73.68    9.88   -0.68
  73.68    9.88   -0.87
  73.98   10.00   -0.90
  73.98   10.00   -0.74
  74.00   10.00   -0.49
  74.00   10.00   -0.61
  74.00   10.00   -1.22
  74.00   10.00   -1.19
  74.02   10.01   -0.05
  74.02   10.01    0.46
  74.03   10.02   -0.22
  74.03   10.02   -0.29
  74.03   10.02   -0.22
  74.03   10.02    0.36
  74.05   10.03    0.62
  74.05   10.03    0.51
  74.05   10.03    0.64
  74.07   10.04   -0.17
  74.07   10.04   -0.20
  74.07   10.04   -0.48
  74.09   10.04   -0.40
  74.09   10.04   -0.55
  74.11   10.05   -0.63
  74.16   10.07   -1.18
  74.20   10.09   -1.00
  74.21   10.10   -0.98
  74.25   10.11   -0.81
  74.25   10.11   -0.64
  74.34   10.15   -0.45
  74.36   10.16   -0.94
  74.37   10.17   -0.80
  74.42   10.19   -1.10
  74.42   10.19   -1.10
  74.44   10.20   -0.42
  74.44   10.20   -0.12
  74.44   10.20   -0.21
  74.46   10.21   -0.90
  74.46   10.21   -0.30
  74.49   10.23   -1.08
  74.49   10.23   -0.78
  74.49   10.23   -1.08
  74.51   10.24   -0.56
  74.51   10.24   -1.17
  74.54   10.25   -1.24
  74.54   10.25   -0.54
  74.56   10.26   -0.20
  74.56   10.26   -1.02
  74.56   10.26   -0.72
  74.58   10.27   -0.91
  74.58   10.27   -0.79
  74.58   10.27   -0.64
  74.59   10.28   -0.69
  74.59   10.28   -0.67
  74.59   10.28    0.04
  74.61   10.29   -0.35
  74.61   10.29   -0.42
  74.61   10.29   -1.29
  74.62   10.29   -0.45
  74.62   10.29   -0.75
  74.62   10.29   -0.99
  74.64   10.30   -0.47
  74.64   10.30   -0.24
  74.66   10.31   -0.20
  74.66   10.31   -0.55
  74.69   10.33   -0.74
  74.71   10.34   -0.93
  74.71   10.34   -1.09
  74.72   10.35   -0.30
  74.72   10.35   -0.80
  74.74   10.35   -1.13
  74.74   10.35   -0.44
  74.74   10.35   -0.19
  74.74   10.35   -0.72
  74.74   10.35   -1.03
  74.75   10.36   -0.83
  74.77   10.37   -0.85
  74.78   10.38   -0.78
  75.24   10.66   -0.51
  75.25   10.67   -0.40
  75.27   10.68   -0.54
  75.29   10.69   -0.49
  75.29   10.69   -1.19
  75.31   10.70   -1.15
  71.20    7.53   -0.37
  71.33    7.55   -0.68
  71.52    7.57    0.10
  73.03    7.76   -1.06
  73.10    7.77   -0.17
  73.10    7.77   -0.49
  73.13    7.78   -0.81
  73.13    7.78   -0.85
  73.25    7.80   -0.65
  78.01    6.91    0.25
  78.01    6.91   -0.20
  78.04    6.91   -0.70
  78.04    6.91   -0.76
  78.08    6.92   -0.26
  78.52    7.00   -0.83
  78.56    7.01    0.07
  78.60    7.02   -0.19
  78.74    7.04   -0.33
  78.74    7.04   -0.96
  78.78    7.05   -0.59
  78.85    7.07   -0.62
  79.61    7.24   -0.93
  79.64    7.24   -0.91
  79.68    7.25   -0.22
  79.71    7.26   -0.61
  79.71    7.26   -0.69
  79.71    7.26    0.09
  79.75    7.27   -0.80
  79.82    7.29   -0.78
  79.89    7.31   -0.19
  80.00    7.33   -0.32
  81.29    7.74   -0.74
  81.38    7.78   -0.96
  81.48    7.82   -0.89
  82.75   13.69   -0.70
  79.47   14.96   -0.94
  79.40   14.97   -1.11
  79.40   14.97   -0.86
  79.25   15.01   -0.47
  80.30    6.00   -0.66
  80.30    6.00   -0.57
  80.34    6.01   -0.86
  80.38    6.01    0.36
  80.38    6.01    0.45
  80.42    6.02   -0.08
  80.42    6.02   -0.11
  80.50    6.03   -0.30
  80.54    6.03   -0.09
  80.54    6.03   -0.34
  80.67    6.04   -0.26
  80.71    6.05   -0.81
  80.71    6.05   -0.58
  80.71    6.05   -0.84
  80.75    6.05   -0.28
  80.75    6.05   -0.49
  80.87    6.07   -0.62
  80.91    6.07   -0.64
  80.91    6.07   -0.73
  80.91    6.07    0.01
  80.91    6.07   -0.21
  80.95    6.08   -0.60
  80.99    6.08   -0.41
  81.07    6.09   -0.67
  81.12    6.10   -0.63
  81.24    6.11   -0.35
  81.40    6.14   -0.56
  81.44    6.14    0.10
  81.48    6.15   -0.13
  81.56    6.16   -0.57
  81.56    6.16   -0.58
  82.17    6.25   -0.43
  72.97    8.71   -0.91
  73.01    8.72   -0.96
  73.08    8.75   -1.03
  73.10    8.75   -0.93
  73.16    8.78   -1.18
  73.16    8.78   -0.38
  73.18    8.78   -0.21
  73.18    8.78   -0.69
  73.18    8.78   -0.43
  73.22    8.80   -0.89
  73.22    8.80   -0.40
  73.22    8.80   -0.24
  73.24    8.81   -0.58
  75.01    9.73   -0.67
  75.04    9.75   -0.15
  75.04    9.75   -0.89
  75.05    9.76   -0.76
  75.06    9.77   -0.62
  75.06    9.77   -0.86
  75.06    9.77   -0.59
  75.14    9.83   -0.09
  75.15    9.84   -0.22
  75.15    9.84   -0.34
  75.17    9.86   -0.42
  75.27    9.95   -0.92
  75.27    9.95   -1.01
  75.31    9.99   -0.82
  75.34   10.02   -0.93
  75.39   10.07   -0.47
  75.42   10.10   -1.06
  75.44   10.12   -0.85
  75.44   10.12   -0.69
  75.47   10.17   -1.06
  75.53   10.24   -0.44
  75.54   10.25   -0.34
  75.54   10.25   -0.41
  75.54   10.25    0.19
  75.55   10.27   -0.09
  75.55   10.27   -0.08
  75.55   10.27   -0.34
  75.56   10.28   -0.12
  75.56   10.29   -0.57
  75.57   10.30   -0.84
  75.58   10.31   -0.74
  75.58   10.31   -0.90
  75.60   10.34   -1.30
  75.60   10.34   -0.86
  75.61   10.35   -0.78
  75.61   10.35   -0.66
  75.62   10.38   -0.57
  75.63   10.39   -0.58
  75.63   10.40   -1.05
  75.63   10.40   -0.73
  75.64   10.41   -1.17
  75.64   10.41   -1.19
  75.66   10.44   -0.80
  75.68   10.49   -0.90
  75.68   10.49   -0.99
  75.69   10.50   -0.76
  75.72   10.56   -0.97
  75.72   10.56   -1.04
  75.50    8.55   -0.34
  75.54    8.57   -0.22
  75.54    8.57    0.28
  75.54    8.57    0.55
  75.56    8.58   -0.08
  75.69    8.64   -0.52
  75.71    8.65    0.33
  75.73    8.66   -0.40
  75.73    8.66   -0.56
  75.75    8.67   -0.58
  75.77    8.68   -0.51
  75.79    8.69   -0.34
  75.79    8.69   -0.55
  75.79    8.69   -0.49
  75.79    8.69   -0.00
  75.82    8.70    0.19
  75.82    8.70   -0.65
  75.84    8.71   -0.63
  75.86    8.73   -0.88
  71.13    6.45   -0.90
  71.28    6.47   -1.23
  71.28    6.47   -1.17
  71.35    6.48   -0.80
  71.35    6.48   -0.95
  71.93    6.55   -0.06
  71.93    6.55   -0.30
  71.97    6.56   -0.87
  71.97    6.56   -0.50
  72.07    6.57   -0.85
  72.14    6.58   -0.74
  72.14    6.58   -0.61
  74.53    6.99   -0.94
  74.67    7.01   -0.78
  74.67    7.01   -0.86
  74.67    7.01   -1.21
  74.70    7.02   -1.15
  74.87    7.06   -1.04
  75.04    7.09   -0.87
  75.04    7.09   -0.99
  75.57    7.22   -0.83
  75.57    7.22   -0.68
  77.13    7.66   -0.66
  80.42   10.08   -0.74
  80.14   11.55   -0.78
  80.14   11.55   -0.87
  79.42   12.29   -0.81
  79.42   12.29   -0.69
  79.38   12.32   -0.46
  79.38   12.32   -0.82
  79.38   12.32   -0.65
  79.15   12.48   -0.90
  79.15   12.48   -0.77
  79.15   12.48   -0.54
  79.15   12.48   -0.49
  79.13   12.49   -0.79
  79.13   12.49    0.04
  79.13   12.49   -0.63
  79.13   12.49   -0.79
  79.11   12.51   -0.84
  79.11   12.51   -0.69
  79.11   12.51   -0.85
  79.02   12.56   -0.85
  78.99   12.58   -0.75
  78.99   12.58   -0.93
  78.83   12.68   -1.09
  78.78   12.70   -0.82
  78.76   12.72   -0.46
  78.63   12.78   -0.75
  78.61   12.80   -0.41
  78.61   12.80   -0.58
  78.58   12.81   -0.83
  78.48   12.86   -0.99
  78.43   12.89   -0.39
  78.43   12.89   -0.49
  78.43   12.89   -0.75
  78.40   12.90   -0.90
  78.40   12.90   -0.99
  78.40   12.90   -0.56
  78.40   12.90   -0.40
  78.35   12.92   -0.67
  78.32   12.94   -0.72
  78.30   12.95   -0.72
  78.30   12.95   -0.88
  78.30   12.95   -0.33
  78.27   12.96   -0.89
  78.11   13.04   -0.40
  78.08   13.05   -0.42
  78.05   13.06   -0.62
  78.05   13.06   -0.88
  78.05   13.06   -0.17
  76.12    7.63   -0.63
  76.29    7.68   -0.11
  76.29    7.68   -0.33
  76.34    7.69   -0.60
  76.37    7.70   -0.74
  76.40    7.71   -0.68
  76.81    7.83   -0.68
  76.83    7.83   -0.08
  76.83    7.83   -0.21
  77.05    7.90    0.41
  77.07    7.91   -0.99
  77.07    7.91   -0.78
  77.15    7.94   -0.66
  77.15    7.94   -0.35
  77.15    7.94   -0.44
  77.20    7.95   -0.94
  77.20    7.95   -0.86
  77.69    8.13   -0.72
  77.71    8.14   -0.28
  77.76    8.16   -0.45
  77.98    8.24   -1.15
  78.08    8.28   -1.14
  78.15    8.32   -0.26
  78.15    8.32   -1.04
  78.54    8.50   -0.77
  78.63    8.54   -0.10
  78.63    8.54   -0.88
  78.63    8.54   -0.76
  78.65    8.56   -0.99
  78.78    8.62   -1.06
  78.85    8.66   -0.60
  78.85    8.66   -0.91
  78.91    8.70   -1.00
  79.28    8.93   -0.64
  79.28    8.93   -0.37
  79.28    8.93   -0.39
  73.77    8.22   -1.11
  74.49    8.60   -0.77
  77.13    9.22   -1.02
  76.91    9.25   -0.96
  76.79    9.27   -0.86
  76.43    9.33   -0.47
  76.35    9.34   -0.73
  76.32    9.34   -0.65
  76.12    9.37   -1.14
  75.56    9.45   -1.14
  75.02   10.08   -0.45
  74.95   10.08    0.43
  74.76   10.09    0.58
  74.71   10.09   -0.11
  74.60   10.10   -0.55
  74.50   10.10   -0.63
  74.47   10.10   -0.60
  74.47   10.10   -0.35
  74.45   10.10   -0.15
  73.74   10.13    0.34
  73.72   10.13   -0.01
  73.72   10.13   -0.65
  73.69   10.13   -0.09
  73.61   10.14    0.18
  73.59   10.14   -0.04
  73.59   10.14   -0.48
  73.51   10.14   -0.59
  73.33   10.15   -0.84
  73.33   10.15   -0.45
  73.33   10.15   -0.55
  73.12   10.15   -0.59
  73.12   10.15   -0.59
  73.07   10.16   -0.58
  73.02   10.16   -0.23
  73.02   10.16   -0.56
  73.02   10.16   -0.23
  72.79   10.17   -0.47
  72.79   10.17   -0.38
  75.63   10.26   -0.47
  75.33   10.26   -0.10
  75.26   10.26   -0.36
  74.82   10.26   -0.52
  74.73   10.26   -0.73
  74.69   10.26   -0.62
  74.69   10.26   -0.68
  74.66   10.26   -0.86
  74.66   10.26   -1.11
  74.48   10.26   -0.43
  74.37   10.26   -0.89
  74.32   10.26   -0.55
  74.32   10.26   -0.79
  74.32   10.26   -0.25
  74.30   10.26   -0.28
  74.28   10.26   -0.20
  74.28   10.26   -0.51
  74.26   10.26    0.12
  74.23   10.26   -0.78
  74.23   10.26   -0.20
  74.10   10.26   -0.63
  74.05   10.26   -0.48
  74.05   10.26   -0.57
  74.03   10.26   -0.17
  73.65   10.26   -0.87
  73.63   10.26   -1.18
  73.63   10.26   -1.07
  73.50   10.26   -0.86
  73.47   10.26   -0.71
  73.45   10.26   -0.42
  73.43   10.26   -0.66
  73.41   10.26   -0.63
  80.14    7.77   -0.90
  80.14    7.77   -0.63
  80.12    7.77   -0.97
  80.12    7.77    0.20
  80.12    7.77   -0.11
  80.09    7.78   -0.29
  80.09    7.78   -0.54
  80.05    7.79   -0.60
  79.27    7.96   -0.75
  79.27    7.96   -0.76
  78.60    8.09   -1.09
  77.28    8.30   -0.82
  76.88    8.35   -0.85
  76.81    8.36   -0.04
  76.07    8.45   -0.69
  76.02    8.45   -0.70
  75.93    8.46   -0.45
  75.88    8.47   -0.34
  75.72    8.49   -0.36
  75.65    8.50   -0.72
  75.63    8.50   -1.09
  75.63    8.50   -0.34
  75.16    8.55   -1.22
  75.07    8.55   -0.91
  74.88    8.57   -1.13
  74.86    8.58   -0.47
  74.70    8.59   -0.78
  77.35    6.89   -0.20
  77.35    6.89   -0.85
  77.29    6.91   -0.60
  77.29    6.91   -0.89
  77.21    6.93    0.22
  77.19    6.94   -1.22
  77.09    6.96    0.01
  77.07    6.97   -0.90
  76.52    7.11   -1.03
  76.50    7.11   -0.21
  76.38    7.14    0.01
  77.44    6.50   -1.18
  74.63    6.06   -1.05
  77.53    9.10   -0.53
  75.88    9.16   -0.46
  74.98    9.15   -0.17
  74.87    9.15   -0.65
  74.78    9.15   -0.42
  74.51    9.14   -0.35
  74.51    9.14    0.02
  73.79    9.14   -0.26
  73.77    9.14   -0.30
  76.29    8.50   -0.42
  76.25    8.51    0.34
  76.23    8.51   -0.44
  76.19    8.51    0.09
  74.08    8.56   -0.82
  77.28    7.81    0.19
  77.28    7.81    0.25
  77.28    7.81    0.41
  77.26    7.81   -0.02
  77.24    7.81    0.05
  77.02    7.83   -1.19
  76.89    7.84   -0.94
  76.24    7.89   -0.16
  76.17    7.89   -0.24
  76.16    7.89   -0.31
  76.14    7.89   -0.64
  76.14    7.89   -0.43
  76.11    7.89   -0.18
  76.09    7.90   -0.56
  76.01    7.90   -0.44
  75.98    7.90    0.09
  75.97    7.90   -0.88
  75.97    7.90   -0.46
  75.63    7.92   -0.85
  75.57    7.93    0.55
  75.57    7.93    0.07
  75.51    7.93   -1.09
  75.51    7.93   -1.20
  81.11    8.41   -1.08
  78.69    8.46   -0.50
  78.52    8.46   -0.09
  78.49    8.46   -0.66
  78.47    8.46   -0.24
  78.47    8.46   -0.95
  78.47    8.46   -0.40
