  79.33    9.45   -0.85
  79.46    9.45   -0.84
  77.97    8.41   -0.36
  78.02    8.41   -0.30
  78.04    8.41    0.32
  78.05    8.42    0.13
  78.10    8.42   -0.46
  78.18    8.43   -0.30
  78.36    8.45   -0.01
  78.52    8.47    0.07
  78.57    8.47   -0.46
  78.57    8.47   -1.04
  78.57    8.47   -0.01
  79.29    8.56   -0.47
  79.31    8.56   -1.27
  79.37    8.57   -1.09
  81.86    9.01   -1.22
  82.28    9.11   -0.63
  80.99   17.77   -0.76
  78.14   10.61    0.33
  78.17   10.62   -0.39
  78.33   10.69   -0.36
  76.69    6.59   -1.19
  73.66   17.26   -0.45
  73.49   17.27   -0.61
  73.19   17.29   -0.48
  75.34    9.78    0.42
  75.36    9.79   -0.37
  75.45    9.84   -0.62
  75.56    9.89    0.28
  75.57    9.90   -0.70
  75.58    9.90    0.12
  75.70    9.96   -0.41
  75.73    9.98   -0.76
  75.78   10.01   -0.45
  75.84   10.04   -0.72
  76.74   13.02   -0.84
  76.69   13.07   -0.37
  76.67   13.08    0.07
  76.67   13.09   -0.71
  76.66   13.09   -0.63
  76.66   13.10   -0.03
  76.62   13.13   -0.56
  76.61   13.14   -0.86
  76.60   13.15   -0.89
  76.60   13.15   -0.29
  76.34   13.35   -0.31
  76.33   13.36   -0.25
  76.32   13.37   -0.49
  76.30   13.38   -0.41
  76.30   13.39   -1.01
  76.28   13.40   -0.45
  76.27   13.40   -0.25
  76.27   13.41   -0.58
  76.27   13.41   -0.47
  76.24   13.42   -0.09
  76.24   13.42   -0.13
  76.24   13.43   -0.68
  76.23   13.43    0.03
  76.22   13.44   -0.12
  76.21   13.44   -0.95
  76.21   13.44   -0.28
  76.17   13.48    0.31
  76.15   13.49   -0.13
  76.14   13.49   -0.13
  76.13   13.50   -1.17
  76.12   13.51   -0.88
  74.01   14.47   -1.00
  73.92   14.49   -0.42
  73.90   14.50   -0.92
  73.90   14.50   -0.83
  73.86   14.50   -0.49
  73.84   14.51    0.11
  73.80   14.52    0.43
  73.78   14.52   -0.52
  73.76   14.53   -0.24
  73.74   14.53   -0.15
  73.74   14.53   -0.75
  73.72   14.53   -0.71
  73.72   14.53   -0.51
  73.71   14.54   -0.31
  73.71   14.54   -0.57
  73.65   14.55   -0.21
  73.63   14.56   -0.72
  73.61   14.56   -0.56
  73.59   14.56   -0.57
  73.59   14.56   -1.03
  73.59   14.56   -0.75
  73.57   14.57   -0.13
  73.53   14.58   -0.61
  73.53   14.58   -0.39
  73.51   14.58   -0.28
  73.51   14.58   -1.06
  73.51   14.58   -0.41
  73.49   14.59   -0.59
  73.47   14.59    0.08
  73.47   14.59   -0.99
  73.47   14.59   -0.57
  73.45   14.59   -0.64
  73.45   14.59   -0.08
  73.41   14.60    0.69
  73.39   14.61    0.01
  73.37   14.61    0.13
  73.37   14.61    0.59
  73.35   14.62   -0.30
  73.35   14.62   -0.90
  73.33   14.62    0.06
  73.33   14.62    0.11
  73.33   14.62    0.37
  73.31   14.62    0.12
  73.31   14.62    0.48
  73.31   14.62    0.50
  73.29   14.63    0.83
  73.27   14.63    0.45
  73.27   14.63   -0.89
  73.27   14.63   -0.55
  73.25   14.64    0.96
  73.25   14.64   -0.14
  73.25   14.64   -0.97
  73.23   14.64    0.28
  73.23   14.64   -0.26
  73.23   14.64   -0.16
  73.21   14.64    0.26
  73.21   14.64    0.35
  73.19   14.65   -0.67
  73.19   14.65   -0.67
  73.17   14.65   -0.85
  73.17   14.65   -0.62
  73.17   14.65   -1.12
  73.15   14.66   -0.39
  73.15   14.66   -0.57
  73.15   14.66   -0.99
  73.09   14.67   -0.42
  73.09   14.67    0.23
  73.09   14.67   -0.12
  73.01   14.68   -1.16
  73.01   14.68   -1.12
  72.99   14.69   -0.61
  72.97   14.69   -0.49
  72.79   14.73   -0.34
  72.79   14.73   -0.32
  72.77   14.73    0.15
  72.75   14.74   -0.51
  72.75   14.74   -0.48
  72.73   14.74   -0.38
  72.73   14.74   -0.14
  72.71   14.74   -0.37
  72.71   14.74    0.17
  72.69   14.75    0.01
  72.69   14.75   -0.50
  72.69   14.75   -0.03
  72.65   14.76   -0.49
  72.65   14.76   -0.46
  72.65   14.76   -0.17
  72.62   14.76   -1.09
  72.54   14.78    0.34
  72.54   14.78   -0.36
  72.52   14.78   -1.27
  72.48   14.79   -0.65
  72.48   14.79   -0.89
  72.46   14.79   -0.62
  72.46   14.79    0.17
  72.44   14.79   -0.40
  72.44   14.79   -0.01
  72.42   14.80   -0.26
  72.40   14.80    0.42
  72.38   14.81    0.25
  72.38   14.81   -0.29
  72.33   14.81   -0.64
  76.13    7.53   -0.76
  77.03    7.54   -0.10
  77.03    7.54   -0.38
  77.08    7.55   -0.85
  77.15    7.57    0.03
  77.15    7.57   -0.53
  77.19    7.58    0.29
  77.19    7.58   -0.13
  79.06   13.50   -0.65
  76.15   14.38   -0.12
  74.92   14.62   -0.37
  78.47   16.42   -0.80
  77.05   16.50   -0.80
  76.84   16.51   -0.77
  75.74   16.56   -0.01
  75.74   16.56   -0.62
  75.71   16.56   -0.21
  75.71   16.56   -0.51
  75.69   16.56   -0.57
  75.69   16.56   -0.15
  75.66   16.56   -0.36
  77.63    6.56   -0.10
  77.77    6.59   -0.76
  77.79    6.59   -0.36
  77.91    6.62   -0.53
  77.91    6.62   -0.61
  78.05    6.64   -0.27
  78.07    6.65   -0.18
  78.07    6.65   -0.74
  80.06    7.13   -0.48
  80.10    7.15   -0.76
  80.49    7.27   -0.94
  80.51    7.28   -0.97
  80.54    7.29   -1.13
  80.58    7.30   -1.16
  80.60    7.31   -0.69
  80.69    7.34    0.27
  80.73    7.36   -0.94
  80.74    7.36   -0.89
  80.80    7.38   -0.65
  80.83    7.40   -0.65
  80.83    7.40   -0.36
  80.83    7.40   -0.03
  80.89    7.42    0.01
  80.89    7.42   -0.66
  80.91    7.42   -0.69
  80.94    7.44   -0.51
  80.98    7.45   -0.42
  80.98    7.45   -0.72
  80.98    7.45   -0.41
  81.00    7.46   -0.34
  81.01    7.47    0.08
  81.01    7.47   -0.91
  81.01    7.47   -0.40
  81.03    7.47    0.47
  81.05    7.48   -0.54
  81.05    7.48   -0.16
  81.07    7.49   -0.15
  81.12    7.51   -0.37
  81.17    7.53   -0.59
  81.17    7.53   -0.38
  81.21    7.55   -0.56
  81.21    7.55   -0.91
  83.56    9.39   -0.51
  83.35   13.56   -0.92
  77.31   14.68   -0.68
  77.31   14.68   -0.54
  77.23   14.69   -0.97
  76.62   14.74   -0.28
  76.57   14.75   -0.64
  76.54   14.75   -0.21
  76.54   14.75   -0.42
  76.54   14.75   -0.41
  76.51   14.75   -0.69
  76.46   14.76   -0.96
  76.46   14.76   -0.53
  76.46   14.76   -0.83
  76.43   14.76    0.05
  76.43   14.76    0.69
  76.40   14.76    0.09
  76.40   14.76   -0.15
  76.40   14.76   -0.06
  76.37   14.76   -0.93
  76.35   14.77   -0.87
  76.32   14.77   -1.14
  76.32   14.77    0.04
  76.29   14.77   -0.61
  76.29   14.77   -0.70
  76.29   14.77   -0.22
  76.29   14.77   -0.89
  76.29   14.77   -0.79
  76.26   14.77   -0.21
  76.26   14.77   -0.55
  76.24   14.77   -0.87
  76.24   14.77   -0.79
  76.21   14.78   -0.70
  76.21   14.78   -0.56
  76.18   14.78    0.04
  76.18   14.78   -0.79
  76.12   14.78   -0.45
  76.12   14.78   -0.27
  76.12   14.78   -0.08
  76.10   14.79   -0.28
  76.07   14.79   -0.66
  76.07   14.79   -1.00
  76.04   14.79   -0.31
  75.96   14.80   -0.47
  75.93   14.80   -0.87
  75.93   14.80    0.30
  75.90   14.80    0.10
  75.90   14.80   -0.80
  75.84   14.80   -1.11
  75.82   14.81   -1.28
  75.82   14.81   -1.30
  75.82   14.81    0.19
  75.79   14.81   -1.01
  75.79   14.81   -0.88
  75.79   14.81   -0.68
  75.79   14.81   -0.36
  75.79   14.81   -1.08
  75.70   14.81   -0.24
  75.68   14.82   -0.42
  75.68   14.82   -0.23
  75.68   14.82    0.27
  75.68   14.82    1.16
  75.68   14.82   -0.70
  75.65   14.82   -0.46
  75.62   14.82   -0.51
  75.48   14.83   -0.65
  75.48   14.83   -0.52
  75.45   14.83   -0.56
  75.37   14.84   -1.05
  75.37   14.84   -0.84
  75.34   14.84   -0.77
  75.34   14.84   -1.25
  75.28   14.84   -0.62
  75.22   14.85   -0.59
  75.14   14.85   -0.69
  75.08   14.86   -0.44
  75.08   14.86   -0.64
  75.05   14.86   -0.51
  75.00   14.86    0.34
  75.00   14.86    0.23
  74.97   14.86   -0.47
  74.97   14.86   -0.13
  74.97   14.86   -0.27
  74.94   14.87   -0.74
  74.94   14.87   -0.50
  74.94   14.87   -0.49
  74.91   14.87   -1.10
  74.88   14.87   -0.86
  74.88   14.87   -0.68
  74.88   14.87    0.02
  74.85   14.87   -0.84
  74.83   14.87   -0.93
  74.80   14.88   -1.18
  74.77   14.88   -0.89
  74.77   14.88   -0.84
  74.77   14.88   -1.23
  74.77   14.88   -1.22
  74.77   14.88    0.38
  74.71   14.88    0.23
  74.71   14.88    0.41
  74.71   14.88   -0.73
  74.68   14.88    0.05
  74.68   14.88   -0.80
  74.68   14.88   -0.11
  74.65   14.88   -0.47
  74.65   14.88   -0.59
  74.63   14.89   -1.07
  79.54   14.60    0.85
  77.97   14.81    0.68
  77.59   14.85    1.14
  77.59   14.85   -0.33
  76.47   14.96    0.83
  77.49    7.09   -0.35
  77.93    7.28   -0.72
  78.03    7.33   -0.94
  78.07    7.35   -0.26
  78.09    7.36    0.19
  78.11    7.37   -0.75
  78.20    7.42   -0.96
  78.21    7.42   -0.90
  78.23    7.43    0.17
  78.23    7.43   -0.18
  78.40    7.53   -0.68
  78.57    7.62   -0.76
  78.62    7.65   -0.63
  78.63    7.66   -0.36
  78.77    7.75    0.10
  78.78    7.76   -0.99
  78.79    7.76   -1.01
  78.79    7.76   -0.74
  78.79    7.76   -1.03
  78.82    7.78   -0.42
  78.83    7.79    0.36
  78.83    7.79   -0.82
  78.84    7.80    0.53
  78.85    7.80   -0.23
  78.86    7.81    0.00
  78.87    7.82    0.42
  78.90    7.84   -1.02
  78.90    7.84   -0.29
  78.90    7.84   -1.14
  78.91    7.85   -0.07
  78.93    7.86    0.52
  78.93    7.86   -1.11
  78.93    7.86   -0.38
  78.94    7.86    0.17
  78.94    7.86   -0.53
  78.95    7.87   -0.08
  78.95    7.87   -0.87
  78.99    7.90   -0.71
  79.01    7.92   -1.21
  79.02    7.93   -0.26
  79.03    7.94   -0.15
  79.03    7.94   -0.32
  79.03    7.94    1.19
  79.03    7.94    0.93
  79.04    7.94    0.71
  79.04    7.94   -0.45
  79.05    7.95   -0.06
  79.05    7.95    1.31
  79.06    7.96   -0.12
  79.06    7.96   -0.18
  79.06    7.96   -1.00
  79.07    7.97    0.35
  79.22    8.09   -0.41
  79.22    8.09   -0.29
  79.22    8.09   -0.73
  79.22    8.09   -0.18
  79.23    8.10   -1.08
  79.23    8.10   -0.87
  79.24    8.10    0.11
  79.24    8.10   -0.21
  79.26    8.13   -1.12
  79.27    8.13   -0.84
  79.27    8.13   -0.84
  79.28    8.14   -1.07
  79.30    8.16    0.11
  79.33    8.19   -0.42
  79.34    8.20   -0.18
  79.35    8.21    0.39
  79.35    8.21    0.11
  79.36    8.21   -0.15
  79.37    8.22    0.30
  79.38    8.23   -0.63
  79.38    8.23   -0.33
  79.38    8.24   -1.19
  79.38    8.24   -0.83
  79.39    8.25   -0.35
  79.40    8.25    0.01
  79.40    8.25   -0.10
  79.40    8.25    0.88
  79.41    8.26   -0.36
  79.41    8.26   -1.05
  79.42    8.27    0.27
  79.42    8.28   -0.64
  79.44    8.29   -0.54
  79.46    8.31   -0.11
  79.46    8.32   -0.24
  79.46    8.32   -0.29
  79.46    8.32   -0.08
  79.47    8.33   -0.72
  79.51    8.37   -0.87
  79.52    8.38   -0.72
  79.53    8.39   -0.23
  79.93    9.02   -0.78
  79.86   10.37   -0.51
  79.84   10.40   -0.72
  79.76   10.54   -0.80
  79.75   10.55   -0.47
  79.75   10.55   -0.76
  79.58   10.78   -0.78
  84.94   14.95   -0.79
  84.88   14.97   -0.71
  79.07   15.47   -1.07
  79.04   15.47   -0.61
  78.62   15.49    0.10
  78.62   15.49    0.26
  78.62   15.49   -0.22
  78.59   15.49   -0.46
  78.40   15.50   -0.74
  78.40   15.50   -0.66
  78.07   15.51   -0.94
  78.07   15.51   -0.06
  78.04   15.51   -0.45
  78.04   15.51   -0.10
  78.04   15.51   -1.15
  78.01   15.51   -1.01
  77.98   15.51   -0.28
  77.98   15.51   -0.04
  77.88   15.52   -0.65
  77.85   15.52   -0.87
  77.82   15.52   -0.06
  77.78   15.52   -0.41
  77.75   15.52   -0.56
  77.75   15.52   -0.76
  77.62   15.53   -1.17
  77.62   15.53   -0.77
  77.52   15.53   -0.99
  77.52   15.53   -0.75
  77.52   15.53   -0.29
  77.49   15.53    0.00
  77.49   15.53   -0.09
  77.49   15.53   -1.32
  77.49   15.53   -0.89
  77.46   15.53   -0.52
  77.43   15.53   -0.82
  77.17   15.54   -0.69
  77.17   15.54   -0.24
  77.14   15.54   -0.28
  77.10   15.54   -0.32
  77.07   15.54   -0.52
  77.04   15.54   -0.65
  76.81   15.55   -0.77
  76.78   15.55   -0.43
  76.55   15.56   -0.62
  76.52   15.56   -0.35
  76.48   15.56   -0.66
  76.39   15.56   -0.58
  76.16   15.57   -0.61
  76.12   15.57   -0.44
  76.12   15.57   -0.27
  76.09   15.57   -0.41
  75.86   15.58   -0.35
  75.50   15.59   -0.85
  75.43   15.59   -0.52
  75.30   15.59   -0.51
  79.81    7.19    0.07
  79.83    7.19   -0.30
  80.18    7.40   -0.83
  80.56    7.65   -0.69
  80.74    7.80   -0.78
  80.98    8.01   -0.22
  81.61    8.95   -0.84
  81.63    9.01   -0.93
  81.63    9.02   -0.76
  81.66    9.12   -0.95
  81.66    9.12   -0.23
  81.67    9.14   -0.46
  81.67    9.14   -0.61
  81.67    9.15   -0.70
  81.69    9.24   -0.63
  81.70    9.27   -0.58
  81.72    9.42   -0.78
  81.72    9.43   -0.53
  81.73    9.55   -0.37
  81.73    9.57   -0.08
  81.73    9.58   -0.55
  81.73    9.58   -0.45
  81.73    9.60    0.13
  81.73    9.61   -0.02
  81.71    9.85   -0.14
  81.71    9.90   -0.58
  81.70    9.91   -0.48
  81.70    9.91   -0.56
  81.70    9.93   -1.02
  81.70    9.93   -0.68
  81.70    9.93   -0.69
  81.70    9.93   -0.25
  81.69    9.97   -0.88
  81.67   10.08   -0.97
  81.56   10.39   -1.00
  81.54   10.44   -0.90
  81.52   10.48   -0.45
  81.50   10.51   -0.73
  81.43   10.64   -0.45
  80.24   11.78   -0.83
  79.81   12.03   -0.75
  74.51   13.62   -0.28
  74.48   13.62    0.17
  74.45   13.62   -0.23
  74.42   13.62   -0.82
  74.39   13.63   -0.60
  74.39   13.63   -0.30
  74.36   13.63    0.11
  74.33   13.63   -0.03
  74.33   13.63   -0.34
  74.30   13.64   -0.36
  74.27   13.64   -0.48
  74.24   13.64   -0.10
  74.12   13.66   -0.44
  74.09   13.66   -0.24
  73.94   13.67   -0.58
  73.69   13.70   -0.74
  73.66   13.70   -0.79
  73.66   13.70   -0.57
  73.54   13.71   -0.25
  84.11   11.70   -0.83
  84.10   11.72   -0.42
  84.02   11.80   -0.82
  83.87   11.94   -0.31
  83.47   12.24   -0.85
  83.20   12.42   -1.09
  83.20   12.42   -0.70
  83.11   12.47   -0.97
  83.06   12.50   -0.23
  83.04   12.51   -0.42
  83.02   12.53   -0.78
  83.02   12.53   -0.19
  82.97   12.55   -0.89
  82.94   12.57   -0.18
  82.92   12.58   -0.74
  82.85   12.62   -0.79
  82.85   12.62   -0.93
  82.85   12.62   -0.43
  82.82   12.63   -0.12
  82.82   12.63   -0.17
  82.80   12.64   -0.57
  82.80   12.64   -0.21
  82.77   12.66   -1.04
  82.75   12.67   -0.53
  82.72   12.68   -0.61
  82.70   12.69   -0.02
  82.65   12.72   -0.53
  82.65   12.72   -0.53
  82.60   12.74   -0.79
  82.60   12.74   -0.50
  82.55   12.76   -0.99
  82.52   12.78   -0.91
  82.47   12.80   -0.81
  82.47   12.80   -0.92
  82.44   12.81   -0.85
  82.42   12.82   -0.90
  82.39   12.83   -0.98
  82.39   12.83   -1.03
  82.31   12.87   -0.44
  82.05   12.98   -0.45
  82.02   12.99   -0.24
  82.02   12.99   -0.59
  81.97   13.01   -0.65
  81.81   13.07   -0.78
  81.78   13.08   -0.58
  82.68   15.28   -0.84
  80.83   15.21   -0.86
  79.80   15.18   -0.12
  79.53   15.17   -0.44
  77.80   15.14   -0.79
  78.39   11.58   -0.28
  78.36   11.59   -1.01
  78.30   11.62   -0.71
  78.30   11.62   -0.07
  78.30   11.62   -0.23
  78.30   11.62   -0.02
  78.28   11.63    0.02
  78.28   11.63   -0.22
  78.25   11.64   -0.58
  78.25   11.64    0.34
  78.23   11.65    0.45
  78.23   11.65   -0.54
  78.23   11.65   -1.00
  78.21   11.66   -0.58
  78.21   11.66   -0.67
  78.21   11.66   -0.50
  78.19   11.67   -0.48
  78.19   11.67   -0.18
  78.19   11.67    0.10
  78.19   11.67    0.82
  78.16   11.68   -0.03
  78.16   11.68    0.17
  78.14   11.69   -0.16
  78.14   11.69   -1.12
  78.14   11.69   -0.39
  78.14   11.69    0.37
  78.12   11.70    0.59
  78.12   11.70   -0.70
  78.12   11.70   -0.76
  78.12   11.70    0.46
  78.12   11.70    0.80
  78.09   11.71    0.07
  78.09   11.71    1.10
  78.09   11.71    0.24
  78.07   11.72    0.55
  78.07   11.72   -0.03
  78.07   11.72    0.81
  78.05   11.73   -0.53
  78.05   11.73    0.62
  78.05   11.73   -0.80
  78.02   11.74    1.23
  78.02   11.74    1.44
  78.00   11.75    1.18
  78.00   11.75    1.78
  78.00   11.75    1.70
  77.98   11.75    1.32
  77.95   11.76   -0.16
  77.95   11.76   -0.69
  77.95   11.76    0.75
  77.95   11.76    0.69
  77.95   11.76    0.59
  77.95   11.76    1.67
  77.93   11.77   -0.06
  77.93   11.77   -0.12
  77.91   11.78   -0.30
  77.91   11.78    0.44
  77.91   11.78   -0.07
  77.88   11.79   -0.89
  77.88   11.79   -0.17
  77.86   11.80   -0.64
  77.86   11.80   -0.53
  77.84   11.81   -0.37
  77.84   11.81   -0.54
  77.84   11.81    0.12
  77.84   11.81   -0.16
  77.81   11.82    0.22
  77.81   11.82   -0.15
  77.81   11.82   -0.23
  77.79   11.83   -0.17
  77.79   11.83    0.57
  77.76   11.84    0.16
  77.76   11.84    0.17
  77.76   11.84    0.61
  77.76   11.84   -0.96
  77.74   11.85   -0.80
  77.72   11.85   -0.07
  77.72   11.85    0.21
  77.69   11.86   -0.18
  77.67   11.87    0.05
  77.67   11.87    0.85
  77.67   11.87    0.12
  77.64   11.88    0.06
  77.64   11.88    0.22
  77.64   11.88    0.24
  77.62   11.89   -0.13
  77.62   11.89    0.10
  77.62   11.89   -0.14
  77.60   11.90   -0.01
  77.60   11.90   -0.20
  77.57   11.91    0.16
  77.57   11.91   -0.10
  77.57   11.91   -0.58
  77.55   11.92    0.47
  77.55   11.92   -1.03
  77.52   11.93   -0.18
  77.52   11.93   -0.15
  77.52   11.93    0.03
  77.52   11.93    1.11
  77.50   11.93    0.59
  77.50   11.93    1.04
  77.50   11.93   -0.77
  77.47   11.94   -0.54
  77.47   11.94   -0.35
  77.47   11.94    0.35
  77.47   11.94   -0.91
  77.45   11.95    0.55
  77.45   11.95   -0.86
  77.45   11.95    0.50
  77.42   11.96    0.71
  77.42   11.96   -0.01
  77.40   11.97    1.30
  77.40   11.97   -0.05
  77.37   11.98    0.72
  77.37   11.98    1.21
  77.37   11.98    0.65
  77.37   11.98   -0.76
  77.35   11.99    0.75
  77.32   11.99    0.15
  77.32   11.99   -0.13
  77.32   11.99    0.37
  77.32   11.99   -0.04
  77.30   12.00    0.37
  77.30   12.00   -0.07
  77.30   12.00   -0.16
  77.30   12.00   -0.93
  77.27   12.01   -0.29
  77.27   12.01   -0.09
  77.27   12.01   -0.49
  77.25   12.02    0.09
  77.22   12.03   -0.37
  77.22   12.03   -0.60
  77.22   12.03   -0.72
  77.19   12.04   -0.04
  77.19   12.04    0.80
  77.19   12.04    0.29
  77.19   12.04    0.18
  77.19   12.04   -1.02
  77.19   12.04   -0.65
  77.17   12.04    0.87
  77.17   12.04    0.19
  77.17   12.04   -0.16
  77.17   12.04    1.01
  77.14   12.05   -0.05
  77.14   12.05    0.32
  77.14   12.05   -0.90
  77.12   12.06   -0.81
  77.12   12.06   -0.19
  77.09   12.07    1.42
  77.09   12.07    0.48
  77.09   12.07   -0.38
  77.07   12.08    0.65
  77.07   12.08    0.18
  77.07   12.08    0.86
  77.04   12.08    0.39
  77.04   12.08    0.50
  77.04   12.08   -0.18
  77.01   12.09   -0.57
  77.01   12.09    1.18
  77.01   12.09    0.97
  76.99   12.10   -1.21
  76.99   12.10   -0.05
  76.99   12.10    0.26
  76.99   12.10    0.26
  76.96   12.11   -0.42
  76.96   12.11    0.92
  76.96   12.11    1.14
  76.94   12.12   -0.33
  76.94   12.12   -0.22
  76.94   12.12   -0.35
  76.94   12.12   -0.38
  76.91   12.12    0.55
  76.91   12.12   -0.73
  76.91   12.12   -0.56
  76.91   12.12   -0.43
  76.88   12.13   -0.68
  76.88   12.13   -0.10
  76.88   12.13    0.87
  76.86   12.14   -0.64
  76.86   12.14    0.17
  76.83   12.15    0.08
  76.83   12.15   -0.81
  76.83   12.15   -0.94
  76.83   12.15   -0.35
  76.80   12.16   -0.13
  76.80   12.16   -0.59
  76.80   12.16    0.86
  76.80   12.16   -1.20
  76.78   12.16   -0.07
  76.78   12.16   -0.16
  76.75   12.17   -0.41
  76.75   12.17   -0.83
  76.75   12.17    0.10
  76.72   12.18   -0.62
  76.72   12.18   -1.07
  76.72   12.18   -0.78
  76.70   12.19   -0.13
  76.70   12.19   -0.61
  76.70   12.19   -0.22
  76.70   12.19    0.23
  76.70   12.19    0.02
  76.67   12.20   -0.05
  76.67   12.20   -0.41
  76.67   12.20    0.22
  76.64   12.20    0.74
  76.64   12.20    0.29
  76.64   12.20    0.16
  76.64   12.20    0.07
  76.62   12.21    0.42
  76.62   12.21    0.22
  76.62   12.21   -0.12
  76.59   12.22    0.26
  76.59   12.22   -0.07
  76.59   12.22   -0.73
  76.56   12.23   -0.13
  76.56   12.23   -0.86
  76.54   12.23   -0.05
  76.54   12.23   -0.98
  76.51   12.24   -0.79
  76.51   12.24    0.10
  76.51   12.24    0.04
  76.51   12.24    0.09
  76.51   12.24   -0.17
  76.48   12.25   -0.83
  76.48   12.25   -0.88
  76.48   12.25   -0.49
  76.48   12.25    0.32
  76.45   12.26   -0.71
  76.45   12.26   -0.24
  76.45   12.26   -0.49
  76.45   12.26   -0.49
  76.43   12.26    0.74
  76.43   12.26    0.42
  76.43   12.26   -1.27
  76.40   12.27   -0.94
  76.37   12.28    0.43
  76.35   12.29   -0.68
  76.35   12.29    0.81
  76.32   12.29    0.78
  76.32   12.29   -0.60
  76.32   12.29   -0.71
  76.32   12.29   -0.18
  76.29   12.30   -0.31
  76.29   12.30    0.10
  76.29   12.30    0.25
  76.26   12.31   -0.38
  76.26   12.31    0.01
  76.26   12.31   -0.00
  76.26   12.31   -0.36
  76.24   12.32   -0.65
  76.24   12.32   -0.54
  76.24   12.32   -1.08
  76.21   12.32   -0.84
  76.21   12.32    0.20
  76.18   12.33   -0.17
  76.18   12.33   -0.30
  76.18   12.33    0.44
  76.15   12.34    0.37
  76.15   12.34    0.48
  76.15   12.34    0.27
  76.15   12.34    1.37
  76.12   12.34   -0.01
  76.12   12.34    0.72
  76.10   12.35    0.66
  76.10   12.35   -0.68
  76.07   12.36   -1.08
  76.07   12.36   -0.45
  76.07   12.36    0.82
  76.07   12.36    0.96
  76.04   12.37   -0.17
  76.01   12.37   -0.38
  76.01   12.37   -0.06
  75.98   12.38   -0.78
  75.96   12.39   -0.26
  81.74   11.93   -0.56
  81.56   12.02   -0.53
  81.51   12.04   -0.58
  81.48   12.06   -0.75
  81.46   12.07   -0.72
  81.05   12.23   -0.49
  80.72   12.36   -0.88
  80.72   12.36   -0.49
  80.69   12.37   -0.31
  80.69   12.37   -1.14
  80.69   12.37   -0.07
  78.80   12.89   -0.33
  78.77   12.90   -0.82
  78.73   12.91   -0.74
  78.73   12.91   -0.68
  78.70   12.91   -0.66
  78.22   13.01   -0.12
  78.16   13.03   -0.26
  78.12   13.03   -0.71
  78.09   13.04   -0.58
  78.09   13.04   -0.38
  78.09   13.04   -0.10
  78.06   13.04   -0.55
  78.03   13.05   -0.19
  77.99   13.06   -0.68
  77.89   13.07   -0.25
  77.83   13.09   -0.50
  76.39   13.32   -0.17
  76.39   13.32   -0.13
  76.35   13.32   -0.14
  76.35   13.32    0.10
  76.35   13.32    0.25
  76.32   13.33    0.23
  76.32   13.33   -0.77
  76.29   13.33   -0.03
  76.25   13.34   -0.35
  76.25   13.34   -0.44
  76.22   13.34   -0.58
  76.22   13.34   -0.87
  76.18   13.35   -0.82
  76.15   13.35   -0.51
  76.11   13.36   -0.69
  76.08   13.36    0.31
  76.08   13.36   -0.16
  76.08   13.36   -0.50
  76.08   13.36   -0.66
  76.08   13.36   -0.51
  75.77   13.40   -1.00
  75.73   13.41   -0.59
  75.73   13.41   -0.93
  75.73   13.41   -0.13
  75.70   13.41   -0.39
  75.66   13.42   -0.87
  75.63   13.42   -0.24
  75.53   13.43   -0.02
  75.49   13.44   -0.58
  75.46   13.44   -0.32
  75.39   13.45   -0.52
  75.39   13.45   -0.88
  75.35   13.46   -0.35
  75.25   13.47   -0.36
  75.07   13.49   -0.28
  75.07   13.49   -0.80
  75.04   13.49   -0.28
  75.00   13.50   -0.17
  75.00   13.50   -0.09
  75.00   13.50   -1.24
  74.97   13.50    0.12
  74.97   13.50   -0.70
  74.97   13.50   -0.19
  74.93   13.51    0.01
  74.93   13.51   -0.66
  74.93   13.51   -0.47
  74.89   13.51   -0.22
  74.89   13.51   -0.53
  74.86   13.51   -0.46
  74.75   13.53   -0.71
  74.75   13.53   -1.17
  75.05   14.50   -0.15
  74.26   14.49   -0.85
  74.22   14.49   -0.45
  74.14   14.49   -0.56
  74.10   14.49   -0.40
  74.10   14.49   -0.16
  74.07   14.49   -0.70
  74.07   14.49   -0.25
  74.03   14.49   -0.41
  84.94    9.39   -0.53
  84.92    9.42   -0.65
  84.92    9.42   -0.42
  84.91    9.45   -0.77
  84.89    9.48   -1.01
  84.89    9.48   -0.36
  84.87    9.50   -0.22
  84.83    9.56   -0.91
  84.83    9.56   -0.50
  84.79    9.61   -0.59
  84.79    9.61   -0.42
  84.77    9.64   -1.00
  84.73    9.69   -0.42
  84.69    9.74   -0.29
  84.69    9.74   -0.56
  84.63    9.82   -0.27
  84.63    9.82   -0.72
  84.61    9.84   -0.71
  84.59    9.87   -0.07
  84.59    9.87   -0.28
  84.50    9.97   -0.45
  84.50    9.97   -0.25
  84.47    9.99   -0.17
  84.40   10.06   -0.50
  84.38   10.08   -0.19
  84.11   10.33   -0.35
  84.08   10.35   -0.75
  83.87   10.51   -0.53
  83.87   10.51   -0.54
  83.73   10.60   -0.51
  83.70   10.62   -0.42
  83.67   10.64   -0.86
  83.64   10.66   -0.87
  83.64   10.66   -0.20
  83.61   10.68   -0.39
  83.61   10.68   -0.03
  83.61   10.68   -0.52
  83.61   10.68    0.20
  83.58   10.69    1.03
  83.58   10.69    0.02
  83.56   10.71   -0.80
  83.56   10.71   -0.52
  83.56   10.71    0.03
  83.56   10.71   -0.91
  83.53   10.73    0.38
  83.53   10.73   -0.43
  83.50   10.75   -0.08
  83.50   10.75    0.10
  83.47   10.77   -0.23
  83.47   10.77    1.05
  83.47   10.77    1.00
  83.41   10.80    0.22
  83.41   10.80   -0.68
  83.35   10.83   -0.51
  83.35   10.83   -0.84
  83.29   10.87   -0.37
  83.23   10.90   -0.44
  83.20   10.91   -0.91
  83.17   10.93   -0.69
  83.13   10.95   -0.92
  83.10   10.96   -0.61
  83.07   10.98   -0.75
  83.04   10.99    0.08
  83.01   11.01   -0.14
  83.01   11.01   -0.13
  83.01   11.01   -0.76
  82.98   11.02   -0.02
  82.98   11.02   -0.28
  82.95   11.04   -0.83
  82.95   11.04   -0.39
  82.92   11.05   -0.72
  82.92   11.05   -1.08
  82.82   11.09   -0.63
  82.82   11.09   -1.13
  82.79   11.11    0.14
  82.76   11.12   -0.29
  82.76   11.12   -0.68
  82.72   11.14   -0.32
  82.69   11.15   -0.72
  82.66   11.16   -0.90
  82.66   11.16   -0.31
  82.59   11.19   -1.10
  82.40   11.27   -0.34
  82.36   11.28   -0.84
  82.13   11.37   -0.88
  82.13   11.37   -0.61
  81.99   11.42   -0.41
  81.92   11.44   -1.19
  81.89   11.45   -0.40
  81.89   11.45   -0.01
  81.85   11.46   -1.15
  81.85   11.46   -0.20
  81.78   11.48   -0.23
  81.78   11.48    0.09
  81.75   11.49    0.40
  81.75   11.49    0.29
  81.72   11.51   -0.39
  81.72   11.51    0.10
  81.72   11.51   -0.14
  81.68   11.52   -0.29
  81.65   11.53   -0.75
  81.61   11.54   -0.25
  81.61   11.54   -0.86
  81.61   11.54   -0.15
  81.58   11.55   -0.09
  81.58   11.55   -1.02
  81.54   11.56   -0.27
  81.54   11.56   -0.50
  81.51   11.57   -0.45
  81.51   11.57   -1.17
  81.47   11.58   -0.78
  81.47   11.58   -0.18
  81.44   11.59    0.04
  81.44   11.59   -0.72
  81.29   11.63   -0.24
  81.29   11.63   -0.26
  81.19   11.66   -0.78
  81.19   11.66   -0.83
  81.15   11.67   -0.33
  81.15   11.67   -1.20
  81.15   11.67    0.94
  81.15   11.67   -0.14
  81.08   11.69   -0.60
  81.08   11.69   -0.50
  81.08   11.69   -0.27
  81.04   11.70   -0.42
  81.04   11.70   -0.19
  80.97   11.72   -0.50
  80.79   11.76    0.13
  80.75   11.77    1.17
  80.75   11.77    0.18
  80.75   11.77    0.05
  80.72   11.78    0.22
  80.72   11.78   -0.34
  80.72   11.78    0.22
  80.68   11.79   -0.97
  80.42   11.84   -0.82
  80.39   11.85   -0.28
  80.35   11.86   -0.38
  80.31   11.87   -0.13
  80.31   11.87   -0.76
  80.20   11.89   -0.32
  80.20   11.89   -0.27
  80.13   11.91   -0.23
  80.13   11.91   -0.69
  80.05   11.92   -0.26
  80.05   11.92   -0.28
  80.05   11.92   -0.57
  79.34   12.06   -0.79
  79.00   12.12   -0.38
  79.00   12.12   -0.96
  79.00   12.12   -1.10
  78.57   12.18   -0.33
  78.53   12.19   -0.97
  78.53   12.19   -0.49
  78.50   12.19   -0.12
  78.50   12.19   -0.49
  78.30   12.22   -0.77
  78.26   12.23   -0.67
  78.26   12.23   -0.48
  78.22   12.23   -0.55
  78.22   12.23   -1.08
  78.22   12.23   -0.20
  78.19   12.24   -0.25
  78.19   12.24    0.13
  78.19   12.24   -0.18
  78.15   12.25   -1.01
  78.15   12.25   -0.25
  78.15   12.25    0.26
  78.11   12.25    0.32
  78.03   12.26   -0.74
  78.03   12.26   -1.09
  78.03   12.26   -0.98
  78.03   12.26   -0.84
  77.99   12.27   -0.68
  77.99   12.27   -0.59
  77.87   12.28   -0.66
  77.83   12.29   -0.69
  77.72   12.30   -0.10
  77.72   12.30   -0.35
  77.72   12.30   -0.54
  77.56   12.32   -0.35
  77.52   12.33   -0.05
  77.44   12.34   -0.34
  76.33    8.56    0.43
  76.23    8.65    0.67
  81.09    7.43   -0.73
  79.66    9.42   -1.06
  79.66    9.42   -0.63
  79.31    9.62   -0.45
  79.29    9.64   -0.49
  79.29    9.64    0.02
  79.26    9.65    0.47
  79.26    9.65    0.61
  79.24    9.66   -0.21
  79.21    9.68   -0.15
  79.21    9.68   -0.87
  79.21    9.68   -1.09
  79.19    9.69   -0.68
  79.09    9.74   -0.12
  78.85    9.85    0.02
  78.80    9.88    0.25
  78.77    9.89   -0.05
  78.75    9.90   -0.16
  78.45   10.03   -0.77
  78.39   10.05   -0.42
  78.39   10.05   -0.25
  78.33   10.08   -0.45
  83.46   12.67   -0.47
  82.99   12.65   -0.17
  82.65   12.64   -0.44
  82.43   12.64   -0.22
  82.39   12.64   -0.29
  81.40   12.61   -0.37
  81.32   12.61   -1.10
  81.28   12.61   -0.48
  81.28   12.61   -0.21
  81.10   12.61   -0.63
  80.97   12.60   -0.18
  80.93   12.60   -0.72
  80.93   12.60   -0.55
  80.63   12.60   -0.70
  80.37   12.59   -0.44
  80.07   12.59   -0.46
  80.03   12.59   -0.22
  79.94   12.59   -0.71
  79.42   12.58   -0.14
  79.34   12.58   -0.01
  79.17   12.57   -0.99
  79.04   12.57   -0.31
  79.04   12.57   -0.98
  78.99   12.57    0.26
  78.99   12.57   -0.58
  78.95   12.57   -0.23
  78.95   12.57   -0.27
  78.95   12.57   -0.12
  78.86   12.57   -0.67
  78.69   12.57   -0.44
  78.65   12.57   -0.41
  78.35   12.56   -0.23
  78.35   12.56    0.00
  78.26   12.56   -0.46
  78.17   12.56   -0.22
  78.17   12.56   -0.49
  78.17   12.56    0.32
  78.13   12.56   -0.22
  78.13   12.56   -0.91
  78.13   12.56    0.31
  78.09   12.56   -0.56
  78.09   12.56   -0.53
  78.05   12.56   -0.12
  78.05   12.56   -1.09
  78.05   12.56   -0.67
  78.05   12.56   -1.01
  78.00   12.56    0.05
  77.96   12.56   -0.62
  77.92   12.56    0.09
  77.87   12.56   -0.84
  77.83   12.56    0.35
  77.83   12.56    1.00
  77.79   12.56    0.07
  77.74   12.56   -0.37
  77.74   12.56   -1.06
  77.74   12.56    0.25
  77.70   12.56   -0.70
  77.66   12.56   -0.60
  77.66   12.56   -0.65
  77.66   12.56   -0.72
  77.61   12.56    0.17
  77.61   12.56   -0.71
  77.57   12.55   -0.20
  77.57   12.55   -0.41
  77.57   12.55   -0.20
  77.53   12.55   -0.20
  77.53   12.55   -0.42
  77.53   12.55   -0.25
  77.48   12.55    0.01
  77.48   12.55   -0.40
  77.44   12.55    0.36
  77.40   12.55   -0.80
  77.35   12.55   -0.53
  77.31   12.55   -0.76
  77.31   12.55   -0.59
  77.27   12.55   -0.32
  77.23   12.55    0.16
  77.23   12.55   -0.13
  77.18   12.55   -0.09
  77.14   12.55   -0.07
  77.05   12.55    0.14
  77.05   12.55   -0.07
  77.05   12.55   -0.64
  77.01   12.55   -0.17
  77.01   12.55   -0.45
  76.97   12.55   -0.66
  76.97   12.55   -0.11
  76.97   12.55   -0.55
  76.92   12.55   -0.26
  80.21    7.67   -0.05
  80.21    7.67   -0.18
  78.70    8.65   -0.74
  78.49    8.74   -0.19
  78.44    8.76   -0.10
  78.41    8.77   -0.05
  78.30    8.82   -0.69
  78.30    8.82   -0.33
  78.27    8.83    0.08
  78.27    8.83   -0.44
  78.22    8.85   -0.38
  78.22    8.85   -0.31
  78.22    8.85    0.14
  78.19    8.86   -0.57
  78.19    8.86   -0.53
  78.13    8.88   -0.59
  77.90    8.97   -0.59
  77.88    8.98   -0.70
  77.88    8.98   -0.37
  77.86    8.99   -1.13
  77.86    8.99   -0.31
  77.38    9.15    0.47
  76.49    9.40    0.31
  76.23    9.47    0.79
  75.82    9.56    0.37
  75.68    9.60    0.25
  75.55    9.63    0.28
  75.55    9.63    0.01
  78.36   11.03   -0.49
  77.57   11.07   -0.59
  77.35   11.08   -0.48
  77.30   11.08   -0.92
  77.30   11.08   -0.71
  77.30   11.08   -0.46
  77.30   11.08   -0.51
  77.21   11.09   -0.61
  77.21   11.09   -0.97
  77.21   11.09   -0.75
  77.17   11.09   -0.31
  77.13   11.09   -0.57
  76.95   11.10   -0.65
  76.90   11.10   -0.18
  76.90   11.10   -0.80
  76.86   11.10   -1.03
  76.86   11.10   -0.90
  76.81   11.11   -0.39
  76.73   11.11   -0.57
  76.68   11.11   -0.59
  76.68   11.11   -0.77
  76.64   11.11   -0.57
  76.64   11.11   -0.71
  76.59   11.12   -1.01
  76.59   11.12   -0.62
  76.59   11.12   -0.05
  76.55   11.12   -0.99
  76.55   11.12   -0.56
  76.46   11.12   -0.43
  76.46   11.12   -0.58
  76.46   11.12   -1.12
  76.42   11.12   -0.31
  76.42   11.12   -0.63
  76.37   11.13   -0.44
  76.33   11.13   -0.39
  76.33   11.13    0.04
  76.33   11.13   -0.21
  76.28   11.13    0.15
  76.28   11.13   -0.44
  76.28   11.13   -0.07
  76.24   11.13   -0.39
  76.24   11.13   -0.68
  76.19   11.13   -0.75
  76.19   11.13    0.14
  76.19   11.13   -0.33
  76.15   11.13    0.24
  76.15   11.13   -0.55
  76.10   11.14   -0.12
  76.10   11.14   -0.66
  76.06   11.14   -0.03
  76.06   11.14   -0.29
  76.02   11.14    0.33
  76.02   11.14   -0.43
  75.97   11.14   -0.48
  75.97   11.14   -0.36
  75.93   11.14   -0.69
  75.93   11.14   -0.53
  75.88   11.15    0.43
  75.88   11.15   -0.71
  75.62   11.16   -0.49
  75.57   11.16   -0.50
  75.48   11.16   -0.18
  75.44   11.16    0.32
  75.44   11.16   -0.46
  75.39   11.16   -0.11
  75.26   11.17   -0.04
  75.08   11.17   -0.09
  79.42    7.19    0.84
  79.42    7.19    0.61
  71.86   17.76   -0.54
  71.86   17.76   -0.68
  73.11   17.79   -0.84
  73.20   17.79   -0.43
  73.23   17.79    0.00
  73.39   17.79   -0.69
  73.77   17.80   -0.26
  73.80   17.80   -0.90
  74.02   17.81   -0.70
  74.21   17.82   -1.08
  74.24   17.82   -0.53
  75.14   17.84   -0.86
  75.23   17.85   -0.11
  75.23   17.85   -0.70
  75.23   17.85   -0.71
  75.29   17.85   -0.64
  75.51   17.85   -0.72
  75.70   17.86   -0.69
  75.73   17.86   -0.69
  75.82   17.86   -0.49
  75.91   17.87   -0.45
  75.91   17.87   -1.15
  75.91   17.87    0.22
  75.94   17.87   -0.23
  75.94   17.87    0.57
  76.28   17.88   -0.68
  76.40   17.89   -0.02
  76.67   17.90   -1.04
  76.73   17.90   -0.37
  76.73   17.90   -0.76
  76.73   17.90   -0.76
  76.76   17.90   -0.37
  76.76   17.90   -0.82
  76.76   17.90   -0.75
  76.86   17.90   -0.48
  76.86   17.90   -0.38
  76.95   17.91   -0.72
  77.07   17.91   -0.33
  77.10   17.91   -0.34
  77.13   17.91   -0.56
  77.16   17.92   -0.65
  77.16   17.92   -1.00
  77.28   17.92   -0.53
  77.31   17.92   -0.82
  77.34   17.92   -0.45
  77.37   17.93   -0.78
  77.37   17.93   -0.44
  77.37   17.93   -0.46
  77.40   17.93   -0.66
  77.43   17.93   -0.81
  77.43   17.93   -0.17
  77.52   17.93   -0.56
  77.58   17.93   -0.49
  78.00   17.95   -0.21
  78.00   17.95   -0.78
  78.03   17.96   -1.04
  78.06   17.96   -0.81
  78.06   17.96   -0.54
  78.06   17.96    0.25
  78.09   17.96   -0.26
  78.09   17.96   -0.48
  78.09   17.96   -0.24
  78.15   17.96   -0.49
  78.33   17.97   -0.80
  78.33   17.97   -0.98
  78.33   17.97   -0.95
  78.39   17.97   -0.64
  78.62   17.99   -0.49
  71.92   17.03   -0.58
  73.14   17.05   -0.19
  73.22   17.05   -0.18
  73.25   17.05   -0.45
  74.00   17.06   -0.35
  74.11   17.06   -0.34
  74.11   17.06   -0.19
  74.57   17.07   -0.10
  74.65   17.07   -0.75
  74.80   17.07   -0.53
  75.53   17.09   -0.38
  76.42   17.11   -0.82
  76.45   17.11   -0.71
  76.48   17.11    0.07
  76.51   17.11   -0.75
  76.53   17.11   -0.63
  76.59   17.11   -0.52
  76.73   17.11   -0.73
  76.95   17.12    1.10
  76.95   17.12   -0.02
  76.95   17.12   -0.41
  76.98   17.12    0.77
  76.98   17.12   -0.54
  76.98   17.12    0.02
  77.00   17.12   -0.47
  77.00   17.12   -1.21
  77.03   17.12    0.03
  77.03   17.12   -0.78
  77.03   17.12   -1.00
  77.06   17.12   -0.47
  77.09   17.12   -0.45
  77.09   17.12   -0.26
  77.20   17.12   -0.96
  77.53   17.13    0.04
  77.55   17.13   -0.43
  77.55   17.13   -0.35
  77.55   17.13   -1.07
  77.61   17.13   -0.37
  77.61   17.13   -0.65
  77.64   17.14   -1.12
  77.64   17.14   -0.80
  77.66   17.14   -0.33
  77.66   17.14    0.14
  79.13   17.18   -0.06
  81.81   17.31   -0.88
  81.81   17.31    0.00
  82.89   17.39   -0.63
  82.94   17.39   -0.95
  78.83   15.98   -0.91
  78.83   15.98   -0.90
  78.92   15.98    0.33
  79.46   15.96   -0.92
  79.46   15.96   -0.51
  79.53   15.96   -0.59
  79.53   15.96   -0.85
  80.07   15.95   -0.83
  80.09   15.95   -0.73
  80.16   15.95   -0.18
  80.39   15.94   -0.52
  80.60   15.93   -0.76
  80.62   15.93   -0.72
  80.62   15.93   -0.88
  80.62   15.93   -1.03
  80.80   15.93   -0.36
  77.46   17.07   -0.60
  77.89   17.10   -1.14
  77.92   17.11    0.06
  77.94   17.11   -0.21
  77.94   17.11   -0.35
  78.72   17.17   -0.79
  79.97   17.31   -0.30
  76.38   17.92   -0.29
  75.78   17.71   -1.21
  76.70   17.83   -0.85
  76.70   17.83   -0.90
  77.46   16.69   -0.67
  77.49   16.70   -0.15
  77.53   16.70   -0.22
  77.58   16.71   -0.50
  77.65   16.72   -0.10
  77.69   16.73   -0.25
  78.16   16.80   -0.32
  72.44   16.05   -0.07
  75.24   16.55   -0.38
  79.66   13.59   -0.50
  79.91   13.59   -1.02
  79.91   13.59   -1.07
  79.93   13.58   -0.22
  79.93   13.58   -0.91
  78.29   13.13   -1.02
  78.32   13.13   -0.42
  78.91   13.12    0.14
  78.97   13.12    0.64
  78.97   13.12   -0.11
  78.99   13.12   -0.72
  78.99   13.12   -0.56
  79.00   13.12   -1.00
  79.00   13.12   -0.81
  79.70   13.10   -0.28
  79.71   13.10   -0.60
  79.73   13.10   -0.95
  79.74   13.10   -0.72
  79.76   13.10   -0.47
  79.77   13.10   -0.75
  79.79   13.10   -0.90
  75.80   12.33    0.13
  76.02   12.34   -0.38
  76.99   12.36   -0.85
  77.14   12.36   -0.29
  77.19   12.36   -0.10
  77.28   12.37   -0.20
  77.29   12.37   -0.65
  77.29   12.37   -0.58
  77.31   12.37   -0.76
  77.45   12.37   -0.52
  77.48   12.37   -0.70
  77.51   12.37   -0.16
  77.56   12.37   -0.34
  77.63   12.38   -0.08
  77.66   12.38   -0.10
  77.73   12.38    0.30
  79.83   12.45    0.13
  79.85   12.45    0.35
  79.92   12.45   -0.17
  80.63   12.48    0.21
  78.30   11.69   -0.36
  82.42   11.80   -0.74
  75.24   10.34   -0.23
  75.24   10.34   -0.66
  75.24   10.34    0.43
  75.32   10.34   -0.62
  75.33   10.34   -0.52
  75.61   10.34    0.33
  75.63   10.34    0.44
  75.90   10.34    0.02
  76.63   10.34   -0.34
  76.78   10.33   -0.15
  77.05   10.33   -0.46
  78.31   10.33   -0.41
  75.01   10.39   -0.67
  75.36   10.43   -0.69
  75.38   10.43   -0.71
  75.70   10.47   -0.83
  75.70   10.47   -0.96
  75.81   10.49   -0.75
  75.85   10.50   -1.01
  76.32   10.56   -0.74
  76.82   10.63   -0.19
  76.85   10.64   -0.89
  77.15   10.69   -0.64
  77.32   10.72   -0.65
  77.42   10.73   -0.57
  77.42   10.73   -0.37
  77.43   10.74    0.24
  77.44   10.74   -0.31
  77.47   10.74   -0.04
  77.47   10.74   -0.02
  77.50   10.75   -0.12
  77.51   10.75   -0.66
  77.52   10.75   -0.65
  77.60   10.76   -0.26
  77.95   10.83   -0.96
  73.11    8.75    0.30
  73.13    8.75   -0.05
  73.13    8.75    0.27
  73.17    8.76   -0.23
  73.17    8.76    0.53
  73.21    8.76    0.60
  73.21    8.76   -0.93
  73.23    8.76   -0.36
  73.25    8.76   -0.62
  73.27    8.76   -0.80
  73.29    8.76   -0.20
  73.31    8.76   -0.46
  73.33    8.76    0.16
  73.33    8.76    0.73
  73.35    8.77   -0.89
  73.35    8.77   -0.28
  73.35    8.77   -0.25
  73.37    8.77   -0.12
  73.37    8.77    0.03
  73.37    8.77   -0.84
  73.39    8.77   -0.21
  73.39    8.77   -0.37
  73.42    8.77   -0.37
  73.42    8.77   -0.41
  73.44    8.77    1.21
  73.44    8.77    0.26
  73.46    8.77   -0.18
  73.48    8.77   -0.98
  73.48    8.77   -0.87
  73.50    8.77   -0.33
  73.50    8.77   -0.51
  73.50    8.77   -0.64
  73.52    8.78   -0.33
  73.52    8.78    0.10
  73.54    8.78    0.12
  73.54    8.78    0.75
  73.64    8.78   -0.50
  73.66    8.78   -0.54
  73.66    8.78    0.09
  73.79    8.79   -0.92
  73.83    8.79    0.43
  73.87    8.80   -0.43
  73.89    8.80    0.03
  73.91    8.80    0.06
  73.98    8.80   -0.23
  74.00    8.80   -0.25
  74.10    8.81   -0.01
  74.12    8.81    0.19
  74.14    8.81   -0.65
  74.16    8.81   -0.09
  74.18    8.82   -0.57
  74.21    8.82   -0.48
  74.31    8.82   -0.51
  74.33    8.83   -0.44
  74.35    8.83   -0.10
  74.37    8.83   -0.04
  74.39    8.83    0.08
  74.44    8.83   -0.30
  74.46    8.83    0.01
  74.46    8.83   -0.51
  74.46    8.83    0.47
  74.48    8.83   -0.08
  74.50    8.84   -0.70
  74.50    8.84    0.30
  74.50    8.84   -0.28
  74.52    8.84   -0.32
  74.52    8.84   -0.36
  74.54    8.84   -1.12
  74.54    8.84   -0.07
  74.54    8.84   -0.94
  74.56    8.84   -0.58
  74.56    8.84    0.91
  74.56    8.84   -0.36
  74.58    8.84   -0.30
  74.60    8.84   -1.07
  74.65    8.85   -0.66
  74.65    8.85   -1.08
  74.65    8.85    0.35
  74.67    8.85   -0.84
  74.67    8.85    0.05
  74.67    8.85    0.03
  74.69    8.85   -0.27
  74.69    8.85    0.07
  74.75    8.85   -0.92
  74.79    8.86   -0.65
  74.82    8.86   -0.15
  74.82    8.86    0.58
  74.84    8.86    0.46
  74.84    8.86    0.86
  74.86    8.86    0.54
  74.86    8.86   -0.44
  74.86    8.86    0.52
  74.88    8.86   -0.45
  74.88    8.86   -0.56
  74.88    8.86   -0.47
  74.88    8.86   -0.05
  74.88    8.86   -0.54
  74.90    8.86   -0.95
  74.90    8.86   -0.42
  74.90    8.86   -0.23
  74.92    8.86   -0.74
  74.92    8.86   -0.66
  74.92    8.86   -0.85
  74.96    8.87   -0.39
  74.96    8.87   -0.53
  74.96    8.87   -0.27
  74.98    8.87   -0.20
  74.98    8.87   -0.44
  75.01    8.87   -0.88
  75.01    8.87   -0.59
  75.01    8.87   -0.17
  75.03    8.87   -0.54
  75.03    8.87   -0.69
  75.05    8.87   -0.07
  75.05    8.87   -0.91
  75.07    8.88   -0.31
  75.07    8.88    0.93
  75.09    8.88    0.43
  75.11    8.88   -0.51
  75.11    8.88   -0.01
  75.11    8.88    0.90
  75.15    8.88   -0.36
  75.15    8.88   -0.27
  75.15    8.88   -0.68
  75.18    8.88   -0.52
  75.18    8.88   -0.59
  75.18    8.88    0.54
  75.22    8.89    0.41
  75.22    8.89   -0.65
  75.22    8.89    0.20
  75.24    8.89    0.81
  75.30    8.89    0.23
  75.30    8.89    0.18
  75.30    8.89   -0.75
  75.32    8.89    0.13
  75.35    8.90    0.52
  75.37    8.90   -0.03
  75.39    8.90   -0.73
  75.39    8.90   -0.30
  75.41    8.90   -0.14
  75.43    8.90   -0.62
  75.45    8.90   -0.45
  75.45    8.90   -0.19
  75.45    8.90   -0.57
  75.45    8.90   -0.31
  75.47    8.91    0.52
  75.47    8.91   -0.58
  75.47    8.91   -0.74
  75.52    8.91   -0.94
  75.54    8.91   -0.20
  75.54    8.91   -0.72
  75.54    8.91   -0.91
  75.56    8.91   -0.81
  75.56    8.91    0.04
  75.58    8.91    0.65
  75.58    8.91    1.86
  75.60    8.91   -0.20
  75.60    8.91   -0.24
  75.66    8.92   -0.50
  75.69    8.92    1.46
  75.71    8.92    0.38
  75.73    8.92   -1.20
  75.73    8.92   -0.39
  75.73    8.92    0.04
  75.75    8.93   -0.39
  75.75    8.93   -0.78
  75.79    8.93   -0.12
  75.79    8.93   -0.98
  75.81    8.93   -0.37
  75.84    8.93   -0.56
  75.84    8.93    0.40
  75.86    8.94   -0.29
  75.86    8.94    0.29
  75.88    8.94   -0.57
  75.88    8.94    0.57
  75.90    8.94   -0.65
  75.92    8.94   -0.57
  75.94    8.94   -0.29
  75.94    8.94   -1.16
  75.94    8.94   -0.84
  75.94    8.94   -0.72
  75.99    8.95   -0.62
  76.01    8.95   -0.23
  76.01    8.95   -0.47
  76.03    8.95   -1.04
  76.03    8.95   -0.66
  76.03    8.95    0.29
  76.05    8.95    0.58
  76.09    8.95    0.46
  76.09    8.95   -0.10
  76.09    8.95   -0.02
  76.09    8.95    0.66
  76.11    8.96    0.21
  76.11    8.96   -0.37
  76.11    8.96   -0.28
  76.14    8.96   -0.19
  76.14    8.96   -0.86
  76.14    8.96   -0.48
  76.16    8.96    0.71
  76.18    8.96   -0.20
  76.20    8.96   -0.44
  76.22    8.97   -0.42
  76.24    8.97    0.46
  76.27    8.97    0.07
  76.27    8.97   -0.14
  76.31    8.97    0.58
  76.31    8.97   -0.27
  76.35    8.98   -0.81
  76.35    8.98    0.42
  76.44    8.98   -0.79
  76.46    8.99   -0.99
  76.50    8.99   -0.57
  76.57    8.99   -0.96
  76.70    9.01    0.35
  76.72    9.01   -0.86
  76.76    9.01   -0.48
  76.78    9.01    0.15
  76.78    9.01   -0.92
  76.85    9.02   -0.53
  76.85    9.02    0.16
  76.91    9.03   -0.34
  76.93    9.03   -0.70
  76.93    9.03   -0.61
  76.98    9.03   -0.95
  77.02    9.04   -0.67
  77.02    9.04   -0.58
  77.04    9.04   -0.79
  77.09    9.04    0.10
  77.26    9.06    0.10
  77.43    9.08   -0.75
  77.52    9.09   -0.46
  77.63    9.10   -0.41
  77.76    9.11    0.06
  77.96    9.13   -0.81
  77.96    9.13   -0.26
  77.98    9.14   -0.83
  78.09    9.15   -0.65
  78.16    9.16    0.12
  78.16    9.16   -0.58
  78.18    9.16   -0.65
  78.18    9.16   -0.13
  78.20    9.16    0.42
  78.22    9.16   -0.36
  78.33    9.18   -0.45
  78.33    9.18   -1.11
  78.35    9.18   -0.55
  78.37    9.18   -0.50
  78.42    9.19    0.47
  79.06    9.27   -0.35
  79.10    9.28   -0.83
  79.23    9.30   -0.53
  79.30    9.30    0.04
  79.94    9.40   -1.04
  80.29    9.46   -0.03
  80.29    9.46   -0.10
  80.31    9.47   -0.88
  80.31    9.47   -0.66
  80.36    9.48    0.31
  80.64    9.53   -0.59
  80.64    9.53   -0.89
  80.67    9.53   -0.23
  80.69    9.54   -0.31
  81.00    9.60   -0.41
  81.00    9.60   -0.53
  81.74    9.77    0.47
  81.76    9.78   -0.63
  81.80    9.79   -0.26
  81.82    9.80   -0.55
  81.85    9.80   -0.80
  83.04   10.19    0.17
  83.04   10.19   -0.78
  83.08   10.20    0.11
  83.08   10.20    0.06
  83.16   10.23   -0.43
  83.83   10.54    0.16
  83.85   10.55   -0.26
  83.85   10.55   -0.12
  83.87   10.56   -0.19
  83.93   10.60    0.03
  83.94   10.61   -0.86
  84.52   16.68   -0.90
  83.46   17.30    0.05
  83.17   17.42   -0.70
  83.15   17.43   -0.97
  82.33   17.72   -0.69
  82.30   17.73   -1.15
  82.30   17.73   -0.34
  81.94   17.83   -0.63
  81.80   17.87   -0.67
  81.78   17.88   -0.52
  81.70   17.90   -0.64
  77.71    7.78   -0.14
  77.97    7.79   -0.38
  78.58    7.81   -0.55
  80.20    7.87   -0.97
  80.20    7.87   -1.02
  81.60    7.94   -0.59
  82.60    8.02   -0.79
  82.60    8.02   -0.33
  82.60    8.02   -0.74
  77.12   14.05   -1.05
  77.10   14.13   -0.90
  72.27   17.86   -0.60
  72.27   17.86   -0.63
  74.59   10.65   -0.76
  74.61   10.65   -0.84
  74.74   10.74   -0.74
  74.98   10.89   -0.98
  75.33   11.17   -1.03
  75.34   11.18   -0.50
  75.46   11.29   -0.86
  75.49   11.32   -0.69
  75.50   11.34   -0.41
  75.51   11.35   -0.56
  75.54   11.39   -0.88
  75.57   11.42   -0.70
  75.57   11.42   -0.78
  75.57   11.42   -1.09
  75.57   11.42   -0.52
  75.58   11.43   -0.82
  75.59   11.45   -0.89
  75.59   11.45   -0.67
  75.61   11.47   -1.01
  75.61   11.47   -0.70
  75.61   11.47   -0.78
  75.67   11.54   -0.88
  73.38    8.87   -0.76
  73.38    8.87   -0.98
  73.51    8.90   -0.84
  73.51    8.90   -0.89
  73.58    8.92   -0.18
  73.58    8.92   -1.07
  73.58    8.92   -0.92
  73.61    8.93   -0.26
  73.63    8.93   -0.87
  73.63    8.93   -0.79
  73.68    8.94   -0.84
  73.68    8.94   -0.33
  73.68    8.94   -0.29
  73.71    8.95   -0.77
  73.79    8.97   -0.47
  73.84    8.98   -0.69
  73.84    8.98   -0.58
  73.94    9.01   -0.81
  74.11    9.06   -0.97
  74.11    9.06   -0.82
  74.11    9.06   -0.67
  74.57    9.19   -0.59
  74.62    9.21   -0.90
  74.77    9.25   -0.73
  74.77    9.25   -0.76
  74.77    9.25   -0.76
  74.84    9.28   -0.56
  74.86    9.28   -1.05
  74.88    9.29   -0.95
  74.88    9.29   -0.33
  74.88    9.29   -0.06
  74.91    9.30   -1.16
  74.91    9.30   -0.72
  74.93    9.31   -0.97
  74.93    9.31   -1.08
  74.95    9.32   -0.95
  74.98    9.32   -0.91
  74.98    9.32   -0.73
  75.00    9.33   -0.72
  75.00    9.33   -0.39
  75.00    9.33   -0.65
  75.00    9.33   -0.51
  75.00    9.33   -0.42
  75.02    9.34   -0.86
  75.02    9.34   -0.81
  75.05    9.35   -1.02
  75.12    9.37   -0.86
  75.12    9.37   -0.64
  75.50    9.51   -0.98
  75.59    9.54   -1.11
  75.78    9.62   -0.83
  75.80    9.63   -0.63
  75.80    9.63   -0.00
  75.84    9.65   -0.66
  75.86    9.66   -0.16
  75.86    9.66   -0.93
  75.86    9.66   -0.57
  75.86    9.66   -0.06
  75.89    9.66    0.48
  75.89    9.66    0.10
  75.89    9.66    0.19
  75.91    9.67   -0.02
  75.91    9.67   -0.96
  75.93    9.68   -0.72
  75.93    9.68   -1.13
  75.95    9.69   -0.68
  75.97    9.70   -1.00
  75.99    9.71   -0.96
  76.01    9.72   -0.22
  76.03    9.73   -0.50
  76.11    9.76   -0.81
  76.17    9.79   -0.89
  76.33    9.87   -0.13
  76.33    9.87   -0.16
  76.35    9.88   -1.09
  76.43    9.92   -0.09
  76.45    9.93    0.24
  76.45    9.93    0.67
  76.45    9.93    0.86
  76.47    9.94    0.15
  76.47    9.94   -0.51
  76.48    9.95    0.19
  76.48    9.95   -0.96
  76.48    9.95   -1.09
  76.50    9.95   -0.43
  76.54    9.97   -0.66
  76.54    9.97   -0.89
  76.54    9.97   -0.50
  76.58    9.99    0.07
  76.61   10.01   -0.60
  76.61   10.01   -0.56
  76.61   10.01   -0.40
  76.61   10.01   -0.23
  76.63   10.02   -0.90
  76.63   10.02   -0.33
  76.63   10.02   -0.57
  76.63   10.02   -0.01
  76.65   10.03   -0.49
  76.65   10.03   -0.82
  76.65   10.03   -0.43
  76.67   10.04    0.25
  76.67   10.04    0.14
  76.67   10.04    0.52
  76.69   10.05   -0.53
  76.71   10.06   -0.06
  76.71   10.06    0.65
  76.71   10.06   -1.04
  76.72   10.07   -0.64
  76.72   10.07   -0.12
  76.72   10.07    0.43
  76.72   10.07    0.19
  76.74   10.09   -0.25
  76.74   10.09   -1.15
  76.76   10.10   -0.29
  76.76   10.10   -0.45
  76.76   10.10   -0.67
  76.78   10.11   -0.47
  76.78   10.11    0.61
  76.79   10.12   -0.50
  76.79   10.12   -0.60
  76.86   10.16   -0.10
  76.86   10.16   -0.10
  76.88   10.17   -0.34
  76.88   10.17   -1.06
  76.88   10.17   -0.54
  76.93   10.20   -0.87
  76.98   10.23   -0.66
  77.00   10.24   -0.68
  77.03   10.26   -0.07
  77.05   10.27   -0.75
  77.05   10.27   -0.45
  77.06   10.28   -0.54
  77.13   10.33   -1.04
  77.14   10.34   -0.80
  77.14   10.34   -1.03
  77.14   10.34   -0.73
  77.14   10.34   -0.62
  77.16   10.35   -0.67
  77.16   10.35   -1.07
  77.16   10.35   -0.85
  77.17   10.36   -1.03
  77.19   10.37   -0.74
  77.19   10.37   -0.05
  77.20   10.38   -0.80
  77.20   10.38   -0.97
  77.31   10.46   -0.32
  77.32   10.47   -0.95
  77.34   10.48   -0.60
  77.34   10.48   -0.56
  77.35   10.49   -1.03
  77.62   10.73   -0.94
  77.65   10.76   -1.12
  77.67   10.77   -1.04
  77.67   10.77   -0.93
  77.71   10.82   -1.03
  77.77   10.88   -0.84
  77.82   10.95   -0.72
  77.93   11.09   -0.93
  78.01   11.22   -0.67
  78.02   11.24   -0.09
  78.02   11.24   -0.28
  78.09   11.38   -0.97
  78.13   11.47   -1.01
  78.13   11.47   -0.96
  78.21   12.14   -0.67
  78.21   12.17   -0.38
  78.21   12.18   -0.68
  78.18   12.29   -0.73
  78.18   12.30   -0.90
  78.18   12.30   -0.73
  78.18   12.30   -0.75
  78.18   12.32   -0.79
  78.18   12.32   -0.70
  78.18   12.32   -0.56
  77.89   12.89   -0.64
  77.86   12.93   -0.38
  77.78   13.02   -0.48
  77.78   13.02   -0.41
  76.53    9.10   -0.61
  76.53    9.10   -1.02
  76.53    9.10   -1.24
  76.55    9.10   -1.09
  76.58    9.11   -0.99
  77.21    9.33   -0.07
  77.21    9.33   -0.75
  77.27    9.35   -0.73
  78.90   13.78   -0.79
  78.88   13.79   -0.40
  78.88   13.79   -0.65
  78.88   13.79   -1.04
  78.87   13.80   -1.07
  78.87   13.80   -1.05
  75.58   15.12   -0.43
  75.58   15.12   -0.57
  75.55   15.13   -0.78
  75.55   15.13   -0.67
  75.55   15.13   -1.07
  75.06   15.25   -0.97
  81.43    6.59   -1.06
  81.47    6.60   -0.70
  72.75    9.00   -0.78
  73.06    9.10   -0.46
  73.25    9.17   -0.93
  73.41    9.23   -1.09
  73.41    9.23   -0.82
  73.41    9.23   -1.06
  73.43    9.24   -0.80
  73.43    9.24   -0.80
  73.45    9.25   -0.39
  73.47    9.26   -0.56
  73.78    9.38   -1.07
  73.85    9.41   -0.25
  73.97    9.46   -0.39
  74.01    9.48   -0.74
  74.01    9.48   -0.54
  74.02    9.48   -0.96
  74.02    9.48   -0.66
  74.04    9.49   -0.81
  74.06    9.50   -0.91
  74.06    9.50   -0.73
  74.06    9.50   -0.46
  74.06    9.50   -0.16
  74.06    9.50   -0.91
  74.06    9.50   -0.82
  74.08    9.51   -0.76
  74.14    9.54   -0.67
  74.14    9.54   -0.27
  74.14    9.54    0.13
  74.15    9.54   -0.80
  74.15    9.54   -0.34
  74.17    9.55   -0.07
  74.17    9.55   -0.28
  74.19    9.56   -1.07
  74.19    9.56   -0.55
  74.21    9.57   -0.81
  74.21    9.57   -0.57
  74.23    9.58   -1.06
  74.23    9.58   -0.96
  74.30    9.61   -0.71
  74.32    9.62   -0.41
  74.35    9.64   -0.09
  74.35    9.64   -0.46
  74.35    9.64   -0.59
  74.37    9.65    0.11
  74.37    9.65   -0.29
  74.37    9.65    0.25
  74.37    9.65   -0.71
  74.39    9.66   -0.37
  74.40    9.67   -0.05
  74.42    9.68   -0.61
  74.42    9.68    0.15
  74.42    9.68   -0.47
  74.42    9.68   -0.29
  74.44    9.69   -0.91
  74.44    9.69   -0.14
  74.45    9.69   -0.15
  74.45    9.69    0.20
  74.45    9.69   -1.05
  74.47    9.70    0.10
  74.47    9.70   -0.36
  74.49    9.71   -0.81
  74.49    9.71   -0.08
  74.51    9.72   -0.85
  74.51    9.72    0.47
  74.51    9.72    0.48
  74.51    9.72   -0.34
  74.52    9.73    0.68
  74.54    9.74   -0.54
  74.54    9.74   -0.95
  74.54    9.74   -0.91
  74.56    9.75   -0.70
  74.56    9.75   -0.72
  74.56    9.75   -0.75
  74.56    9.75   -0.06
  74.61    9.78   -0.83
  74.62    9.79   -0.24
  74.62    9.79   -0.97
  74.64    9.80   -0.63
  74.64    9.80    0.05
  74.67    9.81    0.01
  74.69    9.82   -0.93
  74.69    9.82   -0.39
  74.69    9.82   -0.75
  74.69    9.82   -0.55
  74.70    9.83   -0.73
  74.72    9.84   -0.17
  74.75    9.86   -0.75
  74.75    9.86   -0.32
  74.77    9.87   -0.66
  74.77    9.87   -0.39
  74.77    9.87   -0.63
  74.77    9.87   -0.62
  74.78    9.88   -0.74
  74.78    9.88   -0.97
  74.78    9.88   -0.52
  74.80    9.89   -0.40
  74.80    9.89    0.19
  74.80    9.89   -0.05
  74.81    9.90   -0.93
  74.81    9.90   -0.61
  74.83    9.91   -0.51
  74.84    9.92   -0.34
  74.84    9.92   -0.30
  74.84    9.92   -0.76
  74.84    9.92   -0.50
  74.86    9.93   -0.54
  74.87    9.94   -0.96
  74.90    9.96   -0.52
  74.92    9.97   -0.46
  74.93    9.97   -0.87
  74.95    9.98   -1.11
  74.95    9.98   -1.06
  74.96    9.99   -0.76
  74.98   10.00   -0.57
  74.98   10.00   -1.00
  74.99   10.01   -0.60
  75.03   10.04   -0.53
  75.10   10.09   -1.05
  75.34   10.27   -1.12
  75.57   10.50   -0.75
  75.58   10.51   -1.01
  75.85   10.87   -1.02
  75.88   10.93   -0.68
  75.88   10.94   -1.01
  75.90   10.97   -0.93
  75.93   11.05   -0.36
  75.93   11.05   -0.31
  75.96   11.12   -0.68
  75.96   11.12   -0.60
  75.96   11.13   -0.69
  75.96   11.13   -1.16
  75.97   11.14   -0.48
  75.97   11.17   -0.71
  75.98   11.18   -0.83
  75.99   11.21   -0.99
  75.99   11.21   -0.85
  76.01   11.34   -0.94
  76.01   11.36   -1.00
  76.02   11.54   -1.17
  76.01   11.58   -0.46
  76.01   11.58   -0.48
  76.01   11.58   -1.05
  76.01   11.60   -0.84
  76.01   11.60   -0.75
  75.98   11.79   -0.38
  75.97   11.80   -0.59
  75.95   11.87   -0.81
  75.95   11.87   -0.59
  75.95   11.88   -0.68
  75.95   11.88   -0.68
  75.66   12.37   -0.79
  77.72   10.73   -1.08
  77.76   10.84   -1.00
  75.66    6.41   -0.45
  80.51   16.28   -0.73
  80.51   16.28   -0.66
  80.51   16.28   -0.85
  80.51   16.28   -0.79
  80.47   16.28   -0.51
  80.47   16.28   -1.12
  73.74    8.80   -0.74
  75.70   10.31   -0.92
  75.79   10.54   -1.00
  75.79   10.55   -0.98
  75.79   10.55   -0.83
  75.81   10.65   -0.83
  75.81   10.66   -0.67
  75.81   10.66   -0.70
  75.81   10.67   -0.83
  75.81   10.67   -0.76
  75.81   10.67   -0.89
  75.81   10.68   -0.55
  75.82   10.71   -0.61
  75.82   10.71   -0.98
  75.82   10.72   -0.90
  75.82   10.72   -0.71
  75.82   10.72   -0.85
  75.82   10.85   -0.68
  75.82   10.85   -0.84
  75.82   10.85   -0.86
  75.82   10.85   -0.52
  75.82   10.87   -0.69
  75.82   10.87   -1.05
  75.82   10.87   -1.04
  75.82   10.90   -0.99
  75.82   10.90   -0.82
  75.82   10.93   -1.02
  75.82   10.94   -0.84
  75.82   10.94   -1.21
  75.81   10.95   -0.24
  75.81   10.96   -0.71
  75.81   10.96   -0.75
  75.81   10.97   -0.83
  75.81   10.97   -0.54
  75.81   10.97   -0.49
  75.81   11.01   -1.00
  75.81   11.01   -0.21
  75.81   11.01   -0.35
  75.80   11.02   -0.62
  75.80   11.02   -0.15
  75.79   11.07   -0.91
  75.79   11.08   -0.71
  75.79   11.10   -0.04
  82.31   16.16   -0.95
  82.26   16.17   -0.90
  82.26   16.17   -1.29
  82.26   16.17   -1.14
  82.26   16.17   -0.53
  81.68   16.18   -0.62
  81.68   16.18   -0.66
  81.68   16.18   -0.45
  81.64   16.18    0.78
  81.59   16.18   -0.05
  81.59   16.18    0.11
  81.59   16.18   -0.27
  81.59   16.18   -0.19
  81.55   16.18   -0.64
  81.55   16.18   -0.28
  81.19   16.19   -0.13
  81.19   16.19   -0.75
  81.14   16.19   -0.20
  81.14   16.19   -0.33
  81.10   16.19   -1.00
  81.10   16.19   -0.79
  81.05   16.20   -0.29
  81.01   16.20   -0.57
  81.01   16.20   -0.64
  81.01   16.20   -0.14
  80.96   16.20   -0.53
  80.96   16.20   -0.52
  80.92   16.20   -0.40
  80.92   16.20   -0.67
  80.83   16.20   -0.36
  80.79   16.20   -0.83
  80.61   16.20   -0.42
  80.61   16.20   -0.42
  80.56   16.21    0.15
  80.56   16.21   -1.05
  80.52   16.21   -1.12
  80.47   16.21   -0.72
  80.47   16.21   -1.03
  80.43   16.21   -0.80
  80.38   16.21   -0.19
  80.25   16.21   -0.36
  80.25   16.21   -0.45
  80.25   16.21   -0.49
  80.11   16.21   -0.82
  80.11   16.21   -0.61
  80.07   16.21   -0.58
  80.02   16.21   -0.10
  79.98   16.22    0.02
  79.98   16.22   -0.31
  79.98   16.22    0.08
  79.93   16.22   -0.11
  79.84   16.22   -0.17
  79.84   16.22    0.61
  79.84   16.22   -0.26
  79.80   16.22    0.28
  79.80   16.22   -0.81
  79.80   16.22   -0.59
  79.75   16.22    0.04
  79.75   16.22   -0.54
  79.71   16.22   -0.20
  79.57   16.22   -0.35
  79.53   16.22   -0.70
  79.44   16.22   -0.60
  79.35   16.22   -0.53
  78.45   16.24    0.03
  78.45   16.24   -0.02
  78.41   16.24    0.11
  78.36   16.24   -0.80
  77.47   16.25   -0.34
  76.79   16.25   -0.27
  81.27    8.59   -0.67
  80.89    8.71   -0.69
  80.83    8.73   -0.38
  80.83    8.73   -0.91
  80.83    8.73   -0.97
  80.80    8.74   -0.21
  80.80    8.74    0.14
  80.74    8.76   -0.45
  80.74    8.76   -0.91
  80.72    8.76   -0.38
  80.65    8.78   -0.73
  79.25    9.13   -0.75
  78.76    9.23   -1.06
  78.69    9.24   -0.71
  78.58    9.26   -0.66
  78.53    9.27   -0.49
  78.49    9.28   -0.25
  78.46    9.28   -0.73
  78.18    9.33   -0.76
  78.02    9.36   -0.68
  78.02    9.36   -0.71
  77.97    9.37   -0.50
  77.90    9.38    0.27
  77.88    9.38   -0.71
  77.88    9.38   -0.03
  77.88    9.38   -0.50
  77.85    9.39   -0.07
  77.83    9.39   -0.39
  77.81    9.39   -0.16
  77.81    9.39   -0.51
  77.64    9.42   -0.78
  77.64    9.42   -0.71
  77.60    9.43   -0.74
  77.18    9.49   -0.41
  77.15    9.49   -0.15
  77.13    9.50   -1.25
  77.11    9.50   -0.06
  76.85    9.53   -0.67
  76.36    9.60   -0.58
  76.36    9.60   -0.48
  76.34    9.60   -0.72
  76.34    9.60   -0.85
  76.29    9.61   -0.44
  76.27    9.61   -0.23
  76.27    9.61   -0.20
  76.25    9.61   -0.68
  75.97    9.65   -0.16
  75.94    9.65   -0.48
  79.64   10.97   -0.49
  79.59   10.97    0.16
  79.43   10.97   -0.53
  79.41   10.97   -0.35
  79.36   10.97   -0.13
  79.33   10.97   -0.01
  79.25   10.97   -0.89
  79.23   10.97   -0.72
  79.02   10.97    0.21
  79.00   10.97   -0.25
  79.00   10.97   -0.30
  78.97   10.97   -0.18
  78.89   10.97   -0.50
  78.89   10.97   -0.48
  78.87   10.97   -0.34
  78.87   10.97   -0.67
  78.69   10.97   -0.59
  78.66   10.97   -0.57
  78.51   10.97    0.81
  78.49   10.97   -0.32
  78.46   10.97   -0.37
  78.38   10.97   -0.98
  78.38   10.97   -0.90
  77.53   10.97   -0.77
  77.50   10.97   -0.01
  75.83   10.97   -0.83
  75.81   10.97   -0.47
  75.78   10.97   -0.82
  75.78   10.97   -0.87
  75.71   10.97   -0.44
  75.66   10.97   -0.64
  75.64   10.97   -0.54
  77.57    8.78   -0.89
  77.55    8.78   -0.22
  77.49    7.22   -0.74
  74.59    6.08   -0.16
  74.59    6.08   -0.86
  74.59    6.08   -0.88
  74.38    6.17    0.07
  73.62    6.46   -0.85
  73.59    6.47   -0.26
  73.26    6.58   -0.30
  73.23    6.59    0.12
  73.22    6.59   -0.58
  72.20    6.88   -0.42
  76.20    7.18   -0.84
  76.14    7.20   -0.20
  76.10    7.20   -0.36
  76.10    7.20   -1.08
  76.08    7.21   -0.78
  75.81    7.27   -0.38
  75.81    7.27   -0.13
  75.67    7.30   -1.02
  75.32    7.36   -0.98
  75.15    7.40   -0.59
  75.13    7.40   -0.21
  74.99    7.43   -0.14
  74.99    7.43   -0.83
  74.93    7.44    0.28
  74.55    7.50   -0.35
  74.51    7.51   -0.68
  74.11    7.58   -0.79
  73.74    7.63   -0.43
  73.67    7.64   -0.99
  73.65    7.65   -0.72
  73.59    7.66   -0.13
  73.15    7.72    0.41
  72.83    7.76   -0.73
  72.81    7.76   -1.12
  72.34    7.82   -0.63
  72.24    7.84   -0.49
  72.17    7.85    0.06
  72.13    7.85   -0.68
  72.11    7.85   -0.19
  71.54    7.92   -1.05
  79.75    9.07   -0.36
  78.53    9.09   -0.24
  78.04    9.09   -0.51
  78.04    9.09   -0.67
  78.02    9.09   -0.29
  77.73    9.10   -0.62
  77.48    9.38   -0.85
  75.79    9.35   -0.38
  75.75    9.35    0.01
  75.75    9.35   -0.15
  75.73    9.35   -0.38
  75.71    9.35    1.35
  75.71    9.35   -0.07
  75.71    9.35    0.27
  75.70    9.35    0.50
  75.70    9.35   -0.43
  75.70    9.35   -0.61
  75.68    9.35    0.48
  75.66    9.35   -0.13
  75.66    9.35    0.33
  75.64    9.35   -0.04
  75.64    9.35    0.20
  75.63    9.35   -0.52
  75.61    9.35   -0.62
  75.59    9.35   -0.72
  75.57    9.35   -0.19
  75.56    9.35   -0.37
  75.54    9.35   -0.35
  75.54    9.35    0.57
  75.50    9.35   -0.14
  75.48    9.35   -0.26
  75.48    9.35   -0.85
  75.33    9.34   -0.20
  75.31    9.34   -0.74
  75.31    9.34   -0.67
  75.29    9.34   -1.10
  75.29    9.34   -0.22
  79.99    7.02   -0.35
  79.99    7.02   -0.58
  79.97    7.03   -0.43
  79.20    7.16    0.26
  79.20    7.16   -0.12
  79.18    7.16   -0.35
  79.18    7.16    0.15
  79.16    7.17   -0.21
  79.14    7.17   -0.91
  79.14    7.17   -0.81
  79.11    7.18   -0.26
  79.11    7.18    0.13
  79.09    7.18    0.35
  79.05    7.19   -0.59
  78.99    7.19    0.37
  78.99    7.19    0.02
  77.35    7.41   -0.89
  75.74    7.57   -0.79
