    1000       0
    1002       0
    1003       0
    1004       0
    1005       0
    1006       0
    1007       0
    1008       0
    1009       0
    1010       0
    1011       0
    1012       0
    1013       0
    1014       0
    1015       0
    1016       0
    1017       0
    1018       0
    1019       0
    1020       0
    1021       0
    1022       0
    1023       0
    1024       0
    1025       0
    1026       0
    1027       0
    1028       0
    1029       0
    1030       0
    1031       0
    1032       0
    1033       0
    1034       0
    1035       0
    1036       0
    1037       0
    1038       0
    1039       0
    1040       0
    1041       0
    1042       0
    1043       0
    1044       0
    1045       0
    1046       0
    1047       0
    1048       0
    1049       0
    1050       0
    1051       0
    1052       0
    1054       0
    1055       0
    1056       0
    1057       0
    1058       0
    1059       0
    1061       0
    1062       0
    1063       0
    1064       0
    1065       0
    1066       0
    1067       0
    1068       0
    1069       0
    1070       0
    1071       0
    1073       0
    1074       0
    1075       0
    1076       0
    1077       0
    1079       0
    1080       0
    1081       0
    1082       0
    1083       0
    1084       0
    1085       0
    1086       0
    1087       0
    1088       0
    1089       0
    1090       0
    1091       0
    1092       0
    1093       0
    1095       0
    1096       0
    1097       0
    1098       0
    1099       0
    1100       0
    1101       0
    1102       0
    1103       0
    1104       0
    1105       0
    1106       0
    1107       0
    1108       0
    1109       0
    1110       0
    1111       0
    1113       0
    1114       0
    1115       0
    1116       0
    1117       0
    1115       1
    1116       0
    1117       0
    1118       0
    1119       0
    1120       0
    1121       0
    1122       0
    1123       0
    1124       0
    1125       0
    1126       0
    1127       0
    1128       0
    1129       0
    1130       0
    1131       0
    1132       0
    1133       0
    1134       0
    1135       0
    1136       0
    1137       0
    1138       0
    1139       0
    1140       0
    1140       1
    1140       2
    1141       0
    1142       0
    1143       0
    1144       0
    1145       0
    1146       0
    1147       0
    1148       0
    1150       0
    1151       0
    1152       0
    1153       0
    1154       0
    1155       0
    1156       0
    1157       0
    1158       0
    1160       0
    1161       0
    1162       0
    1164       0
    1165       0
    1166       0
    1168       0
    1169       0
    1170       0
    1172       0
    1173       0
    1174       0
    1175       0
    1176       0
    1177       0
    1178       0
    1179       0
    1180       0
    1181       0
    1182       0
    1183       0
    1184       0
    1185       0
    1186       0
    1187       0
    1188       0
    1189       0
    1190       0
    1191       0
    1192       0
    1193       0
    1194       0
    1195       0
    1196       0
    1197       0
    1198       0
    1199       0
    1200       0
    1201       0
    1203       0
    1204       0
    1205       0
    1206       0
    1207       0
    1208       0
    1209       0
    1210       0
    1211       0
    1212       0
    1213       0
    1214       0
    1215       0
    1216       0
    1217       0
    1218       0
    1219       0
    1220       0
    1222       0
    1224       0
    1225       0
    1226       0
    1227       0
    1228       0
    1229       0
    1230       0
    1231       0
    1232       0
    1234       0
    1235       0
    1236       0
    1236       1
    1237       0
    1238       0
    1239       0
    1240       0
    1241       0
    1242       0
    1243       0
    1244       0
    1245       0
    1246       0
    1247       0
    1248       0
    1249       0
    1250       0
    1251       0
    1256       0
    1257       0
    1258       0
    1259       0
    1260       0
    1261       0
    1263       0
    1264       0
    1265       0
    1266       0
    1267       0
    1268       0
    1270       0
    1271       0
    1272       0
    1273       0
    1274       0
    1275       0
    1276       0
    1277       0
    1278       0
    1279       0
    1280       0
    1280       1
    1281       0
    1282       0
    1283       0
    1284       0
    1285       0
    1286       0
    1287       0
    1287       1
    1288       0
    1289       0
    1290       0
    1291       0
    1292       0
    1293       0
    1294       0
    1295       0
    1296       0
    1297       0
    1298       0
    1299       0
    1299       1
    1300       0
    1301       0
    1302       0
    1303       0
    1303       1
    1304       0
    1304       1
    1305       0
    1306       0
    1307       0
    1308       0
    1309       0
    1310       0
    1311       0
    1312       0
    1313       0
    1315       0
    1316       0
    1317       0
    1318       0
    1319       0
    1320       0
    1321       0
    1322       0
    1323       0
    1324       0
    1325       0
    1326       0
    1327       0
    1328       0
    1329       0
    1330       0
    1331       0
    1332       0
    1333       0
    1334       0
    1335       0
    1336       0
    1337       0
    1338       0
    1339       0
    1340       0
    1341       0
    1342       0
    1343       0
    1344       0
    1345       0
    1346       0
    1347       0
    1348       0
    1349       0
    1350       0
    1351       0
    1352       0
    1353       0
    1354       0
    1355       0
    1356       0
    1357       0
    1358       0
    1359       0
    1360       0
    1361       0
    1362       0
    1363       0
    1364       0
    1365       0
    1366       0
    1367       0
    1368       0
    1369       0
    1370       0
    1371       0
    1372       0
    1373       0
    1374       0
    1375       0
    1376       0
    1377       0
    1378       0
    1379       0
    1380       0
    1381       0
    1382       0
    1383       0
    1384       0
    1385       0
    1386       0
    1386       1
    1387       0
    1389       0
    1390       0
    1391       0
    1392       0
    1393       0
    1394       0
    1395       0
    1396       0
    1397       0
    1398       0
    1399       0
    1400       0
    1401       0
    1402       0
    1403       0
    1404       0
    1405       0
    1406       0
    1407       0
    1408       0
    1409       0
    1410       0
    1411       0
    1412       0
    1413       0
    1414       0
    1416       0
    1417       0
    1418       0
    1419       0
    1420       0
    1421       0
    1422       0
    1423       0
    1424       0
    1425       0
    1426       0
    1427       0
    1428       0
    1429       0
    1430       0
    1431       0
    1432       0
    1433       0
    1437       0
    1438       0
    1439       0
    1440       0
    1441       0
    1443       0
    1444       0
    1447       0
    1448       0
    1449       0
    1450       0
    1451       0
    1452       0
    1453       0
    1454       0
    1455       0
    1456       0
    1457       0
    1458       0
    1459       0
    1460       0
    1461       0
    1462       0
    1463       0
    1464       0
    1465       0
    1466       0
    1467       0
    1468       0
    1469       0
    1470       0
    1471       0
    1472       0
    1473       0
    1474       0
    1475       0
    1477       0
    1478       0
    1479       0
    1480       0
    1481       0
    1482       0
    1483       0
    1484       0
    1485       0
    1486       0
    1487       0
    1487       1
    1487       2
    1488       0
    1488       1
    1488       2
    1489       0
    1490       0
    1491       0
    1492       0
    1494       0
    1495       0
    1497       0
    1498       0
    1499       0
    1500       0
    1501       0
    1502       0
    1503       0
    1504       0
    1505       0
    1506       0
    1506       1
    1507       0
    1508       0
    1509       0
    1510       0
    1511       0
    1512       0
    1513       0
    1514       0
    1515       0
    1515       1
    1516       0
    1516       1
    1516       2
    1516       3
    1516       4
    1516       5
    1517       0
    1518       0
    1519       0
    1520       0
    1521       0
    1522       0
    1523       0
    1525       0
    1526       0
    1527       0
    1528       0
    1529       0
    1530       0
    1532       0
    1533       0
    1534       0
    1535       0
    1536       0
    1538       0
    1539       0
    1540       0
    1542       0
    1543       0
    1544       0
    1545       0
    1545       1
    1546       0
    1555       0
    1556       0
    1557       0
    1558       0
    1558       1
    1559       0
    1560       0
    1561       0
    1562       0
    1563       0
    1564       0
    1565       0
    1565       1
    1566       0
    1567       0
    1568       0
    1569       0
    1570       0
    1571       0
    1572       0
    1573       0
    1574       0
    1575       0
    1576       0
    1577       0
    1578       0
    1579       0
    1580       0
    1581       0
    1582       0
    1583       0
    1584       0
    1585       0
    1586       0
    1587       0
    1588       0
    1589       0
    1590       0
    1591       0
    1592       0
    1593       0
    1594       0
    1595       0
    1596       0
    1597       0
    1598       0
    1599       0
    1600       0
    1601       0
    1700       0
    1701       0
    1702       0
    1703       0
    1703       1
    1704       0
    1705       0
    1706       0
    1707       0
    1708       0
    1709       0
    1710       0
    1711       0
    1711       1
    1712       0
    1713       0
    1714       0
    1715       0
    1716       0
    1717       0
    1718       0
    1719       0
    1720       0
    1721       0
    1722       0
    1723       0
    1724       0
    1725       0
    1726       0
    1727       0
    1728       0
    1729       0
    1730       0
    1730       1
    1730       2
    1730       3
    1730       4
    1731       0
    1732       0
    1733       0
    1734       0
    1735       0
    1736       0
    1737       0
    1738       0
    1738       1
    1739       0
    1740       0
    1741       0
    1741       1
    1742       0
    1743       0
    1744       0
    1745       0
    1746       0
    1747       0
    1748       0
    1755       0
    1756       0
    2200       0
    2201       0
    2202       0
    2203       0
    2204       0
    2205       0
    2206       0
    2207       0
    2208       0
    2209       0
    2210       0
    2211       0
    2212       0
    2213       0
    2214       0
    2215       0
    2216       0
    2217       0
    2218       0
    2219       0
    2220       0
    2221       0
    2222       0
    2223       0
    2224       0
    2225       0
    2226       0
    2227       0
    2228       0
    2229       0
    2230       0
    2231       0
    2232       0
    2233       0
    2234       0
    2235       0
    2236       0
    2237       0
    2238       0
    2239       0
    2240       0
    2241       0
    2242       0
    2243       0
    2244       0
    2245       0
    2246       0
    2247       0
    2248       0
    2249       0
    2250       0
    2251       0
    2252       0
    2255       0
    2256       0
    2257       0
    2258       0
    2259       0
    2260       0
    2261       0
    2262       0
    2263       0
    2264       0
    2265       0
    2266       0
    2267       0
    2268       0
    2269       0
    2270       0
    2271       0
    2272       0
    2273       0
    2274       0
    2275       0
    2277       0
    2278       0
    2279       0
    2280       0
    2280       1
    2281       0
    2282       0
    2283       0
    2284       0
    2286       0
    2287       0
    2288       0
    2289       0
    2290       0
    2291       0
    2292       0
    2293       0
    2294       0
    2295       0
    2296       0
    2299       0
    2300       0
    2301       0
    2302       0
    2303       0
    2304       0
    2305       0
    2306       0
    2307       0
    2308       0
    2309       0
    2310       0
    2311       0
    2312       0
    2313       0
    2314       0
    2315       0
    2316       0
    2317       0
    2318       0
    2319       0
    2320       0
    2321       0
    2322       0
    2323       0
    2324       0
    2325       0
    2326       0
    2327       0
    2328       0
    2329       0
    2330       0
    2331       0
    2332       0
    2333       0
    2334       0
    2335       0
    2336       0
    2337       0
    2338       0
    2339       0
    2340       0
    2341       0
    2342       0
    2343       0
    2344       0
    2345       0
    2346       0
    2347       0
    2348       0
    2349       0
    2350       0
    2351       0
    2352       0
    2353       0
    2354       0
    2355       0
    2356       0
    2357       0
    2358       0
    2359       0
    2360       0
    2361       0
    2362       0
    2363       0
    2364       0
    2365       0
    2366       0
    2367       0
    2368       0
    2369       0
    2370       0
    2371       0
    2372       0
    2373       0
    2374       0
    2375       0
    2376       0
    2377       0
    2378       0
    2379       0
    2380       0
    2381       0
    2382       0
    2383       0
    2384       0
    2386       0
    2387       0
    2388       0
    2389       0
    2391       0
    2392       0
    2393       0
    2394       0
    2395       0
    2396       0
    2397       0
    2398       0
    2399       0
    2400       0
    2401       0
    2402       0
    2403       0
    2404       0
    2405       0
    2406       0
    2407       0
    2408       0
    2409       0
    2410       0
    2411       0
    2412       0
    2413       0
    2414       0
    2415       0
    2416       0
    2417       0
    2418       0
    2419       0
    2420       0
    2421       0
    2422       0
    2423       0
    2424       0
    2425       0
    2427       0
    2428       0
    2429       0
    2430       0
    2431       0
    2432       0
    2433       0
    2434       0
    2435       0
    2436       0
    2437       0
    2438       0
    2439       0
    2440       0
    2441       0
    2442       0
    2443       0
    2444       0
    2445       0
    2446       0
    2447       0
    2449       0
    2450       0
    2451       0
    2452       0
    2453       0
    2454       0
    2455       0
    2458       0
    2459       0
    2460       0
    2461       0
    2462       0
    2463       0
    2464       0
    2464       1
    2465       0
    2466       0
    2467       0
    2468       0
    2469       0
    2469       1
    2470       0
    2470       1
    2471       0
    2472       0
    2473       0
    2474       0
    2475       0
    2476       0
    2477       0
    2478       0
    2479       0
    2480       0
    2481       0
    2482       0
    2484       0
    2485       0
    2486       0
    2487       0
    2488       0
    2489       0
    2490       0
    2491       0
    2492       0
    2600       0
    2600       1
    2601       0
    2602       0
    2603       0
    2604       0
    2604       1
    2605       0
    2605       1
    2606       0
    2606       1
    2607       0
    2608       0
    2608       1
    2609       0
    2609       1
    2610       0
    2610       1
    2611       0
    2611       1
    2612       0
    2612       1
    2613       0
    2615       0
    2616       0
    2616       1
    2617       0
    2617       1
    2618       0
    2619       0
    2619       1
    2620       0
    2620       1
    2621       0
    2621       1
    2621       2
    2621       3
    2621       4
    2621       0
    2692       0
    2693       0
    2694       0
    2695       0
    2696       0
    2697       0
    2698       0
    2699       0
    3800       0
    3801       0
    3802       0
    3803       0
    3804       0
    3805       0
    3806       0
    3807       0
    3808       0
    3809       0
    3810       0
    3811       0
    3812       0
    3813       0
    3814       0
    3887       0
    3888       0
    3889       0
    3890       0
    3891       0
    3892       0
    3893       0
    3894       0
    3895       0
    3896       0
    3897       0
    3900       0
    3901       0
    3902       0
    3903       0
    3904       0
    3905       0
    3906       0
    3907       0
    3908       0
    3909       0
    3910       0
    3911       0
    3912       0
    3913       0
    3914       0
    3915       0
    3916       0
    3917       0
    3918       0
    3919       0
    3920       0
    3922       0
    3923       0
    3924       0
    3925       0
    3926       0
    3929       0
    3931       0
    3932       0
    3933       0
    3934       0
    3935       0
    3936       0
    3937       0
    3938       0
    3939       0
    3940       0
    3941       0
    3942       0
    3943       0
    3944       0
    3945       0
    3946       0
    3947       0
    3948       0
    3949       0
    3950       0
    3951       0
    3952       0
    3953       0
    3954       0
    3955       0
    3956       0
    3957       0
    3958       0
    3959       0
    3960       0
    3961       0
    3962       0
    3963       0
    3966       0
    3967       0
    3968       0
    3969       0
    3970       0
    3971       0
    3972       0
    3973       0
    3974       0
    3975       0
    3977       0
    3978       0
    3979       0
    3980       0
    3982       0
    4096       0
    4097       0
    4098       0
    4099       0
    2696       1
    2697       0
    2698       0
    2698       1
    2699       0
    3800       0
    3800       1
    3801       0
    3802       0
    3803       0
    3804       0
    3805       0
    3805       1
    3806       0
    3806       1
    3807       0
    3807       1
    3808       0
    3808       1
    3809       0
    3809       1
    3809       2
    3810       0
    3810       1
    3811       0
    3811       1
    3812       0
    3812       1
    3813       0
    3814       0
    3814       1
    3887       0
    3888       0
    3889       0
    3889       1
    3890       0
    3890       1
    3891       0
    3891       1
    3892       0
    3892       1
    3893       0
    3893       1
    3894       0
    3894       1
    3895       0
    3896       0
    3896       1
    3897       0
    3897       1
    3900       0
    3900       1
    3901       0
    3901       1
    3902       0
    3902       1
    3903       0
    3903       1
    3904       0
    3904       1
    3904       2
    3905       0
    3905       1
    3906       0
    3907       0
    3907       1
    3908       0
    3908       1
    3909       0
    3909       1
    3910       0
    3911       0
    3912       0
    3912       1
    3912       2
    3913       0
    3913       1
    3914       0
    3914       1
    3915       0
    3916       0
    3916       1
    3917       0
    3917       1
    3918       0
    3918       1
    3919       0
    3919       1
    3920       0
    3920       1
    3922       0
    3923       0
    3923       1
    3924       0
    3925       0
    3926       0
    3926       1
    3929       0
    3929       1
    3931       0
    3932       0
    3933       0
    3934       0
    3934       1
    3935       0
    3935       1
    3936       0
    3937       0
    3937       1
    3938       0
    3939       0
    3939       1
    3940       0
    3940       1
    3941       0
    3942       0
    3943       0
    3944       0
    3944       1
    3945       0
    3945       1
    3946       0
    3946       1
    3947       0
    3947       1
    3948       0
    3948       1
    3949       0
    3949       1
    3950       0
    3950       1
    3951       0
    3951       1
    3952       0
    3953       0
    3954       0
    3955       0
    3955       1
    3956       0
    3956       1
    3957       0
    3957       1
    3958       0
    3958       1
    3959       0
    3959       1
    3960       0
    3960       1
    3961       0
    3962       0
    3962       1
    3963       0
    3966       0
    3966       1
    3967       0
    3967       1
    3968       0
    3968       1
    3969       0
    3970       0
    3970       1
    3971       0
    3971       1
    3972       0
    3972       1
    3972       2
    3973       0
    3974       0
    3975       0
    3977       0
    3978       0
    3979       0
    3979       1
    3980       0
    3980       1
    3982       0
    3982       1
    4096       0
    4097       0
    4097       1
    4098       0
    4098       1
    4099       0
    4099       1
