Tue Dec 16 07:12:41 2014
***Comparison of 'width_t' data***
*Chaston file: /SPENCEdata2/Research/Cusp/database/current_db/dflux_6535_0
*Dart file: /SPENCEdata2/software/sdt/batch_jobs/Alfven_study/as5_14F/batch_output/for_Chaston_AGU_mtg/Dartmouth_as5_startstop_dflux_6535_0
(Two data points on same line ==> identical time of occurrence of max FAC corresponding to data)
Current threshold: 5 microA/m^2

      Chaston orig             Dartmouth                   Chast ind     Dart ind
0                              0.312500                                  0   
1                              0.437500                                  1   
2                              0.546875                                  2   
3                              0.500000                                  3   
4                              0.218750                                  4   
5                              0.367188                                  5   
6                              0.351562                                  6   
7                              0.468750                                  7   
8                              0.890625                                  8   
9                              0.171875                                  9   
10                             0.312500                                  10  
11                             0.835938                                  11  
12                             0.828125                                  12  
13                             0.187500                                  13  
14                             0.859375                                  14  
15                             0.250000                                  15  
16                             1.02344                                   16  
17                             0.195312                                  17  
18                             0.289062                                  18  
19                             0.343750                                  19  
20                             0.750000                                  20  
21                             0.406250                                  21  
22                             0.718750                                  22  
23                             0.367188                                  23  
24                             0.859375                                  24  
25                             0.796875                                  25  
26                             0.398438                                  26  
27                             0.445312                                  27  
28    0.875000                                             0   
29    0.617188                                             1   
30    0.500000                                             2   
31                             0.484375                                  28  
32                             1.40625                                   29  
33                             0.492188                                  30  
34    0.476562                                             3   
35    0.695312                                             4   
36                             0.679688                                  31  
37    0.554688                                             5   
38                             0.351562                                  32  
39    0.796875                                             6   
40   !0.281250               , 0.773438               ,    7             33  
41    0.414062                                             8   
42                             0.976562                                  34  
43    0.390625                                             9   
44   !0.937500               , 0.992188               ,    10            35  
45    1.24219                                              11  
46    0.453125                                             12  
47    0.859375                                             13  
48                             0.695312                                  36  
49    0.687500                                             14  
50    0.695312                                             15  
51                             0.710938                                  37  
52   !0.421875               , 0.437500               ,    16            38  
53    0.781250                                             17  
54                             0.226562                                  39  
55   !0.468750               , 0.375000               ,    18            40  
56   !0.328125               , 0.320312               ,    19            41  
57    0.453125                                             20  
58                             0.445312                                  42  
59    0.414062                                             21  
60                             0.414062                                  43  
61                             0.414062                                  44  
62    0.468750                                             22  
63                             0.234375                                  45  
64    0.468750                                             23  
65                             0.429688                                  46  
66    0.773438                                             24  
67   !0.882812               , 0.976562               ,    25            47  
68                             0.804688                                  48  
69    0.156250                                             26  
70    0.500000                                             27  
71    0.148438                                             28  
72                             0.148438                                  49  
73   !0.0859375              , 0.0937500              ,    29            50  
74    0.164062                                             30  
75                             0.359375                                  51  
76   !0.320312               , 0.218750               ,    31            52  
77   !0.187500               , 0.132812               ,    32            53  
78    0.289062                                             33  
79                             0.257812                                  54  
80   !0.234375               , 0.257812               ,    34            55  
81   !0.203125               , 0.179688               ,    35            56  
82   !0.234375               , 0.359375               ,    36            57  
83    0.273438                                             37  
84                             0.179688                                  58  
85    0.343750                                             38  
86   !0.234375               , 0.125000               ,    39            59  
87    0.179688                                             40  
88                             0.398438                                  60  
89    0.195312                                             41  
90    0.226562                                             42  
91                             0.210938                                  61  
92                             0.515625                                  62  
93    0.351562                                             43  
94                             0.171875                                  63  
95                             0.171875                                  64  
96    0.281250                                             44  
97                             0.312500                                  65  
98                             0.328125                                  66  
99    0.242188                                             45  
100                            0.257812                                  67  
101  !0.304688               , 0.304688               ,    46            68  
102  !0.0781250              , 0.0703125              ,    47            69  
103  !0.109375               , 0.117188               ,    48            70  
104  !0.132812               , 0.132812               ,    49            71  
105  !0.109375               , 0.132812               ,    50            72  
106   0.468750                                             51  
107                            0.468750                                  73  
108  !0.164062               , 0.164062               ,    52            74  
109  !0.101562               , 0.117188               ,    53            75  
110   0.351562                                             54  
111                            0.343750                                  76  
112  !0.351562               , 0.343750               ,    55            77  
113  !0.101562               , 0.101562               ,    56            78  
114   0.257812                                             57  
115  !0.273438               , 0.570312               ,    58            79  
116   0.265625                                             59  
117                            0.281250                                  80  
118   0.273438                                             60  
119                            0.226562                                  81  
120  !0.0937500              , 0.117188               ,    61            82  
121                            0.101562                                  83  
122   0.125000                                             62  
123  !0.250000               , 0.226562               ,    63            84  
124   0.0859375                                            64  
125  !0.343750               , 0.359375               ,    65            85  
126                            0.460938                                  86  
127  !0.148438               , 0.179688               ,    66            87  
128  !0.281250               , 0.398438               ,    67            88  
129   0.218750                                             68  
130  !0.0937500              , 0.226562               ,    69            89  
131   0.234375                                             70  
132                            0.242188                                  90  
133                            0.0625000                                 91  
134  !0.445312               , 0.476562               ,    71            92  
135   0.226562                                             72  
136   0.210938                                             73  
137                            0.640625                                  93  
138  !0.421875               , 0.421875               ,    74            94  
139  !0.148438               , 0.156250               ,    75            95  
140   0.164062                                             76  
141                            0.156250                                  96  
142   0.132812                                             77  
143                            0.132812                                  97  
144   0.156250                                             78  
145                            0.140625                                  98  
146  !0.210938               , 0.210938               ,    79            99  
147                            0.0937500                                 100 
148                            0.320312                                  101 
149   0.437500                                             80  
150  !0.109375               , 0.101562               ,    81            102 
151  !0.312500               , 0.148438               ,    82            103 
152   0.375000                                             83  
153  !0.156250               , 0.171875               ,    84            104 
154  !0.171875               , 0.148438               ,    85            105 
155                            0.148438                                  106 
156   0.164062                                             86  
157  !0.125000               , 0.125000               ,    87            107 
158                            0.101562                                  108 
159   0.335938                                             88  
160                            0.320312                                  109 
161   0.390625                                             89  
162                            0.382812                                  110 
163  !0.101562               , 0.109375               ,    90            111 
164   0.164062                                             91  
165                            0.101562                                  112 
166   0.421875                                             92  
167                            0.242188                                  113 
168  !0.320312               , 0.156250               ,    93            114 
169   0.148438                                             94  
170  !0.179688               , 0.257812               ,    95            115 
171   0.273438                                             96  
172   0.273438                                             97  
173                            0.414062                                  116 
174   0.148438                                             98  
175                            0.156250                                  117 
176  !0.484375               , 0.421875               ,    99            118 
177  !0.203125               , 0.218750               ,    100           119 
178  !0.117188               , 0.281250               ,    101           120 
179  !0.226562               , 0.234375               ,    102           121 
180  !0.148438               , 0.125000               ,    103           122 
181  !0.281250               , 0.140625               ,    104           123 
182                            0.367188                                  124 
183   0.125000                                             105 
184                            0.109375                                  125 
185   0.0703125                                            106 
186  !0.101562               , 0.109375               ,    107           126 
187  !0.109375               , 0.0781250              ,    108           127 
188  !0.156250               , 0.250000               ,    109           128 
189   0.156250                                             110 
190                            0.109375                                  129 
191   0.0781250                                            111 
192  !0.171875               , 0.234375               ,    112           130 
193  !0.171875               , 0.117188               ,    113           131 
194  !0.117188               , 0.117188               ,    114           132 
195  !0.125000               , 0.125000               ,    115           133 
196   0.242188                                             116 
197                            0.234375                                  134 
198   0.304688                                             117 
199                            0.304688                                  135 
200  !0.359375               , 0.367188               ,    118           136 
201  !0.343750               , 0.156250               ,    119           137 
202                            0.171875                                  138 
203                            0.140625                                  139 
204   0.164062                                             120 
205   0.164062                                             121 
206   0.164062                                             122 
207   0.164062                                             123 
208   0.125000                                             124 
209   0.382812                                             125 
210                            0.351562                                  140 
211                            0.210938                                  141 
212   0.210938                                             126 
213   0.210938                                             127 
214                            0.187500                                  142 
215   0.101562                                             128 
216  !0.0859375              , 0.0859375              ,    129           143 
217   0.203125                                             130 
218                            0.210938                                  144 
219  !0.148438               , 0.156250               ,    131           145 
220   0.218750                                             132 
221                            0.218750                                  146 
222  !0.187500               , 0.171875               ,    133           147 
223   0.195312                                             134 
224                            0.187500                                  148 
225   0.304688                                             135 
226                            0.164062                                  149 
227                            0.171875                                  150 
228                            0.843750                                  151 
229   0.906250                                             136 
230   0.343750                                             137 
231  !0.343750               , 0.312500               ,    138           152 
232                            0.453125                                  153 
233  !0.296875               , 0.109375               ,    139           154 
234                            0.781250                                  155 
235   0.351562                                             140 
236   0.867188                                             141 
237                            0.796875                                  156 
238  !0.0859375              , 0.101562               ,    142           157 
239  !0.203125               , 0.195312               ,    143           158 
240  !0.296875               , 0.289062               ,    144           159 
241  !0.0937500              , 0.109375               ,    145           160 
242  !0.468750               , 0.453125               ,    146           161 
243  !0.179688               , 0.171875               ,    147           162 
244   0.0937500                                            148 
245   0.343750                                             149 
246                            0.359375                                  163 
247  !0.140625               , 0.171875               ,    150           164 
248  !0.109375               , 0.281250               ,    151           165 
249  !0.0937500              , 0.0937500              ,    152           166 
250                            0.171875                                  167 
251   0.140625                                             153 
252                            0.132812                                  168 
253   0.101562                                             154 
254  !0.109375               , 0.109375               ,    155           169 
255  !0.148438               , 0.421875               ,    156           170 
256   0.187500                                             157 
257                            0.171875                                  171 
258   0.226562                                             158 
259                            0.406250                                  172 
260                            0.0859375                                 173 
261  !0.320312               , 0.320312               ,    159           174 
262  !0.0859375              , 0.0859375              ,    160           175 
263                            0.0859375                                 176 
264  !0.187500               , 0.179688               ,    161           177 
265                            0.0937500                                 178 
266   0.359375                                             162 
267  !0.148438               , 0.148438               ,    163           179 
268   0.476562                                             164 
269  !0.421875               , 0.335938               ,    165           180 
270   0.203125                                             166 
271                            0.187500                                  181 
272                            0.156250                                  182 
273   0.281250                                             167 
274   0.210938                                             168 
275                            0.195312                                  183 
276  !0.140625               , 0.140625               ,    169           184 
277                            0.250000                                  185 
278                            0.546875                                  186 
279  !0.171875               , 0.125000               ,    170           187 
280                            0.148438                                  188 
281  !0.164062               , 0.140625               ,    171           189 
282                            0.195312                                  190 
283   0.195312                                             172 
284  !0.140625               , 0.132812               ,    173           191 
285  !0.265625               , 0.289062               ,    174           192 
286   0.0781250                                            175 
287                            0.0937500                                 193 
288   0.125000                                             176 
289                            0.109375                                  194 
290  !0.171875               , 0.164062               ,    177           195 
291  !0.109375               , 0.515625               ,    178           196 
292   0.0859375                                            179 
293   0.296875                                             180 
294   0.156250                                             181 
295                            0.132812                                  197 
296  !0.132812               , 0.140625               ,    182           198 
297   0.132812                                             183 
298                            0.156250                                  199 
299  !0.156250               , 0.140625               ,    184           200 
300  !0.179688               , 0.164062               ,    185           201 
301   0.195312                                             186 
302   0.320312                                             187 
303                            0.328125                                  202 
304  !0.398438               , 0.460938               ,    188           203 
305   0.125000                                             189 
306                            0.132812                                  204 
307                            0.101562                                  205 
308  !0.203125               , 0.203125               ,    190           206 
309  !0.382812               , 0.382812               ,    191           207 
310   0.117188                                             192 
311                            0.0937500                                 208 
312  !0.109375               , 0.117188               ,    193           209 
313  !0.265625               , 0.250000               ,    194           210 
314  !0.164062               , 0.187500               ,    195           211 
315  !0.484375               , 0.468750               ,    196           212 
316   0.0937500                                            197 
317                            0.0937500                                 213 
318                            0.0781250                                 214 
319  !0.0937500              , 0.101562               ,    198           215 
320                            0.0703125                                 216 
321                            0.414062                                  217 
322   0.125000                                             199 
323                            0.109375                                  218 
324                            0.414062                                  219 
325  !0.125000               , 0.117188               ,    200           220 
326                            0.234375                                  221 
327   0.171875                                             201 
328   0.171875                                             202 
329   0.367188                                             203 
330   0.320312                                             204 
331                            0.351562                                  222 
332  !0.140625               , 0.171875               ,    205           223 
333  !0.437500               , 0.445312               ,    206           224 
334   0.117188                                             207 
335  !0.148438               , 0.140625               ,    208           225 
336                                 0.757812                             226 
337                                 0.468750                             227 
338                                 0.242188                             228 
339                                 0.156250                             229 
340                                 0.242188                             230 
341                                 0.359375                             231 
342                                 0.226562                             232 
343                                 0.187500                             233 
344                                 0.406250                             234 
345                                 0.304688                             235 
346                                 0.328125                             236 
347                                 0.101562                             237 
348                                 0.226562                             238 
349                                 0.148438                             239 
350                                 0.203125                             240 
351                                 0.343750                             241 
352                                 0.296875                             242 
353                                 0.117188                             243 
354                                0.0937500                             244 
355                                0.0859375                             245 
356                                 0.218750                             246 
357                                 0.257812                             247 
358                                 0.117188                             248 
359                                 0.101562                             249 
360                                 0.109375                             250 
361                                 0.164062                             251 
362                                 0.257812                             252 
363                                 0.203125                             253 
364                                 0.171875                             254 
365                                0.0859375                             255 
366                                0.0781250                             256 
367                                 0.109375                             257 
368                                0.0546875                             258 
369                                 0.234375                             259 
370                                 0.164062                             260 
371                                 0.109375                             261 
372                                 0.187500                             262 
373                                 0.265625                             263 
374                                 0.289062                             264 
375                                 0.156250                             265 
376                                 0.343750                             266 
377                                 0.148438                             267 

Current threshold: 5 microA/m^2

Chaston events above cur_thresh              = 84
Line numbers of qualifying Chaston events    : 37    70    78    89    96    106   110   116   122   124   
                                               135   136   142   144   149   156   166   174   183   191   
                                               198   204   205   208   212   213   217   220   251   256   
                                               270   274   286   292   294   297   301   302   305   322   
                                               327   328   329   330   
Time of Chaston events                       : 1998-04-17/10:53:55.863  1998-04-17/11:08:03.488  1998-04-17/11:08:06.972  
                                               1998-04-17/11:08:13.113  1998-04-17/11:08:18.417  1998-04-17/11:08:20.308  
                                               1998-04-17/11:08:21.175  1998-04-17/11:08:22.519  1998-04-17/11:08:23.222  
                                               1998-04-17/11:08:23.605  1998-04-17/11:08:26.449  1998-04-17/11:08:26.785  
                                               1998-04-17/11:08:27.847  1998-04-17/11:08:28.089  1998-04-17/11:08:28.714  
                                               1998-04-17/11:08:30.292  1998-04-17/11:08:32.308  1998-04-17/11:08:35.644  
                                               1998-04-17/11:08:37.730  1998-04-17/11:08:38.457  1998-04-17/11:08:39.652  
                                               1998-04-17/11:08:42.082  1998-04-17/11:08:42.738  1998-04-17/11:08:43.269  
                                               1998-04-17/11:08:45.175  1998-04-17/11:08:45.675  1998-04-17/11:08:46.464  
                                               1998-04-17/11:08:46.753  1998-04-17/11:09:03.730  1998-04-17/11:09:04.738  
                                               1998-04-17/11:09:08.839  1998-04-17/11:09:09.378  1998-04-17/11:09:13.417  
                                               1998-04-17/11:09:13.941  1998-04-17/11:09:14.363  1998-04-17/11:09:15.175  
                                               1998-04-17/11:09:19.027  1998-04-17/11:09:19.816  1998-04-17/11:09:21.628  
                                               1998-04-17/11:09:29.410  1998-04-17/11:09:31.222  1998-04-17/11:09:31.855  
                                               1998-04-17/11:09:32.566  1998-04-17/11:09:33.113  

Dartmouth events above cur_thresh            = 110
Line numbers of qualifying Dartmouth events  : 5     7     8     11    13    14    15    16    17    24    
                                               25    79    94    97    98    107   111   117   133   137   
                                               143   145   147   148   155   158   165   175   184   199   
                                               211   214   218   221   226   250   252   257   259   260   
                                               263   271   272   275   287   295   298   306   318   320   
                                               321   323   324   331   337   340   341   343   347   349   
                                               350   351   355   357   365   367   369   371   373   376   
Time of Dartmouth events                     : 1998-04-17/10:52:07.392  1998-04-17/10:52:08.204  1998-04-17/10:52:11.634  
                                               1998-04-17/10:52:13.290  1998-04-17/10:52:14.829  1998-04-17/10:52:16.306  
                                               1998-04-17/10:52:16.767  1998-04-17/10:52:17.728  1998-04-17/10:52:18.837  
                                               1998-04-17/10:52:30.704  1998-04-17/10:52:32.790  1998-04-17/11:08:07.064  
                                               1998-04-17/11:08:17.423  1998-04-17/11:08:18.462  1998-04-17/11:08:18.837  
                                               1998-04-17/11:08:20.329  1998-04-17/11:08:21.361  1998-04-17/11:08:22.540  
                                               1998-04-17/11:08:25.892  1998-04-17/11:08:26.806  1998-04-17/11:08:27.868  
                                               1998-04-17/11:08:28.111  1998-04-17/11:08:28.431  1998-04-17/11:08:28.665  
                                               1998-04-17/11:08:30.275  1998-04-17/11:08:30.564  1998-04-17/11:08:31.767  
                                               1998-04-17/11:08:35.665  1998-04-17/11:08:37.751  1998-04-17/11:08:39.681  
                                               1998-04-17/11:08:45.072  1998-04-17/11:08:45.845  1998-04-17/11:08:46.486  
                                               1998-04-17/11:08:46.775  1998-04-17/11:08:48.306  1998-04-17/11:09:03.556  
                                               1998-04-17/11:09:03.767  1998-04-17/11:09:04.759  1998-04-17/11:09:05.728  
                                               1998-04-17/11:09:05.884  1998-04-17/11:09:06.611  1998-04-17/11:09:08.868  
                                               1998-04-17/11:09:09.095  1998-04-17/11:09:09.400  1998-04-17/11:09:13.439  
                                               1998-04-17/11:09:14.384  1998-04-17/11:09:15.845  1998-04-17/11:09:21.650  
                                               1998-04-17/11:09:25.712  1998-04-17/11:09:27.009  1998-04-17/11:09:28.861  
                                               1998-04-17/11:09:29.673  1998-04-17/11:09:29.900  1998-04-17/11:09:33.329  
                                               1998-04-17/11:09:37.892  1998-04-17/11:09:39.134  1998-04-17/11:09:39.884  
                                               1998-04-17/11:09:40.806  1998-04-17/11:09:44.329  1998-04-17/11:09:45.126  
                                               1998-04-17/11:09:46.587  1998-04-17/11:09:48.345  1998-04-17/11:09:54.298  
                                               1998-04-17/11:09:54.634  1998-04-17/11:09:58.298  1998-04-17/11:09:58.493  
                                               1998-04-17/11:09:58.673  1998-04-17/11:09:59.415  1998-04-17/11:09:59.868  
                                               1998-04-17/11:10:02.587  

Matching events above cur thresh             = 40
Line numbers of qualifying matched events    : 52    55    73    77    82    102   105   108   113   120   
                                               130   139   150   151   153   163   170   177   181   186   
                                               188   193   195   231   233   238   240   243   249   254   
                                               267   281   284   290   308   309   313   315   332   335   
Time of matching events                      : 1998-04-17/10:55:01.986  1998-04-17/10:55:18.134  1998-04-17/11:08:05.329  
                                               1998-04-17/11:08:06.775  1998-04-17/11:08:08.064  1998-04-17/11:08:19.720  
                                               1998-04-17/11:08:20.126  1998-04-17/11:08:20.868  1998-04-17/11:08:21.829  
                                               1998-04-17/11:08:23.064  1998-04-17/11:08:25.556  1998-04-17/11:08:27.556  
                                               1998-04-17/11:08:29.040  1998-04-17/11:08:29.243  1998-04-17/11:08:29.931  
                                               1998-04-17/11:08:31.486  1998-04-17/11:08:34.001  1998-04-17/11:08:36.322  
                                               1998-04-17/11:08:37.236  1998-04-17/11:08:37.923  1998-04-17/11:08:38.189  
                                               1998-04-17/11:08:38.822  1998-04-17/11:08:39.048  1998-04-17/11:08:52.509  
                                               1998-04-17/11:08:53.376  1998-04-17/11:08:58.236  1998-04-17/11:08:58.728  
                                               1998-04-17/11:08:59.767  1998-04-17/11:09:03.118  1998-04-17/11:09:04.212  
                                               1998-04-17/11:09:07.572  1998-04-17/11:09:12.572  1998-04-17/11:09:13.025  
                                               1998-04-17/11:09:13.712  1998-04-17/11:09:22.556  1998-04-17/11:09:23.533  
                                               1998-04-17/11:09:24.767  1998-04-17/11:09:25.189  1998-04-17/11:09:33.728  
                                               1998-04-17/11:09:35.790  

Chaston events   : 209
Dartmouth events : 268
Total matches    : 99
